time_step,time_hours,zone,demand,thermal,nuclear,solar,wind,solar_spill,wind_spill,hydro_release,hydro_ror,hydro_spill,battery_charge,battery_discharge,battery_soc,pumped_charge,pumped_discharge,pumped_level,demand_response,unserved,overgen_spill
0,0.0,R1Z1,45.36842389320077,0.0,0.0,0.0,163.16199032590697,0.0,0.0,0.0,68.55212936694156,0.0,90.0,0.0,129.82283396100325,80.0,0.0,515.7930017892255,0.0,0.0,0.0
0,0.0,R1Z2,64.34995436306824,0.0,0.0,0.0,124.48497522880935,0.0,0.0,0.0,68.55212936694156,0.0,0.0,0.0,97.46291184668362,0.0,0.0,0.0,0.0,0.0,0.0
0,0.0,R1Z3,142.16593274735087,0.0,0.0,0.0,48.16715772817284,0.0,0.0,0.0,34.27606468347078,0.0,0.0,0.0,110.9864753193008,0.0,0.0,0.0,0.0,0.0,0.0
0,0.0,R1Z4,57.54801510034277,0.0,0.0,15.458370827117648,78.469636899965,3.552713678800501e-15,0.0,0.0,68.55212936694156,0.0,0.0,0.0,0.0,0.0,0.0,0.0,0.0,0.0,0.0
0,0.0,R1Z5,87.33757552424179,0.0,0.0,3.3740969471126405,60.16682096970964,-3.1086244689504383e-15,0.0,0.0,68.55212936694156,0.0,0.0,0.0,0.0,0.0,0.0,0.0,0.0,0.0,0.0
0,0.0,R1Z6,111.84940635470056,0.0,0.0,1.80375068822827,56.1323963988876,3.1086244689504383e-15,0.0,0.0,0.0,0.0,0.0,0.0,50.99489091282671,0.0,0.0,0.0,0.0,0.0,0.0
0,0.0,R1Z7,106.48774285154308,0.0,0.0,0.0,27.15009625618162,0.0,0.0,0.0,34.27606468347078,0.0,0.0,0.0,65.25259829505156,0.0,0.0,0.0,0.0,0.0,0.0
0,0.0,R1Z8,82.53046226481851,0.0,0.0,1.8618723918154103,165.81494927621088,1.2656542480726785e-14,0.0,0.0,0.0,0.0,0.0,0.0,0.0,0.0,0.0,0.0,0.0,0.0,0.0
0,0.0,R1Z9,120.5445126618346,0.0,0.0,5.711390090750555,126.23591598450729,-8.881784197001252e-15,0.0,0.0,0.0,0.0,0.0,0.0,113.65500662222058,0.0,0.0,0.0,0.0,0.0,0.0
0,0.0,R1Z10,93.37358765050332,0.0,0.0,0.0,50.11692315236252,0.0,0.0,0.0,0.0,0.0,0.0,0.0,116.44922611762374,0.0,0.0,0.0,0.0,0.0,0.0
0,0.0,R2Z1,105.09685628591335,0.0,135.0,2.373122220205161,81.38219882152613,-6.217248937900877e-15,0.0,0.0,0.0,0.0,45.0,0.0,63.76978995088541,80.0,0.0,512.683533544005,0.0,0.0,0.0
0,0.0,R2Z2,81.82680724292172,0.0,135.0,0.7646683323211931,35.08331824164395,-3.219646771412954e-15,0.0,0.0,0.0,0.0,0.0,0.0,58.60937590093926,80.0,0.0,400.20555242540587,0.0,0.0,0.0
0,0.0,R2Z3,100.85541294030183,0.0,0.0,0.0,32.681107568021034,0.0,0.0,0.0,34.27606468347078,0.0,12.68820369612541,0.0,51.459600994974316,0.0,0.0,0.0,0.0,0.0,0.0
0,0.0,R2Z4,126.50440159910929,0.0,0.0,0.0,160.57705563223743,0.0,0.0,0.0,68.55212936694156,0.0,0.0,0.0,0.0,0.0,0.0,0.0,0.0,0.0,0.0
0,0.0,R2Z5,72.09018449408975,0.0,0.0,0.0,97.31110113388684,0.0,0.0,0.0,34.27606468347078,0.0,0.0,0.0,0.0,0.0,0.0,0.0,0.0,0.0,0.0
0,0.0,R2Z6,67.5047400035821,0.0,0.0,2.9916520439704044,78.27500041724892,5.773159728050814e-15,0.0,0.0,68.55212936694156,0.0,90.0,0.0,145.74417177673757,0.0,0.0,0.0,0.0,0.0,0.0
0,0.0,R2Z7,114.44341807031422,0.0,0.0,0.0,45.732663168895236,0.0,0.0,0.0,68.55212936694156,0.0,40.02555173242337,0.0,73.41068038676731,0.0,0.0,0.0,0.0,0.0,0.0
0,0.0,R2Z8,103.56945575833045,0.0,0.0,0.0,37.33849123763788,0.0,0.0,0.0,0.0,0.0,45.0,0.0,77.08048223345043,0.0,0.0,0.0,0.0,0.0,0.0
0,0.0,R2Z9,72.40695555834971,0.0,0.0,0.22168714943995838,218.4732931915169,-8.93729534823251e-15,0.0,0.0,34.27606468347078,0.0,0.0,0.0,59.10155612532546,0.0,0.0,0.0,0.0,0.0,0.0
0,0.0,R3Z1,74.13652241508186,0.0,0.0,0.0,49.947248200052286,0.0,0.0,0.0,0.0,0.0,0.0,0.0,0.0,0.0,0.0,0.0,0.0,0.0,0.0
0,0.0,R3Z2,103.07703803694936,0.0,0.0,17.161575315340414,95.61464890115884,3.552713678800501e-15,0.0,0.0,68.55212936694156,0.0,90.0,0.0,139.2628809596459,0.0,0.0,0.0,0.0,0.0,0.0
0,0.0,R3Z3,126.65321368501004,0.0,0.0,4.032635647767748,69.48419694914281,5.329070518200751e-15,0.0,0.0,34.27606468347078,0.0,0.0,0.0,0.0,0.0,0.0,0.0,0.0,0.0,0.0
0,0.0,R4Z1,93.99672106170063,0.0,135.0,1.8945183442727256,58.18822659389249,-4.440892098500626e-16,0.0,0.0,68.55212936694156,0.0,31.159243044050978,0.0,65.49525319810725,0.0,0.0,0.0,0.0,0.0,0.0
0,0.0,R4Z2,106.59135316386912,0.0,0.0,2.5062641957434018,18.794611987033015,-8.881784197001252e-16,0.0,0.0,68.55212936694156,0.0,90.0,0.0,135.9157735987756,0.0,0.0,0.0,0.0,0.0,0.0
0,0.0,R4Z3,95.27834854401512,0.0,0.0,0.0,65.88800478956294,0.0,0.0,0.0,0.0,0.0,0.0,0.0,0.0,0.0,0.0,0.0,0.0,0.0,0.0
0,0.0,R4Z4,109.70189938361784,0.0,0.0,0.0,55.50490685836209,0.0,0.0,0.0,0.0,0.0,0.0,0.0,0.0,0.0,0.0,0.0,0.0,0.0,0.0
0,0.0,R4Z5,99.40364220423935,0.0,0.0,2.6591756200225944,54.54300951896053,-1.3322676295501878e-15,0.0,0.0,68.55212936694156,0.0,0.0,0.0,0.0,0.0,0.0,0.0,0.0,0.0,0.0
0,0.0,R4Z6,98.38764420764237,0.0,0.0,3.105040119857236,46.86769325956633,-4.440892098500626e-16,0.0,0.0,68.55212936694156,0.0,7.8401842469518215,0.0,108.93263275550102,0.0,0.0,0.0,0.0,0.0,0.0
0,0.0,R4Z7,169.0469907068345,0.0,0.0,0.0,208.67370998966675,0.0,0.0,0.0,68.55212936694156,0.0,0.0,0.0,0.0,0.0,0.0,0.0,0.0,0.0,0.0
0,0.0,R4Z8,80.8346990182388,0.0,0.0,0.0,55.78169830192621,0.0,0.0,0.0,68.55212936694156,0.0,0.0,0.0,0.0,0.0,0.0,0.0,0.0,0.0,0.0
0,0.0,R4Z9,111.457048362344,0.0,0.0,1.2019250150820682,64.59792351061483,4.440892098500626e-15,0.0,0.0,0.0,0.0,0.0,0.0,64.6937423221193,0.0,0.0,0.0,0.0,0.0,0.0
0,0.0,R4Z10,124.41539228598177,0.0,0.0,0.0,42.888934972177324,0.0,0.0,0.0,0.0,0.0,7.666673917141807,0.0,68.07709742005339,0.0,0.0,0.0,0.0,0.0,0.0
0,0.0,R4Z11,141.69282349740888,0.0,0.0,5.183167897777253,63.725332929239,-8.881784197001252e-16,0.0,0.0,34.27606468347078,0.0,45.0,0.0,70.81394658438407,0.0,0.0,0.0,0.0,0.0,0.0
0,0.0,R5Z1,56.966260912278486,0.0,135.0,0.0,62.709325305192266,0.0,0.0,0.0,0.0,0.0,0.0,0.0,50.15487042853296,0.0,0.0,0.0,0.0,0.0,0.0
0,0.0,R5Z2,94.60174054996389,0.0,135.0,0.13949994392579157,39.64465221799052,2.4147350785597155e-15,0.0,0.0,34.27606468347078,0.0,46.35993486360405,0.0,137.08712133916782,0.0,0.0,0.0,0.0,0.0,0.0
0,0.0,R5Z3,114.89619319071473,0.0,0.0,6.15911551788335,189.86017283132807,1.4210854715202004e-14,0.0,0.0,34.27606468347078,0.0,0.0,0.0,101.53336362786527,0.0,0.0,0.0,0.0,0.0,0.0
0,0.0,R5Z4,101.48343116913158,0.0,0.0,4.263752906772712,28.232697664100964,2.6645352591003757e-15,0.0,0.0,68.55212936694156,0.0,0.0,0.0,0.0,0.0,0.0,0.0,0.0,0.0,0.0
0,0.0,R5Z5,91.77153356903834,0.0,0.0,0.43615368948043454,103.85569041030107,-1.7208456881689926e-15,0.0,0.0,34.27606468347078,0.0,45.0,0.0,68.44203745871519,0.0,0.0,0.0,0.0,0.0,0.0
0,0.0,R5Z6,151.03999512851678,0.0,0.0,1.1162394028263805,65.37279431273296,6.661338147750939e-16,0.0,0.0,68.55212936694156,0.0,90.0,0.0,139.12598977626564,0.0,0.0,0.0,0.0,0.0,0.0
0,0.0,R5Z7,88.42462383089266,0.0,0.0,0.0,57.993432056143845,0.0,0.0,0.0,0.0,0.0,45.0,0.0,76.03505477782923,0.0,0.0,0.0,0.0,0.0,0.0
0,0.0,R5Z8,106.27187252440712,0.0,0.0,0.0,54.90206787578877,0.0,0.0,0.0,34.27606468347078,0.0,14.319107370753507,0.0,122.38234056646657,0.0,0.0,0.0,0.0,0.0,0.0
0,0.0,R5Z9,113.81232345476577,0.0,0.0,0.6483527051580893,152.64825285175826,9.325873406851315e-15,0.0,0.0,0.0,0.0,45.0,0.0,73.53561755398914,0.0,0.0,0.0,0.0,0.0,0.0
0,0.0,R6Z1,126.06893547034898,0.0,135.0,0.0,42.79842186032784,0.0,0.0,0.0,0.0,0.0,0.0,0.0,0.0,80.0,0.0,429.54712414503194,0.0,0.0,0.0
0,0.0,R6Z2,136.11102574747534,0.0,135.0,0.0,61.00849321480155,0.0,0.0,0.0,68.55212936694156,0.0,0.0,0.0,95.6923447607952,80.0,0.0,462.0785354411607,0.0,0.0,0.0
0,0.0,R6Z3,83.49937422695422,0.0,0.0,0.0,101.16230131104888,0.0,0.0,0.0,34.27606468347078,0.0,17.683748355013215,0.0,63.70683263094566,0.0,0.0,0.0,0.0,0.0,0.0
0,0.0,R6Z4,122.60189479299024,0.0,0.0,0.0,61.59401699050904,0.0,0.0,0.0,34.27606468347078,0.0,45.0,0.0,66.31052803389534,0.0,0.0,0.0,0.0,0.0,0.0
0,0.0,R7Z1,69.03404814272893,0.0,135.0,3.9607906945391065,16.8661320845569,-8.881784197001252e-16,0.0,0.0,34.27606468347078,0.0,0.0,0.0,0.0,80.0,0.0,392.2516862917869,0.0,0.0,0.0
0,0.0,R7Z2,100.92376449238245,0.0,135.0,13.125344062910173,68.65897655716789,5.329070518200751e-15,0.0,0.0,0.0,0.0,0.0,0.0,120.54573802746106,0.0,0.0,0.0,0.0,0.0,0.0
0,0.0,R7Z3,82.52403490794573,0.0,0.0,3.547066122513719,61.03338749812732,5.773159728050814e-15,0.0,0.0,68.55212936694156,0.0,90.0,0.0,119.56216652481359,0.0,0.0,0.0,0.0,0.0,0.0
0,0.0,R7Z4,146.93770589952146,0.0,0.0,0.8836915675630053,226.75782294527647,-1.0769163338864018e-14,0.0,0.0,34.27606468347078,0.0,45.0,0.0,58.17834456058728,0.0,0.0,0.0,0.0,0.0,0.0
0,0.0,R7Z5,107.40532970076717,0.0,0.0,2.770214115675941,228.52007998552654,-7.549516567451064e-15,0.0,0.0,68.55212936694156,0.0,0.0,0.0,0.0,0.0,0.0,0.0,0.0,0.0,0.0
0,0.0,R7Z6,97.58615760236417,0.0,0.0,3.607064101495716,58.327178182202545,1.3322676295501878e-15,0.0,0.0,68.55212936694156,0.0,0.0,0.0,0.0,0.0,0.0,0.0,0.0,0.0,0.0
0,0.0,R7Z7,84.87066638107281,0.0,0.0,0.0,59.14246407330829,0.0,0.0,0.0,0.0,0.0,45.0,0.0,58.468664640835364,0.0,0.0,0.0,0.0,0.0,0.0
0,0.0,R7Z8,126.36814653871852,0.0,0.0,0.0,56.990351211160046,0.0,0.0,0.0,68.55212936694156,0.0,90.0,0.0,125.00021848589867,0.0,0.0,0.0,0.0,0.0,0.0
0,0.0,R7Z9,122.60435224029229,0.0,0.0,4.485207820366625,63.53098491188548,5.329070518200751e-15,0.0,0.0,68.55212936694156,0.0,5.837797855778561,0.0,59.51949874402377,0.0,0.0,0.0,0.0,0.0,0.0
0,0.0,R8Z1,125.13489998140624,0.0,135.0,7.629906138452455,36.325060360660984,3.552713678800501e-15,0.0,0.0,34.27606468347078,0.0,0.0,0.0,63.00605066392741,80.0,0.0,470.90504694553323,0.0,0.0,0.0
0,0.0,R8Z2,124.74010430924537,0.0,135.0,0.0,47.02371385506599,0.0,0.0,0.0,34.27606468347078,0.0,0.0,0.0,105.28573335292224,0.0,0.0,0.0,0.0,0.0,0.0
0,0.0,R8Z3,52.39640491067793,0.0,0.0,0.0,96.69239189112713,0.0,0.0,0.0,34.27606468347078,0.0,90.0,0.0,150.7580057881675,0.0,0.0,0.0,0.0,0.0,0.0
0,0.0,R8Z4,99.62722352025065,0.0,0.0,0.0,3.933690287310425,0.0,0.0,0.0,0.0,0.0,0.0,0.0,0.0,0.0,0.0,0.0,0.0,0.0,0.0
0,0.0,R8Z5,80.40273985441534,0.0,0.0,0.0,128.3875749154148,0.0,0.0,0.0,34.27606468347078,0.0,45.0,0.0,74.99449717496461,0.0,0.0,0.0,0.0,0.0,0.0
0,0.0,R8Z6,113.19355893319593,0.0,0.0,4.967739591308334,4.438297240984916,0.0,0.0,0.0,34.27606468347078,0.0,0.0,0.0,0.0,0.0,0.0,0.0,0.0,0.0,0.0
0,0.0,R8Z7,96.39508703121399,0.0,0.0,0.0,49.98025311911,0.0,0.0,0.0,0.0,0.0,0.0,0.0,58.16091775473784,0.0,0.0,0.0,0.0,0.0,0.0
0,0.0,R8Z8,141.2020157886829,0.0,0.0,4.517699074570658,168.20608189817435,-8.881784197001252e-16,0.0,0.0,34.27606468347078,0.0,13.332409797803493,0.0,66.14677916543482,0.0,0.0,0.0,0.0,0.0,0.0
0,0.0,R9Z1,103.9975652046387,0.0,135.0,0.2810879998514899,25.23984815672877,-1.1657341758564144e-15,0.0,0.0,34.27606468347078,0.0,0.0,0.0,0.0,80.0,0.0,439.46289148149197,0.0,0.0,0.0
0,0.0,R9Z2,125.75315388027585,0.0,135.0,3.0711324517047984,80.67342529586325,4.440892098500626e-16,0.0,0.0,34.27606468347078,0.0,17.511236119243005,0.0,58.260933520485004,80.0,0.0,434.53049001993764,0.0,0.0,0.0
0,0.0,R9Z3,127.32566040476803,0.0,0.0,0.0,46.30786023331541,0.0,0.0,0.0,68.55212936694156,0.0,72.5701289426431,0.0,114.01472541537473,0.0,0.0,0.0,0.0,0.0,0.0
0,0.0,R9Z4,123.6556086413452,0.0,0.0,2.9649422384684385,140.3904352673554,9.325873406851315e-15,0.0,0.0,34.27606468347078,0.0,45.0,0.0,62.32339080990147,0.0,0.0,0.0,0.0,0.0,0.0
0,0.0,R9Z5,94.35044023092716,0.0,0.0,0.0,136.13434174666114,0.0,0.0,0.0,34.27606468347078,0.0,0.0,0.0,108.66080712484568,0.0,0.0,0.0,0.0,0.0,0.0
0,0.0,R9Z6,104.84196342652524,0.0,0.0,2.031552482536995,37.4723844018899,3.552713678800501e-15,0.0,0.0,34.27606468347078,0.0,50.476231540503306,0.0,129.88636669457404,0.0,0.0,0.0,0.0,0.0,0.0
0,0.0,R9Z7,105.24690526880559,0.0,0.0,0.0,55.17677738781128,0.0,0.0,0.0,0.0,0.0,45.0,0.0,66.54433427389648,0.0,0.0,0.0,0.0,0.0,0.0
0,0.0,R9Z8,106.34231972952304,0.0,0.0,0.0,47.15903443747345,0.0,0.0,0.0,34.27606468347078,0.0,0.0,0.0,50.90978418901966,0.0,0.0,0.0,0.0,0.0,0.0
0,0.0,R9Z9,87.76813746558261,0.0,0.0,0.3297039426767938,38.228483342385424,1.1657341758564144e-15,0.0,0.0,0.0,0.0,0.0,0.0,120.20562032201384,0.0,0.0,0.0,0.0,0.0,0.0
0,0.0,R9Z10,66.28987204692098,0.0,0.0,2.9716112227762324,147.8028860286442,-5.329070518200751e-15,0.0,0.0,0.0,0.0,0.0,0.0,0.0,0.0,0.0,0.0,0.0,0.0,0.0
0,0.0,R9Z11,150.26829657717897,0.0,0.0,0.9986961081968957,187.1518782791918,-7.216449660063518e-15,0.0,0.0,0.0,0.0,90.0,0.0,140.07462209674554,0.0,0.0,0.0,0.0,0.0,0.0
0,0.0,R10Z1,84.17462365496833,0.0,0.0,2.820896135533445,95.88582917578938,-2.6645352591003757e-15,0.0,0.0,0.0,0.0,45.0,0.0,60.599654611668164,80.0,0.0,370.89416530115943,0.0,0.0,0.0
0,0.0,R10Z2,77.28124381996463,0.0,0.0,3.745798638900709,202.44206629214096,-1.2434497875801753e-14,0.0,0.0,0.0,0.0,0.0,0.0,125.12097545499066,80.0,0.0,441.83494215713955,0.0,0.0,0.0
0,0.0,R10Z3,113.9613990246191,0.0,0.0,2.326861995798126,81.49719904740206,5.773159728050814e-15,0.0,0.0,0.0,0.0,45.0,0.0,70.31621320293169,0.0,0.0,0.0,0.0,0.0,0.0
0,0.0,R10Z4,137.49986351156505,0.0,0.0,1.607159577443774,26.714579246083503,4.440892098500626e-16,0.0,0.0,68.55212936694156,0.0,45.0,0.0,65.69284188779157,0.0,0.0,0.0,0.0,0.0,0.0
0,0.0,R10Z5,70.89292321387451,0.0,0.0,0.673506196246862,85.91974209268191,-2.886579864025407e-15,0.0,0.0,68.55212936694156,0.0,0.0,0.0,0.0,0.0,0.0,0.0,0.0,0.0,0.0
0,0.0,R10Z6,102.51110598319022,0.0,0.0,6.991610526522095,48.12395355481851,0.0,0.0,0.0,68.55212936694156,0.0,0.0,0.0,48.7331044865621,0.0,0.0,0.0,0.0,0.0,0.0
0,0.0,R10Z7,118.60932493550061,0.0,0.0,0.0,130.00129236206757,0.0,0.0,0.0,68.55212936694156,0.0,0.0,0.0,62.596910576854036,0.0,0.0,0.0,0.0,0.0,0.0
0,0.0,R10Z8,93.67545024698265,0.0,0.0,0.0,46.88245641281809,0.0,0.0,0.0,0.0,0.0,45.0,0.0,70.85306931669916,0.0,0.0,0.0,0.0,0.0,0.0
0,0.0,R10Z9,123.22519228958534,0.0,0.0,0.0,79.80841942901216,0.0,0.0,0.0,34.27606468347078,0.0,0.0,0.0,0.0,0.0,0.0,0.0,0.0,0.0,0.0
0,0.0,R11Z1,134.10911422258124,0.0,135.0,0.0,209.87448263733552,0.0,0.0,0.0,68.55212936694156,0.0,90.0,0.0,138.01205131090887,0.0,0.0,0.0,0.0,0.0,0.0
0,0.0,R11Z2,98.57073171641052,0.0,135.0,0.0,40.88832778906264,0.0,0.0,0.0,34.27606468347078,0.0,45.0,0.0,59.637753166496324,0.0,0.0,0.0,0.0,0.0,0.0
0,0.0,R11Z3,127.13869757417696,0.0,0.0,0.0,67.8779189409848,0.0,0.0,0.0,34.27606468347078,0.0,0.0,0.0,0.0,0.0,0.0,0.0,0.0,0.0,0.0
0,0.0,R11Z4,150.31010107496024,0.0,0.0,1.6739547273993054,114.57348184409769,-6.217248937900877e-15,0.0,0.0,0.0,0.0,45.0,0.0,70.18404472698433,0.0,0.0,0.0,0.0,0.0,0.0
0,0.0,R11Z5,69.73979710735557,0.0,0.0,0.5679583452701671,30.87032997267582,-3.3306690738754696e-16,0.0,0.0,34.27606468347078,0.0,45.0,0.0,77.46655478684764,0.0,0.0,0.0,0.0,0.0,0.0
0,0.0,R11Z6,115.65305568346926,0.0,0.0,0.49666074877364963,129.21498703014475,-1.149080830487037e-14,0.0,0.0,0.0,0.0,0.0,0.0,0.0,0.0,0.0,0.0,0.0,0.0,0.0
0,0.0,R11Z7,96.28606773328698,0.0,0.0,0.0,61.58984680938731,1.3618394685728765,25.02663001993764,0.0,34.27606468347078,0.0,0.0,0.0,0.0,0.0,0.0,0.0,0.0,0.0,0.0
0,0.0,R11Z8,89.17086669664518,0.0,0.0,0.4728749887160717,108.79850328967919,1.609823385706477e-15,0.0,0.0,34.27606468347078,0.0,90.0,0.0,137.8660144053066,0.0,0.0,0.0,0.0,0.0,0.0
0,0.0,R12Z1,85.81119051871158,0.0,135.0,0.0,157.92936324875583,0.0,0.0,0.0,68.55212936694156,0.0,90.0,0.0,117.23402297663307,0.0,0.0,0.0,0.0,0.0,0.0
0,0.0,R12Z2,109.99851877247926,0.0,135.0,0.0,112.24426419121355,0.0,0.0,0.0,34.27606468347078,0.0,45.0,0.0,76.57539098927325,0.0,0.0,0.0,0.0,0.0,0.0
0,0.0,R12Z3,87.18486025373127,0.0,0.0,0.0,44.16618841545095,0.0,0.0,0.0,34.27606468347078,0.0,73.86632090065706,0.0,133.64310943710475,0.0,0.0,0.0,0.0,0.0,0.0
0,0.0,R12Z4,106.00222764223848,0.0,0.0,0.0,45.367737817898906,0.0,0.0,0.0,0.0,0.0,0.0,0.0,0.0,0.0,0.0,0.0,0.0,0.0,0.0
0,0.0,R12Z5,122.13493226771345,0.0,0.0,2.4615368112936693,100.98761803174533,6.661338147750939e-15,0.0,0.0,0.0,0.0,90.0,0.0,129.507938709016,0.0,0.0,0.0,0.0,0.0,0.0
0,0.0,R12Z6,96.11115529538667,0.0,0.0,3.2539111006332178,130.74551389141612,8.881784197001252e-16,0.0,0.0,0.0,0.0,0.0,0.0,0.0,0.0,0.0,0.0,0.0,0.0,0.0
0,0.0,R12Z7,72.73561705980936,0.0,0.0,13.157116210411587,121.04608948827006,5.329070518200751e-15,0.0,0.0,68.55212936694156,0.0,0.0,0.0,0.0,0.0,0.0,0.0,0.0,0.0,0.0
0,0.0,R12Z8,138.03044427204233,0.0,0.0,0.0,65.52194562684235,0.0,0.0,0.0,0.0,0.0,45.0,0.0,62.331716910210076,0.0,0.0,0.0,0.0,0.0,0.0
0,0.0,R12Z9,109.83216120064775,0.0,0.0,0.0,114.45114902639513,0.0,0.0,0.0,68.55212936694156,0.0,90.0,0.0,143.17779994885728,0.0,0.0,0.0,0.0,0.0,0.0
1,0.25,R1Z1,62.60542920253705,0.0,0.0,0.0,142.31959022558317,0.0,0.0,0.0,36.994381148485296,0.0,90.0,0.0,151.36026835989583,80.0,0.0,534.0053576051,0.0,0.0,0.0
1,0.25,R1Z2,89.69052050263561,0.0,0.0,4.816073810950257,92.33438640263117,6.217248937900877e-15,0.0,0.0,36.994381148485296,0.0,0.0,0.0,97.35392615076246,0.0,0.0,0.0,0.0,0.0,0.0
1,0.25,R1Z3,159.99206044183995,0.0,0.0,1.9579506421473098,59.90019597858576,-8.881784197001252e-16,0.0,0.0,18.497190574242648,0.0,0.0,71.53811292239607,92.3036253237979,0.0,0.0,0.0,0.0,0.0,0.0
1,0.25,R1Z4,81.82915479147145,0.0,0.0,3.752234654115398,72.36806039639393,6.661338147750939e-15,0.0,0.0,36.994381148485296,0.0,0.0,0.0,0.0,0.0,0.0,0.0,0.0,0.0,0.0
1,0.25,R1Z5,113.33864507389056,0.0,0.0,2.2562498312138857,29.722728991270206,-4.440892098500626e-16,0.0,0.0,36.994381148485296,0.0,0.0,0.0,0.0,0.0,0.0,0.0,0.0,0.0,0.0
1,0.25,R1Z6,104.30481387200982,0.0,0.0,3.4279941618417666,81.99225786355765,-3.9968028886505635e-15,0.0,0.0,0.0,0.0,0.0,0.0,50.93786702990292,0.0,0.0,0.0,0.0,0.0,0.0
1,0.25,R1Z7,112.06370110928923,0.0,0.0,0.2811887749337316,43.89393676715833,2.7200464103316335e-15,0.0,0.0,18.497190574242648,0.0,0.0,45.0,53.5055268519829,0.0,0.0,0.0,0.0,0.0,0.0
1,0.25,R1Z8,64.49171916762174,0.0,0.0,5.091586655399851,129.3070737434897,-7.105427357601002e-15,0.0,0.0,0.0,0.0,0.0,0.0,0.0,0.0,0.0,0.0,0.0,0.0,0.0
1,0.25,R1Z9,102.80264235227187,0.0,0.0,1.28394452977534,173.43629255669208,7.549516567451064e-15,0.0,0.0,0.0,0.0,0.0,50.442567319733236,100.4418747697968,0.0,0.0,0.0,0.0,0.0,0.0
1,0.25,R1Z10,86.81699482394983,0.0,0.0,0.0,33.070942732468865,0.0,0.0,0.0,0.0,0.0,0.0,79.83753786079956,95.60719304590654,0.0,0.0,0.0,0.0,0.0,0.0
1,0.25,R2Z1,97.18500493610074,0.0,135.0,0.0,129.18162303895275,0.0,0.0,0.0,0.0,0.0,14.902399223276577,0.0,67.28873469850834,80.0,0.0,530.8985563907785,0.0,0.0,0.0
1,0.25,R2Z2,99.84998223317639,0.0,135.0,1.9954571934772858,54.455851693456204,1.3322676295501878e-15,0.0,0.0,0.0,0.0,17.47248301427668,0.0,62.75327020736913,80.0,0.0,418.5170490829579,0.0,0.0,0.0
1,0.25,R2Z3,112.44502126649651,0.0,0.0,7.700582620493165,40.7505807953095,1.7763568394002505e-15,0.0,0.0,18.497190574242648,0.0,0.0,0.0,51.40205746051597,0.0,0.0,0.0,0.0,0.0,0.0
1,0.25,R2Z4,137.5721518054164,0.0,0.0,0.11740970661725214,106.24509080765094,-4.163336342344337e-16,0.0,0.0,36.994381148485296,0.0,0.0,0.0,0.0,0.0,0.0,0.0,0.0,0.0,0.0
1,0.25,R2Z5,87.42166581241624,0.0,0.0,0.0,158.45032195069075,0.0,0.0,0.0,18.497190574242648,0.0,0.0,0.0,0.0,0.0,0.0,0.0,0.0,0.0,0.0
1,0.25,R2Z6,66.51780630468652,0.0,0.0,0.0,74.73771308974105,0.0,0.0,0.0,36.994381148485296,0.0,38.36340109898375,0.0,154.8236244868168,0.0,0.0,0.0,0.0,0.0,0.0
1,0.25,R2Z7,112.62546924546507,0.0,0.0,0.0,80.0,0.0,0.0,0.0,36.994381148485296,0.0,0.0,0.0,73.32859055445671,0.0,0.0,0.0,0.0,0.0,0.0
1,0.25,R2Z8,135.55965179906602,0.0,0.0,0.0,38.440464011356546,0.0,0.0,0.0,0.0,0.0,21.26113430376789,0.0,82.11647533867477,0.0,0.0,0.0,0.0,0.0,0.0
1,0.25,R2Z9,75.29040055443393,0.0,0.0,2.966284658300509,160.60517839328068,-5.773159728050814e-15,0.0,0.0,18.497190574242648,0.0,17.501802964698577,0.0,63.25196376156028,0.0,0.0,0.0,0.0,0.0,0.0
1,0.25,R3Z1,79.65179739168397,0.0,0.0,0.0,63.330076674204946,0.0,0.0,0.0,0.0,0.0,0.0,0.0,0.0,0.0,0.0,0.0,0.0,0.0,0.0
1,0.25,R3Z2,97.33093783420952,0.0,0.0,0.0,185.11996034095478,0.0,0.0,0.0,36.994381148485296,0.0,0.0,0.0,139.1071533940541,0.0,0.0,0.0,0.0,0.0,0.0
1,0.25,R3Z3,155.63510251078898,0.0,0.0,0.0,48.36544579581621,0.0,0.0,0.0,18.497190574242648,0.0,0.0,0.0,0.0,0.0,0.0,0.0,0.0,0.0,0.0
1,0.25,R4Z1,106.81868107968872,0.0,135.0,3.4997118826915,50.70069627836263,2.220446049250313e-15,0.0,0.0,36.994381148485296,0.0,18.859634537606084,0.0,69.96563708059078,0.0,0.0,0.0,0.0,0.0,0.0
1,0.25,R4Z2,138.27262927261128,0.0,0.0,10.072182588030138,38.59360876413162,1.7763568394002505e-15,0.0,0.0,36.994381148485296,0.0,0.0,50.62993070519525,122.62914248768901,0.0,0.0,0.0,0.0,0.0,0.0
1,0.25,R4Z3,105.48491673598674,0.0,0.0,4.847965939622604,59.92914165927339,3.552713678800501e-15,0.0,0.0,0.0,0.0,0.0,0.0,0.0,0.0,0.0,0.0,0.0,0.0,0.0
1,0.25,R4Z4,100.73364904985145,0.0,0.0,4.608136275417486,53.95659099576115,2.6645352591003757e-15,0.0,0.0,0.0,0.0,0.0,0.0,0.0,0.0,0.0,0.0,0.0,0.0,0.0
1,0.25,R4Z5,106.80698269552809,0.0,0.0,3.525391775332615,37.74256401762134,-3.1086244689504383e-15,0.0,0.0,36.994381148485296,0.0,0.0,0.0,0.0,0.0,0.0,0.0,0.0,0.0,0.0
1,0.25,R4Z6,97.40070252903607,0.0,0.0,3.5473244346817943,30.700349538858003,2.6645352591003757e-15,0.0,0.0,36.994381148485296,0.0,0.0,0.0,108.810821303694,0.0,0.0,0.0,0.0,0.0,0.0
1,0.25,R4Z7,120.04522150937787,0.0,0.0,0.0,147.62620845389773,0.0,0.0,0.0,36.994381148485296,0.0,0.0,0.0,0.0,0.0,0.0,0.0,0.0,0.0,0.0
1,0.25,R4Z8,111.11851329855527,0.0,0.0,0.0,52.58380865926672,0.0,0.0,0.0,36.994381148485296,0.0,0.0,0.0,0.0,0.0,0.0,0.0,0.0,0.0,0.0
1,0.25,R4Z9,115.86730161964324,0.0,0.0,3.4009784724977266,67.92873139867449,-5.773159728050814e-15,0.0,0.0,0.0,0.0,0.0,0.0,64.62140000856508,0.0,0.0,0.0,0.0,0.0,0.0
1,0.25,R4Z10,111.36526448009593,0.0,0.0,0.0,101.47595068009663,0.0,0.0,0.0,0.0,0.0,0.0,0.0,68.00097174621463,0.0,0.0,0.0,0.0,0.0,0.0
1,0.25,R4Z11,140.59384688732618,0.0,0.0,3.6858623831424495,51.006615965326674,3.1086244689504383e-15,0.0,0.0,18.497190574242648,0.0,0.0,0.0,70.7347604908928,0.0,0.0,0.0,0.0,0.0,0.0
1,0.25,R5Z1,71.69782253366674,0.0,135.0,9.443502895319838,62.02255886015995,1.7763568394002505e-15,0.0,0.0,0.0,0.0,45.0,0.0,60.94008880227095,0.0,0.0,0.0,0.0,0.0,0.0
1,0.25,R5Z2,99.50365755419641,0.0,135.0,2.4251779999403595,34.93788002518551,-3.552713678800501e-15,0.0,0.0,18.497190574242648,0.0,0.0,0.0,136.93382676754166,0.0,0.0,0.0,0.0,0.0,0.0
1,0.25,R5Z3,108.49391582190181,0.0,0.0,4.002997432599457,93.07345268584652,-3.552713678800501e-15,0.0,0.0,18.497190574242648,0.0,0.0,0.0,101.41982624134017,0.0,0.0,0.0,0.0,0.0,0.0
1,0.25,R5Z4,90.32055143045467,0.0,0.0,0.0,58.62639965447067,0.0,0.0,0.0,36.994381148485296,0.0,0.0,0.0,0.0,0.0,0.0,0.0,0.0,0.0,0.0
1,0.25,R5Z5,122.52459131413876,0.0,0.0,0.9225860229256284,54.96216823903129,-2.7755575615628914e-15,0.0,0.0,18.497190574242648,0.0,0.0,0.0,68.36550369893551,0.0,0.0,0.0,0.0,0.0,0.0
1,0.25,R5Z6,123.45094620195408,0.0,0.0,1.6123325460768,78.19677662315014,4.218847493575595e-15,0.0,0.0,36.994381148485296,0.0,35.25196688433568,0.0,147.46324309983692,0.0,0.0,0.0,0.0,0.0,0.0
1,0.25,R5Z7,73.81186297266225,0.0,0.0,0.5062766771606633,27.98958860396268,2.220446049250313e-16,0.0,0.0,0.0,0.0,0.0,0.0,75.95003029823641,0.0,0.0,0.0,0.0,0.0,0.0
1,0.25,R5Z8,114.49654861204155,0.0,0.0,0.7048946851147377,93.86668773766714,-3.4416913763379853e-15,0.0,0.0,18.497190574242648,0.0,7.985640570204637,0.0,124.16937258219596,0.0,0.0,0.0,0.0,0.0,0.0
1,0.25,R5Z9,84.99233376778575,0.0,0.0,1.0008951263279187,136.280363071773,-1.5543122344752192e-15,0.0,0.0,0.0,0.0,0.0,0.0,73.4533880135182,0.0,0.0,0.0,0.0,0.0,0.0
1,0.25,R6Z1,113.06374122282254,0.0,135.0,0.0,54.439753080661255,0.0,0.0,0.0,0.0,0.0,0.0,0.0,0.0,80.0,0.0,447.83345415921195,0.0,0.0,0.0
1,0.25,R6Z2,148.18186795211696,0.0,135.0,11.886830651238462,20.01566485660242,-1.7763568394002505e-15,0.0,0.0,36.994381148485296,0.0,90.0,0.0,117.26794480697998,80.0,0.0,480.3369628455453,0.0,0.0,0.0
1,0.25,R6Z3,105.1294322701868,0.0,0.0,0.0,40.23547121595564,0.0,0.0,0.0,18.497190574242648,0.0,0.0,0.0,63.63559390682321,0.0,0.0,0.0,0.0,0.0,0.0
1,0.25,R6Z4,118.32008819126706,0.0,0.0,0.0,163.10642171765386,0.0,0.0,0.0,18.497190574242648,0.0,0.0,0.0,66.23637778630123,0.0,0.0,0.0,0.0,0.0,0.0
1,0.25,R7Z1,87.68145407413434,0.0,135.0,0.0,207.40338576579376,0.0,0.0,0.0,18.497190574242648,0.0,0.0,0.0,0.0,80.0,0.0,410.5700050826018,0.0,0.0,0.0
1,0.25,R7Z2,96.83801694781327,0.0,135.0,8.502231754883162,31.467178215467655,0.0,0.0,0.0,0.0,0.0,90.0,0.0,142.09354632897245,0.0,0.0,0.0,0.0,0.0,0.0
1,0.25,R7Z3,82.21807225526047,0.0,0.0,5.609959934302736,150.63946868737474,-1.7763568394002505e-15,0.0,0.0,36.994381148485296,0.0,0.0,0.0,119.42846883737897,0.0,0.0,0.0,0.0,0.0,0.0
1,0.25,R7Z4,126.3808954214312,0.0,0.0,6.726642679047238,43.11418374382872,-1.7763568394002505e-15,0.0,0.0,18.497190574242648,0.0,0.0,0.0,58.11328794315878,0.0,0.0,0.0,0.0,0.0,0.0
1,0.25,R7Z5,125.65316506145982,0.0,0.0,0.0,87.05572724714588,0.0,0.0,0.0,36.994381148485296,0.0,0.0,0.0,0.0,0.0,0.0,0.0,0.0,0.0,0.0
1,0.25,R7Z6,81.58414111937293,0.0,0.0,3.561475991652074,87.97830513523927,-4.440892098500626e-16,0.0,0.0,36.994381148485296,0.0,0.0,0.0,0.0,0.0,0.0,0.0,0.0,0.0,0.0
1,0.25,R7Z7,109.21067942640883,0.0,0.0,0.0,87.6423679940266,0.0,0.0,0.0,0.0,0.0,0.0,0.0,58.4032833795461,0.0,0.0,0.0,0.0,0.0,0.0
1,0.25,R7Z8,124.39563665107,0.0,0.0,4.106037101177861,105.93988582327277,-4.440892098500626e-15,0.0,0.0,36.994381148485296,0.0,0.0,0.0,124.86043981990301,0.0,0.0,0.0,0.0,0.0,0.0
1,0.25,R7Z9,108.03606826137779,0.0,0.0,0.8497602653479817,142.53292929751166,-1.3655743202889425e-14,0.0,0.0,36.994381148485296,0.0,3.7239548214309366,0.0,60.35010957327121,0.0,0.0,0.0,0.0,0.0,0.0
1,0.25,R8Z1,92.79489243732777,0.0,135.0,1.5598192449150758,86.27717182535713,-4.440892098500626e-15,0.0,0.0,18.497190574242648,0.0,0.0,0.0,62.93559557338328,79.55435923083587,0.0,489.0519872281113,0.0,0.0,0.0
1,0.25,R8Z2,82.22861454534235,0.0,135.0,0.0,41.86789138223864,0.0,0.0,0.0,18.497190574242648,0.0,0.0,0.0,105.16799996385537,0.0,0.0,0.0,0.0,0.0,0.0
1,0.25,R8Z3,74.93682911079578,0.0,0.0,0.0,37.83201213146164,0.0,0.0,0.0,18.497190574242648,0.0,0.0,0.0,150.5894240593315,0.0,0.0,0.0,0.0,0.0,0.0
1,0.25,R8Z4,92.80128722017415,0.0,0.0,0.0,81.72796571127984,0.0,0.0,0.0,0.0,0.0,0.0,0.0,0.0,0.0,0.0,0.0,0.0,0.0,0.0
1,0.25,R8Z5,115.67956336705566,0.0,0.0,0.0,68.0645515724162,0.0,0.0,0.0,18.497190574242648,0.0,0.0,0.0,74.91063627536694,0.0,0.0,0.0,0.0,0.0,0.0
1,0.25,R8Z6,147.56414910226042,0.0,0.0,0.0,45.71732323999547,0.0,0.0,0.0,18.497190574242648,0.0,0.0,0.0,0.0,0.0,0.0,0.0,0.0,0.0,0.0
1,0.25,R8Z7,101.58054683730047,0.0,0.0,4.74432307814622,31.843989250005098,3.552713678800501e-15,0.0,0.0,0.0,0.0,0.0,0.0,58.09588062444068,0.0,0.0,0.0,0.0,0.0,0.0
1,0.25,R8Z8,142.81918309209587,0.0,0.0,1.1250895780069925,148.2161444839101,-9.325873406851315e-15,0.0,0.0,18.497190574242648,0.0,0.0,0.0,66.07281202630782,0.0,0.0,0.0,0.0,0.0,0.0
1,0.25,R9Z1,105.45958946980747,0.0,135.0,0.6571304086442815,29.854774975400655,-7.771561172376096e-16,0.0,0.0,18.497190574242648,0.0,0.0,0.0,0.0,78.61913459900005,0.0,457.4187202391084,0.0,0.0,0.0
1,0.25,R9Z2,108.88794548519184,0.0,135.0,1.2365046147473322,117.81357080695797,-3.1086244689504383e-15,0.0,0.0,18.497190574242648,0.0,0.0,0.0,58.19578454982081,80.0,0.0,452.8125457371247,0.0,0.0,0.0
1,0.25,R9Z3,138.4986174475952,0.0,0.0,0.0,58.90008025637481,0.0,0.0,0.0,36.994381148485296,0.0,0.0,0.0,113.88723102844116,0.0,0.0,0.0,0.0,0.0,0.0
1,0.25,R9Z4,129.32130452474362,0.0,0.0,0.28145661042536574,120.85960365587964,-4.9960036108132044e-15,0.0,0.0,18.497190574242648,0.0,0.0,0.0,62.25369908829286,0.0,0.0,0.0,0.0,0.0,0.0
1,0.25,R9Z5,102.82268219261007,0.0,0.0,0.0,181.3240016527412,0.0,0.0,0.0,18.497190574242648,0.0,0.0,0.0,108.5392996358997,0.0,0.0,0.0,0.0,0.0,0.0
1,0.25,R9Z6,118.52889337375765,0.0,0.0,2.1688273803819627,49.75570997698927,2.6645352591003757e-15,0.0,0.0,18.497190574242648,0.0,0.0,0.0,129.74112420390082,0.0,0.0,0.0,0.0,0.0,0.0
1,0.25,R9Z7,90.68936997307418,0.0,0.0,0.0,44.129692275501775,0.0,0.0,0.0,0.0,0.0,0.0,0.0,66.46992257776473,0.0,0.0,0.0,0.0,0.0,0.0
1,0.25,R9Z8,100.79631204328295,0.0,0.0,0.0,55.101854732307885,0.0,0.0,0.0,18.497190574242648,0.0,0.0,0.0,50.85285547476408,0.0,0.0,0.0,0.0,0.0,0.0
1,0.25,R9Z9,100.91666077553137,0.0,0.0,0.7358417417086649,27.80771198860431,-3.3306690738754696e-16,0.0,0.0,0.0,0.0,0.0,0.0,120.07120310692963,0.0,0.0,0.0,0.0,0.0,0.0
1,0.25,R9Z10,93.42228668364405,0.0,0.0,0.0,88.27372547054242,0.0,0.0,0.0,0.0,0.0,0.0,0.0,0.0,0.0,0.0,0.0,0.0,0.0,0.0
1,0.25,R9Z11,147.068128126213,0.0,0.0,0.0,128.9159867064662,0.0,0.0,0.0,0.0,0.0,0.0,0.0,139.91798681999407,0.0,0.0,0.0,0.0,0.0,0.0
1,0.25,R10Z1,94.02630160540299,0.0,0.0,0.0,86.36720277558409,0.0,0.0,0.0,0.0,0.0,0.0,0.0,60.53189041906099,80.0,0.0,389.230802712368,0.0,0.0,0.0
1,0.25,R10Z2,74.72251328251669,0.0,0.0,0.0,133.08011510985182,0.0,0.0,0.0,0.0,0.0,0.0,0.0,124.98106175524664,71.31152332953423,0.0,458.0847148693158,0.0,0.0,0.0
1,0.25,R10Z3,119.99688113618107,0.0,0.0,8.61245783597667,84.24605233642711,-3.552713678800501e-15,0.0,0.0,0.0,0.0,0.0,0.0,70.23758368853223,0.0,0.0,0.0,0.0,0.0,0.0
1,0.25,R10Z4,142.65963472708367,0.0,0.0,0.0,39.746207305540814,0.0,0.0,0.0,36.994381148485296,0.0,0.0,0.0,65.61938235375425,0.0,0.0,0.0,0.0,0.0,0.0
1,0.25,R10Z5,73.58242978517873,0.0,0.0,2.42341081014051,103.14378031968424,8.881784197001252e-16,0.0,0.0,36.994381148485296,0.0,0.0,0.0,0.0,0.0,0.0,0.0,0.0,0.0,0.0
1,0.25,R10Z6,78.11151608541864,0.0,0.0,0.0,26.970303618832258,0.0,0.0,0.0,36.994381148485296,0.0,0.0,0.0,48.678609795133006,0.0,0.0,0.0,0.0,0.0,0.0
1,0.25,R10Z7,129.7054529203597,0.0,0.0,0.0,60.51393651231942,0.0,0.0,0.0,36.994381148485296,0.0,0.0,0.0,62.526912997954845,0.0,0.0,0.0,0.0,0.0,0.0
1,0.25,R10Z8,114.79833124602473,0.0,0.0,0.0,45.33908330470088,0.0,0.0,0.0,0.0,0.0,0.0,0.0,70.7738394750977,0.0,0.0,0.0,0.0,0.0,0.0
1,0.25,R10Z9,107.58555006962862,0.0,0.0,0.0,49.44605344969946,0.0,0.0,0.0,18.497190574242648,0.0,0.0,0.0,0.0,0.0,0.0,0.0,0.0,0.0,0.0
1,0.25,R11Z1,131.43250572865352,0.0,135.0,0.0,99.55842228071164,0.0,0.0,0.0,36.994381148485296,0.0,0.0,0.0,137.85772245726977,0.0,0.0,0.0,0.0,0.0,0.0
1,0.25,R11Z2,103.2943602665554,0.0,135.0,0.9910012358444611,27.788648945044436,7.771561172376096e-16,0.0,0.0,18.497190574242648,0.0,0.744189134604369,0.0,59.750353039306226,0.0,0.0,0.0,0.0,0.0,0.0
1,0.25,R11Z3,124.53192653593064,0.0,0.0,2.0948612269065094,36.04671922039395,0.0,0.0,0.0,18.497190574242648,0.0,0.0,0.0,0.0,0.0,0.0,0.0,0.0,0.0,0.0
1,0.25,R11Z4,134.11579878874088,0.0,0.0,0.0,140.81793096941183,0.0,0.0,0.0,0.0,0.0,0.0,0.0,70.10556300699255,0.0,0.0,0.0,0.0,0.0,0.0
1,0.25,R11Z5,71.15457452303485,0.0,0.0,0.0,37.53513338361251,0.0,0.0,0.0,18.497190574242648,0.0,45.0,0.0,88.22123248752168,0.0,0.0,0.0,0.0,0.0,0.0
1,0.25,R11Z6,96.90310314565805,0.0,0.0,0.0,81.10555929372636,0.0,0.0,0.0,0.0,0.0,0.0,0.0,0.0,0.0,0.0,0.0,0.0,0.0,0.0
1,0.25,R11Z7,120.63889405133895,0.0,0.0,0.0,43.23746384292016,0.0,0.0,0.0,18.497190574242648,0.0,0.0,0.0,0.0,0.0,0.0,0.0,0.0,0.0,0.0
1,0.25,R11Z8,110.4798805320497,0.0,0.0,0.0,89.37908905526682,0.0,0.0,0.0,18.497190574242648,0.0,19.739930766970865,0.0,142.46755039011248,0.0,0.0,0.0,0.0,0.0,0.0
1,0.25,R12Z1,83.62372285377943,0.0,135.0,10.466833454529109,118.50873424518116,-1.2434497875801753e-14,0.0,0.0,36.994381148485296,0.0,6.177327024013302,0.0,118.59115698349423,0.0,0.0,0.0,0.0,0.0,0.0
1,0.25,R12Z2,102.96345590650422,0.0,135.0,0.0,131.3428266599861,0.0,0.0,0.0,18.497190574242648,0.0,0.0,0.0,76.48976229093793,0.0,0.0,0.0,0.0,0.0,0.0
1,0.25,R12Z3,83.14623389893246,0.0,0.0,5.093828221751238,39.92587244724169,2.6645352591003757e-15,0.0,0.0,18.497190574242648,0.0,84.66491997667899,0.0,153.8909559293859,0.0,0.0,0.0,0.0,0.0,0.0
1,0.25,R12Z4,100.22756361750515,0.0,0.0,0.0,57.42006627964549,0.0,0.0,0.0,0.0,0.0,0.0,0.0,0.0,0.0,0.0,0.0,0.0,0.0,0.0
1,0.25,R12Z5,147.96922383280642,0.0,0.0,3.052644864629613,58.89731718897997,3.552713678800501e-15,0.0,0.0,0.0,0.0,0.0,0.0,129.3631193868751,0.0,0.0,0.0,0.0,0.0,0.0
1,0.25,R12Z6,100.6112869596489,0.0,0.0,0.43547069842600195,154.3518985160916,-2.6645352591003757e-15,0.0,0.0,0.0,0.0,0.0,0.0,0.0,0.0,0.0,0.0,0.0,0.0,0.0
1,0.25,R12Z7,75.8511558951511,0.0,0.0,6.519211921097593,89.14750442955608,-7.105427357601002e-15,0.0,0.0,36.994381148485296,0.0,0.0,0.0,0.0,0.0,0.0,0.0,0.0,0.0,0.0
1,0.25,R12Z8,156.03547870633196,0.0,0.0,7.661558337413922,78.61190840677904,2.6645352591003757e-15,0.0,0.0,0.0,0.0,45.0,0.0,73.10331880089021,0.0,0.0,0.0,0.0,0.0,0.0
1,0.25,R12Z9,118.6168914971625,0.0,0.0,0.0,100.16093114687678,0.0,0.0,0.0,36.994381148485296,0.0,0.0,0.0,143.017694613687,0.0,0.0,0.0,0.0,0.0,0.0
2,0.5,R1Z1,75.62045098836514,0.0,0.0,4.726909579060106,176.2136264439899,1.3322676295501878e-14,0.0,0.0,47.562658417613655,0.0,31.145965069228456,0.0,158.69463187872756,80.0,0.0,552.202092449196,0.0,0.0,0.0
2,0.5,R1Z2,76.03695334934515,0.0,0.0,0.0,157.11887369244042,0.0,0.0,0.0,47.562658417613655,0.0,0.0,0.0,97.24506232562976,0.0,0.0,0.0,0.0,0.0,0.0
2,0.5,R1Z3,172.99866039184656,0.0,0.0,8.14685210953121,158.44819364746394,-3.552713678800501e-15,0.0,0.0,23.781329208806827,0.0,78.36401752928077,0.0,111.07969893395097,0.0,0.0,0.0,0.0,0.0,0.0
2,0.5,R1Z4,85.24080510373857,0.0,0.0,0.0,147.64981193326497,0.0,0.0,0.0,47.562658417613655,0.0,0.0,0.0,0.0,0.0,0.0,0.0,0.0,0.0,0.0
2,0.5,R1Z5,91.94162542467402,0.0,0.0,4.5441943748992095,27.562314597305114,-2.6645352591003757e-15,0.0,0.0,47.562658417613655,0.0,0.0,0.0,0.0,0.0,0.0,0.0,0.0,0.0,0.0
2,0.5,R1Z6,116.24596060991126,0.0,0.0,4.625691883973289,92.55060215062548,-5.329070518200751e-15,0.0,0.0,0.0,0.0,0.0,0.0,50.880906912645926,0.0,0.0,0.0,0.0,0.0,0.0
2,0.5,R1Z7,108.37070139794201,0.0,0.0,0.0,34.26601247745663,0.0,0.0,0.0,23.781329208806827,0.0,30.305501949856847,0.0,60.74683165977726,0.0,0.0,0.0,0.0,0.0,0.0
2,0.5,R1Z8,72.08186707023053,0.0,0.0,0.8385522975715674,130.4552155415546,-3.4416913763379853e-15,0.0,0.0,0.0,0.0,0.0,0.0,0.0,0.0,0.0,0.0,0.0,0.0,0.0
2,0.5,R1Z9,125.88619997724244,0.0,0.0,6.335675896746096,233.18152127164245,1.7763568394002505e-15,0.0,0.0,0.0,0.0,0.0,0.0,100.32955791599055,0.0,0.0,0.0,0.0,0.0,0.0
2,0.5,R1Z10,95.19943052561376,0.0,0.0,0.0,75.05616683926752,0.0,0.0,0.0,0.0,0.0,0.0,0.0,95.50028246554577,0.0,0.0,0.0,0.0,0.0,0.0
2,0.5,R2Z1,106.01680423244198,0.0,135.0,0.0,28.337958464346727,0.0,0.0,0.0,0.0,0.0,0.0,0.0,67.21349059344497,80.0,0.0,549.0979559782269,0.0,0.0,0.0
2,0.5,R2Z2,91.19500862193195,0.0,135.0,3.8558773183682513,7.238243035486325,-4.440892098500626e-16,0.0,0.0,0.0,0.0,45.0,0.0,73.52440070561298,80.0,0.0,436.81283973435666,0.0,0.0,0.0
2,0.5,R2Z3,101.7245512455099,0.0,0.0,0.0,76.44464480073731,0.0,0.0,0.0,23.781329208806827,0.0,45.0,0.0,62.185881195574986,0.0,0.0,0.0,0.0,0.0,0.0
2,0.5,R2Z4,124.42498179485099,0.0,0.0,2.931761136657343,155.83223382798886,1.2434497875801753e-14,0.0,0.0,47.562658417613655,0.0,0.0,0.0,0.0,0.0,0.0,0.0,0.0,0.0,0.0
2,0.5,R2Z5,90.35822104285268,0.0,0.0,2.3030894588294757,111.09107221279746,-1.7763568394002505e-15,0.0,0.0,23.781329208806827,0.0,0.0,0.0,0.0,0.0,0.0,0.0,0.0,0.0,0.0
2,0.5,R2Z6,80.16696262368593,0.0,0.0,0.0,115.08786383616716,0.0,0.0,0.0,47.562658417613655,0.0,0.0,0.0,154.65049647186194,0.0,0.0,0.0,0.0,0.0,0.0
2,0.5,R2Z7,112.37716887303726,0.0,0.0,4.432806953022876,45.95458112400098,0.0,0.0,0.0,47.562658417613655,0.0,24.939303551844652,0.0,79.25491572809392,0.0,0.0,0.0,0.0,0.0,0.0
2,0.5,R2Z8,121.2286757905976,0.0,0.0,0.0,80.0,0.0,0.0,0.0,0.0,0.0,45.0,0.0,92.86595337090345,0.0,0.0,0.0,0.0,0.0,0.0
2,0.5,R2Z9,66.366096243151,0.0,0.0,0.0,157.95765731252837,0.0,0.0,0.0,23.781329208806827,0.0,0.0,0.0,63.18123368425888,0.0,0.0,0.0,0.0,0.0,0.0
2,0.5,R3Z1,69.0639354988918,0.0,0.0,0.0,80.0,0.0,0.0,0.0,0.0,0.0,0.0,0.0,0.0,0.0,0.0,0.0,0.0,0.0,0.0
2,0.5,R3Z2,56.675460004224796,0.0,0.0,8.82269785236818,226.46217947905933,0.0,0.0,0.0,47.562658417613655,0.0,90.0,0.0,160.63420581281292,0.0,0.0,0.0,0.0,0.0,0.0
2,0.5,R3Z3,127.51698926358996,0.0,0.0,0.2731887418216843,41.85036834571725,2.3869795029440866e-15,0.0,0.0,23.781329208806827,595.9394580021076,0.0,0.0,0.0,0.0,0.0,0.0,0.0,0.0,0.0
2,0.5,R4Z1,131.16475560868503,0.0,135.0,0.9791392360775859,87.06830215786627,3.774758283725532e-15,0.0,0.0,47.562658417613655,0.0,45.0,0.0,80.72870251276977,0.0,0.0,0.0,0.0,0.0,0.0
2,0.5,R4Z2,102.58660880101765,0.0,0.0,8.395534085831823,26.356003485970692,-1.7763568394002505e-15,0.0,0.0,47.562658417613655,0.0,0.0,20.272412811601477,117.23285389982777,0.0,0.0,0.0,0.0,0.0,0.0
2,0.5,R4Z3,112.42291623721809,0.0,0.0,3.2369836786159425,70.56502413085484,-4.440892098500626e-16,0.0,0.0,0.0,595.9394580021076,0.0,0.0,0.0,0.0,0.0,0.0,0.0,0.0,0.0
2,0.5,R4Z4,139.80794538190028,0.0,0.0,0.0,21.908743707844156,0.0,0.0,0.0,0.0,0.0,0.0,0.0,0.0,0.0,0.0,0.0,0.0,0.0,0.0
2,0.5,R4Z5,138.7748182236964,0.0,0.0,0.0,107.82239397249563,0.0,0.0,0.0,47.562658417613655,0.0,0.0,0.0,0.0,0.0,0.0,0.0,0.0,0.0,0.0
2,0.5,R4Z6,94.69698799786417,0.0,0.0,0.0,9.344555404939031,0.0,0.0,0.0,47.562658417613655,0.0,0.0,67.13940662085517,91.27153653330735,0.0,0.0,0.0,0.0,0.0,0.0
2,0.5,R4Z7,146.90507578687064,0.0,0.0,4.129106642176765,72.90108424638628,-1.7763568394002505e-15,0.0,0.0,47.562658417613655,0.0,0.0,0.0,0.0,0.0,0.0,0.0,0.0,0.0,0.0
2,0.5,R4Z8,104.42303063752135,0.0,0.0,0.37170552276427316,20.80864658809901,7.216449660063518e-16,0.0,0.0,47.562658417613655,0.0,0.0,0.0,0.0,0.0,0.0,0.0,0.0,0.0,0.0
2,0.5,R4Z9,102.39751331648921,0.0,0.0,6.623307538810025,106.55447955594273,-1.7763568394002505e-15,0.0,0.0,0.0,0.0,0.0,0.0,64.54913859016611,0.0,0.0,0.0,0.0,0.0,0.0
2,0.5,R4Z10,135.45001304376834,0.0,0.0,2.6544089194858387,46.88331640853989,-4.440892098500626e-16,0.0,0.0,0.0,0.0,0.0,45.0,56.25082699672044,0.0,0.0,0.0,0.0,0.0,0.0
2,0.5,R4Z11,159.66047139889164,0.0,0.0,0.8102708229788789,70.39478632965506,6.217248937900877e-15,0.0,0.0,23.781329208806827,0.0,0.0,45.0,58.98155874399114,0.0,0.0,0.0,0.0,0.0,0.0
2,0.5,R5Z1,84.43635069756031,0.0,135.0,3.432703368416007,39.367298541420226,2.6645352591003757e-15,0.0,0.0,0.0,0.0,0.0,0.0,60.87194392683297,0.0,0.0,0.0,0.0,0.0,0.0
2,0.5,R5Z2,109.38718486650316,0.0,135.0,2.299863396668954,46.695948681069204,-1.3322676295501878e-15,0.0,0.0,23.781329208806827,0.0,0.0,0.0,136.7807036141016,0.0,0.0,0.0,0.0,0.0,0.0
2,0.5,R5Z3,118.1750706075684,0.0,0.0,0.0,171.48335236306568,0.0,0.0,0.0,23.781329208806827,0.0,27.1362072809806,0.0,107.84401233338346,0.0,0.0,0.0,0.0,0.0,0.0
2,0.5,R5Z4,110.06308415998915,0.0,0.0,0.0,34.71752810777993,0.0,0.0,0.0,47.562658417613655,0.0,0.0,0.0,0.0,0.0,0.0,0.0,0.0,0.0,0.0
2,0.5,R5Z5,118.78287649381546,0.0,0.0,0.6163222042849696,99.0585391993186,3.4416913763379853e-15,0.0,0.0,23.781329208806827,0.0,0.0,0.0,68.28905552130101,0.0,0.0,0.0,0.0,0.0,0.0
2,0.5,R5Z6,132.1569947833008,0.0,0.0,0.36902367692943017,89.68699649431359,-5.162537064506978e-15,0.0,0.0,47.562658417613655,0.0,0.0,0.0,147.29834566482785,0.0,0.0,0.0,0.0,0.0,0.0
2,0.5,R5Z7,88.17854119446763,0.0,0.0,0.0,62.21175521337784,0.0,0.0,0.0,0.0,0.0,0.0,0.0,75.86510089534406,0.0,0.0,0.0,0.0,0.0,0.0
2,0.5,R5Z8,117.52945696866043,0.0,0.0,1.133866856010357,81.3910249736227,4.6629367034256575e-15,0.0,0.0,23.781329208806827,0.0,74.96377985049159,0.0,142.09063511515336,0.0,0.0,0.0,0.0,0.0,0.0
2,0.5,R5Z9,127.74689550570436,0.0,0.0,0.0,95.61886924437133,0.0,0.0,0.0,0.0,0.0,0.0,0.0,73.37125042437027,0.0,0.0,0.0,0.0,0.0,0.0
2,0.5,R6Z1,109.71307064368617,0.0,135.0,6.718951019487804,34.61432765571958,2.6645352591003757e-15,0.0,0.0,0.0,0.0,0.0,0.0,0.0,80.0,0.0,466.1040997529923,0.0,0.0,0.0
2,0.5,R6Z2,139.3377936048543,0.0,135.0,9.676732024561336,0.0,0.0,0.0,0.0,47.562658417613655,595.9394580021076,0.0,0.0,117.1368125810709,80.0,0.0,498.57972976195737,0.0,0.0,0.0
2,0.5,R6Z3,99.91390638004886,0.0,0.0,10.241661915033916,31.429358730590394,3.552713678800501e-15,0.0,0.0,23.781329208806827,0.0,0.0,0.0,63.5644348437921,0.0,0.0,0.0,0.0,0.0,0.0
2,0.5,R6Z4,109.91744260033538,0.0,0.0,4.163307514682614,53.850503184233965,8.881784197001252e-16,0.0,0.0,23.781329208806827,0.0,0.0,0.0,66.16231045554372,0.0,0.0,0.0,0.0,0.0,0.0
2,0.5,R7Z1,83.86224368680071,0.0,135.0,8.544963294969804,72.4333091431455,0.0,0.0,0.0,23.781329208806827,0.0,0.0,0.0,0.0,80.0,0.0,428.87261201583203,0.0,0.0,0.0
2,0.5,R7Z2,72.67781100915971,0.0,135.0,0.0,27.18876199810509,0.0,0.0,0.0,0.0,0.0,0.0,0.0,141.9346534358796,0.0,0.0,0.0,0.0,0.0,0.0
2,0.5,R7Z3,80.2625895732054,0.0,0.0,3.4438937695577607,66.66970212289363,-4.884981308350689e-15,0.0,0.0,47.562658417613655,0.0,0.0,0.0,119.29492065435814,0.0,0.0,0.0,0.0,0.0,0.0
2,0.5,R7Z4,108.96691928974775,0.0,0.0,5.2590256048859345,89.34196808572175,1.7763568394002505e-15,0.0,0.0,23.781329208806827,0.0,0.0,0.0,58.0483040738207,0.0,0.0,0.0,0.0,0.0,0.0
2,0.5,R7Z5,135.09768259477022,0.0,0.0,0.0,113.18159967302104,0.0,0.0,0.0,47.562658417613655,0.0,0.0,0.0,0.0,0.0,0.0,0.0,0.0,0.0,0.0
2,0.5,R7Z6,102.80696606699688,0.0,0.0,1.9825157361999537,18.457958943606727,0.0,0.0,0.0,47.562658417613655,0.0,0.0,0.0,0.0,0.0,0.0,0.0,0.0,0.0,0.0
2,0.5,R7Z7,92.44305814046959,0.0,0.0,8.614755261937674,42.79876586372246,0.0,0.0,0.0,0.0,0.0,0.0,0.0,58.33797522937289,0.0,0.0,0.0,0.0,0.0,0.0
2,0.5,R7Z8,128.7236015578397,0.0,0.0,3.4202048509323077,50.030229588405575,3.552713678800501e-15,0.0,0.0,47.562658417613655,0.0,0.0,0.0,124.72081745823783,0.0,0.0,0.0,0.0,0.0,0.0
2,0.5,R7Z9,102.75778943450621,0.0,0.0,0.0,47.468433008671326,0.0,0.0,0.0,47.562658417613655,0.0,0.0,0.0,60.282624428756854,0.0,0.0,0.0,0.0,0.0,0.0
2,0.5,R8Z1,101.58920726639505,0.0,135.0,3.4126543917209915,132.60119186035124,-8.881784197001252e-16,0.0,0.0,23.781329208806827,0.0,0.0,0.0,62.865219267649984,80.0,0.0,507.2872791560424,0.0,0.0,0.0
2,0.5,R8Z2,87.89000236316463,0.0,135.0,0.0,184.4398455566796,0.0,0.0,0.0,23.781329208806827,0.0,80.44834924373956,0.0,124.4318409783209,0.0,0.0,0.0,0.0,0.0,0.0
2,0.5,R8Z3,65.1300546513426,0.0,0.0,2.2764000824099497,76.66013215448876,4.440892098500626e-15,0.0,0.0,23.781329208806827,595.9394580021076,90.0,0.0,172.10363668872324,0.0,0.0,0.0,0.0,0.0,0.0
2,0.5,R8Z4,109.12950110367552,0.0,0.0,0.0,152.99991965134257,0.0,0.0,0.0,0.0,0.0,0.0,0.0,0.0,0.0,0.0,0.0,0.0,0.0,0.0
2,0.5,R8Z5,110.27121488669654,0.0,0.0,0.0,88.04364263031246,0.0,0.0,0.0,23.781329208806827,0.0,0.0,0.0,74.82686915132274,0.0,0.0,0.0,0.0,0.0,0.0
2,0.5,R8Z6,121.81553357015231,0.0,0.0,2.7201585592748643,112.38202565190299,-4.884981308350689e-15,0.0,0.0,23.781329208806827,0.0,0.0,0.0,0.0,0.0,0.0,0.0,0.0,0.0,0.0
2,0.5,R8Z7,78.66961455163762,0.0,0.0,0.0,36.7579415167435,0.0,0.0,0.0,0.0,0.0,17.040500138182125,0.0,62.13627675274067,0.0,0.0,0.0,0.0,0.0,0.0
2,0.5,R8Z8,145.69363362985666,0.0,0.0,0.9381895194155732,77.554634951954,1.9984014443252818e-15,0.0,0.0,23.781329208806827,0.0,6.030275891460543,0.0,67.45172865808608,0.0,0.0,0.0,0.0,0.0,0.0
2,0.5,R9Z1,95.92694039517478,0.0,135.0,0.0,44.84171702984129,0.0,0.0,0.0,23.781329208806827,0.0,0.0,0.0,0.0,80.0,0.0,475.6811444269135,0.0,0.0,0.0
2,0.5,R9Z2,118.44370102618181,0.0,135.0,0.0,93.4208913692261,0.0,0.0,0.0,23.781329208806827,0.0,45.0,0.0,68.97201135328095,80.0,0.0,471.0789207000317,0.0,0.0,0.0
2,0.5,R9Z3,141.2690563975328,0.0,0.0,0.0,47.828307692878774,0.0,0.0,0.0,47.562658417613655,0.0,0.0,0.0,113.75987920922097,0.0,0.0,0.0,0.0,0.0,0.0
2,0.5,R9Z4,124.36185648847518,0.0,0.0,1.7117960930903564,101.89183914707952,2.886579864025407e-15,0.0,0.0,23.781329208806827,0.0,0.0,0.0,62.184085297875036,0.0,0.0,0.0,0.0,0.0,0.0
2,0.5,R9Z5,102.14448079002808,0.0,0.0,0.0,166.374605085614,0.0,0.0,0.0,23.781329208806827,0.0,45.15647117785386,0.0,119.29692764133354,0.0,0.0,0.0,0.0,0.0,0.0
2,0.5,R9Z6,107.1621690187775,0.0,0.0,0.0,57.73851682020207,0.0,0.0,0.0,23.781329208806827,0.0,46.78694945001254,0.0,140.86785505667947,0.0,0.0,0.0,0.0,0.0,0.0
2,0.5,R9Z7,94.47708180511175,0.0,0.0,0.40693355866967096,35.1046536294455,-2.9976021664879227e-15,0.0,0.0,0.0,0.0,0.0,0.0,66.39559409082848,0.0,0.0,0.0,0.0,0.0,0.0
2,0.5,R9Z8,107.98961268766188,0.0,0.0,0.0,58.17893951424959,0.0,0.0,0.0,23.781329208806827,0.0,0.0,0.0,50.7959904197551,0.0,0.0,0.0,0.0,0.0,0.0
2,0.5,R9Z9,109.21203442369443,0.0,0.0,1.36859048596979,36.539601382589446,1.3322676295501878e-15,0.0,0.0,0.0,0.0,0.0,0.0,119.93693620085475,0.0,0.0,0.0,0.0,0.0,0.0
2,0.5,R9Z10,77.17574775430552,0.0,0.0,3.430839314105313,95.77186282390294,7.105427357601002e-15,0.0,0.0,0.0,0.0,0.0,0.0,0.0,0.0,0.0,0.0,0.0,0.0,0.0
2,0.5,R9Z11,149.45651622333833,0.0,0.0,3.2505749123904195,134.54835144924834,5.773159728050814e-15,0.0,0.0,0.0,0.0,0.0,0.0,139.76152669709668,0.0,0.0,0.0,0.0,0.0,0.0
2,0.5,R10Z1,101.82082218750918,0.0,0.0,2.119910750788776,100.58347420296414,4.440892098500626e-16,0.0,0.0,0.0,0.0,0.0,0.0,60.46420200222891,80.0,0.0,407.5517125538756,0.0,0.0,0.0
2,0.5,R10Z2,77.64937416670149,0.0,0.0,9.16045075351164,134.21231745571552,1.4210854715202004e-14,0.0,0.0,0.0,0.0,72.33148983011475,0.0,142.26725100200827,80.0,0.0,476.3465678249624,0.0,0.0,0.0
2,0.5,R10Z3,110.96309225264724,0.0,0.0,0.0,79.74465188008713,0.0,0.0,0.0,0.0,0.0,0.0,0.0,70.1590420998081,0.0,0.0,0.0,0.0,0.0,0.0
2,0.5,R10Z4,158.37458266105617,0.0,0.0,4.199992219592247,58.19720516526964,-3.552713678800501e-15,0.0,0.0,47.562658417613655,0.0,0.0,0.0,65.54600496417869,0.0,0.0,0.0,0.0,0.0,0.0
2,0.5,R10Z5,75.26788792057339,0.0,0.0,0.0,196.88324600696646,0.0,0.0,0.0,47.562658417613655,0.0,0.0,0.0,0.0,0.0,0.0,0.0,0.0,0.0,0.0
2,0.5,R10Z6,85.66031956739562,0.0,0.0,3.496026920753117,48.52966610979781,1.7763568394002505e-15,0.0,0.0,47.562658417613655,0.0,12.663664258974302,0.0,51.67507871546388,0.0,0.0,0.0,0.0,0.0,0.0
2,0.5,R10Z7,130.30425920505274,0.0,0.0,0.0,99.39366677418091,0.0,0.0,0.0,47.562658417613655,0.0,0.0,0.0,62.45699369226443,0.0,0.0,0.0,0.0,0.0,0.0
2,0.5,R10Z8,115.2211067609845,0.0,0.0,0.4461031806563085,70.55284910840321,6.439293542825908e-15,0.0,0.0,0.0,0.0,0.0,0.0,70.69469823047388,0.0,0.0,0.0,0.0,0.0,0.0
2,0.5,R10Z9,148.30679535476332,0.0,0.0,1.9162794066968871,90.61935442922169,5.551115123125783e-15,0.0,0.0,23.781329208806827,0.0,0.0,0.0,0.0,0.0,0.0,0.0,0.0,0.0,0.0
2,0.5,R11Z1,116.57630315378273,0.0,135.0,7.9296345013070635,116.43006646754388,-4.440892098500626e-15,0.0,0.0,47.562658417613655,0.0,0.0,0.0,137.70356617837928,0.0,0.0,0.0,0.0,0.0,0.0
2,0.5,R11Z2,87.78706396626612,0.0,135.0,0.2183773642047413,35.600082282379844,-2.942091015256665e-15,0.0,0.0,23.781329208806827,0.0,0.0,0.0,59.683538558965544,0.0,0.0,0.0,0.0,0.0,0.0
2,0.5,R11Z3,135.32401080368479,0.0,0.0,1.617139230960234,42.000327820432474,-1.1102230246251565e-15,0.0,0.0,23.781329208806827,0.0,0.0,0.0,0.0,0.0,0.0,0.0,0.0,0.0,0.0
2,0.5,R11Z4,124.28180195538421,0.0,0.0,0.0,88.40328922318761,0.0,0.0,0.0,0.0,0.0,29.560284905806142,0.0,77.14876911734159,0.0,0.0,0.0,0.0,0.0,0.0
2,0.5,R11Z5,58.8439055007035,0.0,0.0,0.0,45.78706592324807,0.0,0.0,0.0,23.781329208806827,0.0,0.0,0.0,88.12258109043637,0.0,0.0,0.0,0.0,0.0,0.0
2,0.5,R11Z6,95.90545482172966,0.0,0.0,0.6597113901373177,88.59035438424264,-3.4416913763379853e-15,0.0,0.0,0.0,0.0,0.0,0.0,0.0,0.0,0.0,0.0,0.0,0.0,0.0
2,0.5,R11Z7,107.10973457700143,0.0,0.0,0.0,74.65160451702258,0.0,0.0,0.0,23.781329208806827,0.0,0.0,0.0,0.0,0.0,0.0,0.0,0.0,0.0,0.0
2,0.5,R11Z8,127.01031290167943,0.0,0.0,0.4979344149244582,116.23190080712692,4.773959005888173e-15,0.0,0.0,23.781329208806827,0.0,90.0,0.0,163.9908451209647,0.0,0.0,0.0,0.0,0.0,0.0
2,0.5,R12Z1,115.46572030116509,0.0,135.0,10.788802381160991,63.34579776582527,0.0,0.0,0.0,47.562658417613655,0.0,0.8519890100696306,0.0,118.66380445984248,0.0,0.0,0.0,0.0,0.0,0.0
2,0.5,R12Z2,125.29729100678287,0.0,135.0,1.334376146725873,135.15957649368477,8.659739592076221e-15,0.0,0.0,23.781329208806827,0.0,0.0,0.0,76.40422934495702,0.0,0.0,0.0,0.0,0.0,0.0
2,0.5,R12Z3,101.15543598423203,0.0,0.0,0.29868954344319576,51.42829303145007,5.551115123125783e-17,0.0,0.0,23.781329208806827,0.0,3.3592131117509325,0.0,154.5281652260891,0.0,0.0,0.0,0.0,0.0,0.0
2,0.5,R12Z4,101.5008774906909,0.0,0.0,9.949446889568094,36.10040456777952,0.0,0.0,0.0,0.0,0.0,0.0,0.0,0.0,0.0,0.0,0.0,0.0,0.0,0.0
2,0.5,R12Z5,153.133412509445,0.0,0.0,0.0,21.68430939104335,0.0,0.0,0.0,0.0,0.0,30.79669397104425,0.0,136.6379350803241,0.0,0.0,0.0,0.0,0.0,0.0
2,0.5,R12Z6,95.58667588397742,0.0,0.0,1.761353132524647,141.53570743742432,-1.354472090042691e-14,0.0,0.0,0.0,0.0,0.0,0.0,0.0,0.0,0.0,0.0,0.0,0.0,0.0
2,0.5,R12Z7,87.29893911300942,0.0,0.0,0.0,46.86576962063615,0.0,0.0,0.0,47.562658417613655,0.0,0.0,0.0,0.0,0.0,0.0,0.0,0.0,0.0,0.0
2,0.5,R12Z8,156.5464797644429,0.0,0.0,3.4650072004502164,94.04461856754261,5.329070518200751e-15,0.0,0.0,0.0,0.0,18.368003386753504,0.0,77.44675241987652,0.0,0.0,0.0,0.0,0.0,0.0
2,0.5,R12Z9,110.00667263588716,0.0,0.0,0.8132529350383777,112.54031643578367,-4.218847493575595e-15,0.0,0.0,47.562658417613655,0.0,0.0,0.0,142.8577683126851,0.0,0.0,0.0,0.0,0.0,0.0
3,0.75,R1Z1,77.21402027656737,0.0,0.0,0.0,128.2892551302192,0.0,0.0,0.0,41.355715269968535,0.0,0.0,0.0,158.5171751973443,80.0,0.0,570.3832197198213,0.0,0.0,0.0
3,0.75,R1Z2,74.7639440180188,0.0,0.0,0.0,237.44052788080364,0.0,0.0,0.0,41.355715269968535,0.0,0.0,0.0,97.1363202350063,0.0,0.0,0.0,0.0,0.0,0.0
3,0.75,R1Z3,171.6549964079013,0.0,0.0,16.621091681002525,72.85783212202506,-3.552713678800501e-15,0.0,0.0,20.677857634984267,0.0,0.0,0.0,110.95548657397062,0.0,0.0,0.0,0.0,0.0,0.0
3,0.75,R1Z4,75.36111983334311,0.0,0.0,0.0,121.6890267391586,0.0,0.0,0.0,41.355715269968535,0.0,0.0,0.0,0.0,0.0,0.0,0.0,0.0,0.0,0.0
3,0.75,R1Z5,100.60549961215129,0.0,0.0,5.767172184949331,73.98692220483048,-5.329070518200751e-15,0.0,0.0,41.355715269968535,0.0,0.0,0.0,0.0,0.0,0.0,0.0,0.0,0.0,0.0
3,0.75,R1Z6,109.52830235807458,0.0,0.0,2.976406424698709,109.5057452162443,8.881784197001252e-16,0.0,0.0,0.0,0.0,0.0,0.0,50.824010489751245,0.0,0.0,0.0,0.0,0.0,0.0
3,0.75,R1Z7,111.7797759195755,0.0,0.0,0.40232047772158097,58.851408529677215,-1.3877787807814457e-15,0.0,0.0,20.677857634984267,0.0,0.0,0.0,60.67890288976613,0.0,0.0,0.0,0.0,0.0,0.0
3,0.75,R1Z8,61.018490709891545,0.0,0.0,0.0,154.69439978819887,0.0,0.0,0.0,0.0,0.0,0.0,0.0,0.0,0.0,0.0,0.0,0.0,0.0,0.0
3,0.75,R1Z9,114.35635364850299,0.0,0.0,0.0,104.86229223228982,0.0,0.0,0.0,0.0,0.0,0.0,0.0,100.21736665796472,0.0,0.0,0.0,0.0,0.0,0.0
3,0.75,R1Z10,105.40151794571528,0.0,0.0,0.0,58.31704573744453,0.0,0.0,0.0,0.0,0.0,40.56646279122917,0.0,105.16667613829289,0.0,0.0,0.0,0.0,0.0,0.0
3,0.75,R2Z1,114.89140919247394,0.0,135.0,0.0,80.25096308894717,0.0,0.0,0.0,0.0,0.0,0.0,0.0,67.13833062839957,0.0,0.0,548.6269876004424,0.0,0.0,0.0
3,0.75,R2Z2,100.3534736324458,0.0,135.0,9.485956949384715,39.04622696844842,1.7763568394002505e-15,0.0,0.0,0.0,0.0,0.0,0.0,73.4421837081289,56.96508129403786,0.0,449.72155239515524,0.0,0.0,0.0
3,0.75,R2Z3,113.82669453564985,0.0,0.0,0.0,60.27440231682316,0.0,0.0,0.0,20.677857634984267,0.0,0.0,0.0,62.1163432409812,0.0,0.0,0.0,0.0,0.0,0.0
3,0.75,R2Z4,129.70698650603362,0.0,0.0,0.9240741870625655,39.95529013208903,2.7755575615628914e-15,0.0,0.0,41.355715269968535,0.0,0.0,0.0,0.0,0.0,0.0,0.0,0.0,0.0,0.0
3,0.75,R2Z5,91.35388594358534,0.0,0.0,0.0,79.42442349574763,0.0,0.0,0.0,20.677857634984267,0.0,0.0,0.0,0.0,0.0,0.0,0.0,0.0,0.0,0.0
3,0.75,R2Z6,75.93023478384667,0.0,0.0,0.0,160.0,0.0,0.0,0.0,41.355715269968535,0.0,0.0,0.0,154.47756205339252,0.0,0.0,0.0,0.0,0.0,0.0
3,0.75,R2Z7,103.06373857783929,0.0,0.0,2.216864410970139,47.184042394222075,-4.440892098500626e-16,0.0,0.0,41.355715269968535,0.0,0.0,0.0,79.16629071184785,0.0,0.0,0.0,0.0,0.0,0.0
3,0.75,R2Z8,126.76034403116599,0.0,0.0,4.076146416095263,62.93531266305528,6.217248937900877e-15,0.0,0.0,0.0,0.0,0.0,0.0,92.7621081197844,0.0,0.0,0.0,0.0,0.0,0.0
3,0.75,R2Z9,69.47626436994531,0.0,0.0,3.995184528248732,23.664808738675248,-8.881784197001252e-16,0.0,0.0,20.677857634984267,0.0,0.0,0.0,63.11058269926604,0.0,0.0,0.0,0.0,0.0,0.0
3,0.75,R3Z1,87.38718330499961,0.0,0.0,5.83240457349843,39.23201465134334,1.7763568394002505e-15,0.0,0.0,0.0,0.0,0.0,0.0,0.0,0.0,0.0,0.0,0.0,0.0,0.0
3,0.75,R3Z2,100.39969113707559,0.0,0.0,0.0,101.52783473602958,0.0,0.0,0.0,41.355715269968535,0.0,0.0,0.0,160.45458024676378,0.0,0.0,0.0,0.0,0.0,0.0
3,0.75,R3Z3,145.6162845039576,0.0,0.0,3.434606355152198,34.13642358745227,-2.6645352591003757e-15,0.0,0.0,20.677857634984267,0.0,0.0,0.0,0.0,0.0,0.0,0.0,0.0,0.0,0.0
3,0.75,R4Z1,94.17210368492059,0.0,135.0,1.8383304073318243,145.68818709974417,3.9968028886505635e-15,0.0,0.0,41.355715269968535,595.9394580021076,0.0,0.0,80.63842946779847,0.0,0.0,0.0,0.0,0.0,0.0
3,0.75,R4Z2,106.1794016582379,0.0,0.0,6.3824940244510096,16.10860686207503,-8.881784197001252e-16,0.0,0.0,41.355715269968535,0.0,0.0,42.332585501743324,106.1196494854229,0.0,0.0,0.0,0.0,0.0,0.0
3,0.75,R4Z3,96.54910874611517,0.0,0.0,4.193394315672023,79.26268728094087,4.440892098500626e-15,0.0,0.0,0.0,0.0,0.0,0.0,0.0,0.0,0.0,0.0,0.0,0.0,0.0
3,0.75,R4Z4,142.2085713404352,0.0,0.0,6.210514487084417,15.065748664330428,-8.881784197001252e-16,0.0,0.0,0.0,0.0,0.0,0.0,0.0,0.0,0.0,0.0,0.0,0.0,0.0
3,0.75,R4Z5,113.91531175783612,0.0,0.0,0.0,88.72767314900454,0.0,0.0,0.0,41.355715269968535,0.0,0.0,0.0,0.0,0.0,0.0,0.0,0.0,0.0,0.0
3,0.75,R4Z6,92.2910728596879,0.0,0.0,3.0520210824930807,28.7880157992656,1.3322676295501878e-15,0.0,0.0,41.355715269968535,0.0,0.0,90.0,67.82126579980536,0.0,0.0,0.0,0.0,0.0,0.0
3,0.75,R4Z7,126.25793886839914,0.0,0.0,4.334436905093398,40.39484213940179,2.6645352591003757e-15,0.0,0.0,41.355715269968535,0.0,0.0,0.0,0.0,0.0,0.0,0.0,0.0,0.0,0.0
3,0.75,R4Z8,125.66367114073708,0.0,0.0,0.0,22.23780680395167,0.0,0.0,0.0,41.355715269968535,0.0,0.0,0.0,0.0,0.0,0.0,0.0,0.0,0.0,0.0
3,0.75,R4Z9,110.1819723063212,0.0,0.0,11.537477935294689,76.86097942170174,0.0,0.0,0.0,0.0,0.0,0.0,0.0,64.47695797646324,0.0,0.0,0.0,0.0,0.0,0.0
3,0.75,R4Z10,133.31002882698422,0.0,0.0,3.249177526563088,96.30832618073153,-6.661338147750939e-15,0.0,0.0,0.0,0.0,0.0,0.0,56.18792578219461,0.0,0.0,0.0,0.0,0.0,0.0
3,0.75,R4Z11,159.82357666992328,0.0,0.0,1.4950066221162928,108.71873828678737,4.218847493575595e-15,0.0,0.0,20.677857634984267,0.0,0.0,15.305098146633227,54.94508593764298,0.0,0.0,0.0,0.0,0.0,0.0
3,0.75,R5Z1,63.76049909362359,0.0,135.0,2.3750917693271063,52.252570005462886,2.220446049250313e-15,0.0,0.0,0.0,0.0,0.0,0.0,60.80387525286007,0.0,0.0,0.0,0.0,0.0,0.0
3,0.75,R5Z2,111.8507377942981,0.0,135.0,0.0,39.2017540657871,0.0,0.0,0.0,20.677857634984267,0.0,65.60230544700154,0.0,152.4325175934411,0.0,0.0,0.0,0.0,0.0,0.0
3,0.75,R5Z3,124.46725245405403,0.0,0.0,0.0,74.87877368110647,0.0,0.0,0.0,20.677857634984267,0.0,0.0,0.0,107.72341820673171,0.0,0.0,0.0,0.0,0.0,0.0
3,0.75,R5Z4,102.25231932865134,0.0,0.0,7.0417933985678545,47.562100691213246,2.6645352591003757e-15,0.0,0.0,41.355715269968535,0.0,0.0,0.0,0.0,0.0,0.0,0.0,0.0,0.0,0.0
3,0.75,R5Z5,109.96485307203173,0.0,0.0,0.9506739568988678,78.7434474049765,1.9984014443252818e-15,0.0,0.0,20.677857634984267,0.0,36.33031142011806,0.0,76.96531308308427,0.0,0.0,0.0,0.0,0.0,0.0
3,0.75,R5Z6,115.9621124746732,0.0,0.0,2.125744946354061,65.39865703824331,4.884981308350689e-15,0.0,0.0,41.355715269968535,0.0,0.0,0.0,147.13363262264443,0.0,0.0,0.0,0.0,0.0,0.0
3,0.75,R5Z7,98.5576474104723,0.0,0.0,3.2988360590076056,48.448503721887576,0.0,0.0,0.0,0.0,0.0,0.0,0.0,75.78026646283483,0.0,0.0,0.0,0.0,0.0,0.0
3,0.75,R5Z8,108.7039405023641,0.0,0.0,1.466510955324054,59.81989081633013,-2.6645352591003757e-15,0.0,0.0,20.677857634984267,0.0,0.0,0.0,141.9317454774595,0.0,0.0,0.0,0.0,0.0,0.0
3,0.75,R5Z9,107.99241878805603,0.0,0.0,0.0,144.17383521464052,0.0,0.0,0.0,0.0,0.0,19.39964428055008,0.0,77.9629251334845,0.0,0.0,0.0,0.0,0.0,0.0
3,0.75,R6Z1,128.3652025869163,0.0,135.0,1.0052634470476889,25.48330551603545,1.1102230246251565e-15,0.0,0.0,0.0,0.0,0.0,0.0,0.0,80.0,0.0,484.35907437910157,0.0,0.0,0.0
3,0.75,R6Z2,148.66753424383413,0.0,135.0,6.671746978213406,17.67514180043485,0.0,0.0,0.0,41.355715269968535,0.0,24.66785917402683,0.0,122.94875440773211,80.0,0.0,516.8068496225984,0.0,0.0,0.0
3,0.75,R6Z3,93.79933658152726,0.0,0.0,2.416433747128437,73.40964659535109,3.552713678800501e-15,0.0,0.0,20.677857634984267,0.0,0.0,0.0,63.49335535277314,0.0,0.0,0.0,0.0,0.0,0.0
3,0.75,R6Z4,123.49071757169673,0.0,0.0,1.1547479104391698,188.79439084669812,-1.1546319456101628e-14,0.0,0.0,20.677857634984267,0.0,0.0,0.0,66.08832594890293,0.0,0.0,0.0,0.0,0.0,0.0
3,0.75,R7Z1,86.58774474785173,0.0,135.0,4.123759896615397,96.96469070735674,-2.6645352591003757e-15,0.0,0.0,20.677857634984267,0.0,0.0,0.0,0.0,80.0,0.0,447.1595205677394,0.0,0.0,0.0
3,0.75,R7Z2,95.41021239170838,0.0,135.0,14.836367331538987,38.597138981366854,1.7763568394002505e-15,0.0,0.0,0.0,0.0,36.52801892985732,0.0,150.57618974087964,0.0,0.0,0.0,0.0,0.0,0.0
3,0.75,R7Z3,80.64810602736856,0.0,0.0,2.108308966704115,125.06347036177362,6.661338147750939e-15,0.0,0.0,41.355715269968535,0.0,0.0,0.0,119.16152180857122,0.0,0.0,0.0,0.0,0.0,0.0
3,0.75,R7Z4,133.00848621456424,0.0,0.0,15.999577843982209,83.0308586814468,-1.7763568394002505e-15,0.0,0.0,20.677857634984267,0.0,0.0,0.0,57.98339287122415,0.0,0.0,0.0,0.0,0.0,0.0
3,0.75,R7Z5,141.120732423846,0.0,0.0,2.6839273935316754,70.65857448188123,-3.9968028886505635e-15,0.0,0.0,41.355715269968535,0.0,0.0,0.0,0.0,0.0,0.0,0.0,0.0,0.0,0.0
3,0.75,R7Z6,102.67711437205251,0.0,0.0,6.4114060993452995,128.14924714606076,-1.2434497875801753e-14,0.0,0.0,41.355715269968535,0.0,0.0,0.0,0.0,0.0,0.0,0.0,0.0,0.0,0.0
3,0.75,R7Z7,98.68080576035558,0.0,0.0,2.0657894444367457,84.32439618555037,-7.105427357601002e-15,0.0,0.0,0.0,0.0,0.0,0.0,58.272740108560896,0.0,0.0,0.0,0.0,0.0,0.0
3,0.75,R7Z8,121.16373642721913,0.0,0.0,19.489512922980325,24.82968455788317,-3.552713678800501e-15,0.0,0.0,41.355715269968535,0.0,0.0,0.0,124.58135122611942,0.0,0.0,0.0,0.0,0.0,0.0
3,0.75,R7Z9,86.1860195056545,0.0,0.0,2.1688099875011346,89.77870549178276,6.661338147750939e-15,0.0,0.0,41.355715269968535,0.0,26.157550198960916,0.0,66.51703531296259,0.0,0.0,0.0,0.0,0.0,0.0
3,0.75,R8Z1,128.9576130208449,0.0,135.0,0.0,71.72150036224009,0.0,0.0,0.0,20.677857634984267,0.0,19.34470597430046,0.0,67.45540649016498,80.0,0.0,525.5069304395963,0.0,0.0,0.0
3,0.75,R8Z2,96.97965493389101,0.0,135.0,0.0,144.05696874701613,0.0,0.0,0.0,20.677857634984267,0.0,14.672507931707798,0.0,127.82756684592978,0.0,0.0,0.0,0.0,0.0,0.0
3,0.75,R8Z3,75.57357123636181,0.0,0.0,5.136166116182299,21.748953584922592,-1.7763568394002505e-15,0.0,0.0,20.677857634984267,0.0,40.83095111481071,0.0,181.74809035022543,0.0,0.0,0.0,0.0,0.0,0.0
3,0.75,R8Z4,97.63032083568235,0.0,0.0,1.9022078809739185,135.48163618394767,-3.552713678800501e-15,0.0,0.0,0.0,0.0,0.0,0.0,0.0,0.0,0.0,0.0,0.0,0.0,0.0
3,0.75,R8Z5,119.42222653149231,0.0,0.0,0.0,82.29515065180964,0.0,0.0,0.0,20.677857634984267,0.0,0.0,0.0,74.74319569796964,0.0,0.0,0.0,0.0,0.0,0.0
3,0.75,R8Z6,116.66833176760284,0.0,0.0,0.0,112.24786286242389,0.0,0.0,0.0,20.677857634984267,0.0,0.0,0.0,0.0,0.0,0.0,0.0,0.0,0.0,0.0
3,0.75,R8Z7,103.99469941305394,0.0,0.0,0.0,27.82408045309134,0.0,0.0,0.0,0.0,0.0,0.0,0.0,62.06679426719271,0.0,0.0,0.0,0.0,0.0,0.0
3,0.75,R8Z8,156.4630675245658,0.0,0.0,11.963233815659947,150.21649520125462,-1.4210854715202004e-14,0.0,0.0,20.677857634984267,0.0,0.0,0.0,67.37630228871541,0.0,0.0,0.0,0.0,0.0,0.0
3,0.75,R9Z1,85.12300878754505,0.0,135.0,1.5034024490306592,64.52304928557115,5.329070518200751e-15,0.0,0.0,20.677857634984267,0.0,0.0,0.0,0.0,80.0,0.0,493.9279046986531,0.0,0.0,0.0
3,0.75,R9Z2,112.61636587184519,0.0,135.0,2.7678700852265763,87.72404505329582,1.3322676295501878e-15,0.0,0.0,20.677857634984267,0.0,0.0,0.0,68.89488496218516,80.0,0.0,489.32962835824264,0.0,0.0,0.0
3,0.75,R9Z3,125.34384563357845,0.0,0.0,1.5494864091723173,41.352478069809145,-1.3322676295501878e-15,0.0,0.0,41.355715269968535,0.0,69.12811213893202,0.0,130.28686544666493,0.0,0.0,0.0,0.0,0.0,0.0
3,0.75,R9Z4,109.85740854959677,0.0,0.0,1.7311431036397664,138.96207452317697,-8.881784197001252e-16,0.0,0.0,20.677857634984267,0.0,0.0,0.0,62.11454935150322,0.0,0.0,0.0,0.0,0.0,0.0
3,0.75,R9Z5,94.78802068393381,0.0,0.0,0.0,132.8107743603058,0.0,0.0,0.0,20.677857634984267,0.0,0.0,0.0,119.16352655127886,0.0,0.0,0.0,0.0,0.0,0.0
3,0.75,R9Z6,114.05800256231971,0.0,0.0,3.023336617384267,56.550032040017456,2.6645352591003757e-15,0.0,0.0,20.677857634984267,0.0,0.0,0.0,140.71033276511866,0.0,0.0,0.0,0.0,0.0,0.0
3,0.75,R9Z7,116.61031891856048,0.0,0.0,3.5972367179579336,57.33949046895293,8.881784197001252e-16,0.0,0.0,0.0,0.0,16.17058208829105,0.0,70.21713047240878,0.0,0.0,0.0,0.0,0.0,0.0
3,0.75,R9Z8,112.72442309809871,0.0,0.0,3.0319971123903287,47.57784995696662,2.220446049250313e-15,0.0,0.0,20.677857634984267,0.0,45.0,0.0,61.58049187556923,0.0,0.0,0.0,0.0,0.0,0.0
3,0.75,R9Z9,104.2436693563569,0.0,0.0,3.949938231085497,59.661960699038545,4.440892098500626e-16,0.0,0.0,0.0,0.0,5.918724152874432,0.0,121.22874569032246,0.0,0.0,0.0,0.0,0.0,0.0
3,0.75,R9Z10,104.13173809512183,0.0,0.0,3.0932053017284318,159.35862802368305,-7.549516567451064e-15,0.0,0.0,0.0,0.0,0.0,0.0,0.0,0.0,0.0,0.0,0.0,0.0,0.0
3,0.75,R9Z11,132.3831524413718,0.0,0.0,1.5438204555719892,144.69118731651787,-1.3988810110276972e-14,0.0,0.0,0.0,0.0,51.892376552783745,0.0,152.1070409453196,0.0,0.0,0.0,0.0,0.0,0.0
3,0.75,R10Z1,107.46795784628067,0.0,0.0,2.1140072062494824,123.69549686846531,-3.1086244689504383e-15,0.0,0.0,0.0,0.0,0.0,0.0,60.396589276437396,80.0,0.0,425.8569083154204,0.0,0.0,0.0
3,0.75,R10Z2,68.80692749566255,0.0,0.0,1.1190064541285238,84.99991920864558,5.773159728050814e-15,0.0,0.0,0.0,0.0,0.0,0.0,142.10816386759512,80.0,0.0,494.5927573544967,0.0,0.0,0.0
3,0.75,R10Z3,131.15267806750225,0.0,0.0,0.0,69.90457498215919,0.0,0.0,0.0,0.0,0.0,17.93990799975153,0.0,74.40263227247817,0.0,0.0,0.0,0.0,0.0,0.0
3,0.75,R10Z4,157.35043492296992,0.0,0.0,2.2834776600278133,41.9187663635073,0.0,0.0,0.0,41.355715269968535,0.0,0.0,0.0,65.47270962720874,0.0,0.0,0.0,0.0,0.0,0.0
3,0.75,R10Z5,85.94038260199444,0.0,0.0,0.0,113.89939389011741,0.0,0.0,0.0,41.355715269968535,0.0,0.0,0.0,0.0,0.0,0.0,0.0,0.0,0.0,0.0
3,0.75,R10Z6,97.89093433137897,0.0,0.0,2.5850147577772518,55.23994114957702,4.440892098500626e-16,0.0,0.0,41.355715269968535,0.0,0.0,0.0,51.617294227920084,0.0,0.0,0.0,0.0,0.0,0.0
3,0.75,R10Z7,155.1766171936871,0.0,0.0,0.48462194489943045,174.93098982130815,6.328271240363392e-15,0.0,0.0,41.355715269968535,0.0,41.42103917832699,0.0,72.36621997465193,0.0,0.0,0.0,0.0,0.0,0.0
3,0.75,R10Z8,124.36566226295336,0.0,0.0,0.6788228776429719,39.51993331104297,1.4432899320127035e-15,0.0,0.0,0.0,0.0,0.0,0.0,70.61564548375615,0.0,0.0,0.0,0.0,0.0,0.0
3,0.75,R10Z9,123.01905232201011,0.0,0.0,0.4088735698480548,129.4981745258514,1.2934098236883074e-14,0.0,0.0,20.677857634984267,0.0,0.0,0.0,0.0,0.0,0.0,0.0,0.0,0.0,0.0
3,0.75,R11Z1,116.21212009453552,0.0,135.0,0.0,83.11619993735364,0.0,0.0,0.0,41.355715269968535,0.0,34.65064145798827,0.0,145.8975400704611,0.0,0.0,0.0,0.0,0.0,0.0
3,0.75,R11Z2,89.3107428893828,0.0,135.0,0.0,40.17475714532189,0.0,0.0,0.0,20.677857634984267,0.0,32.79094403592084,0.0,67.5167222905558,0.0,0.0,0.0,0.0,0.0,0.0
3,0.75,R11Z3,139.53399981174758,0.0,0.0,1.015272096455476,34.287795699532296,-2.886579864025407e-15,0.0,0.0,20.677857634984267,0.0,0.0,0.0,0.0,0.0,0.0,0.0,0.0,0.0,0.0
3,0.75,R11Z4,138.82928332072044,0.0,0.0,0.4072183421957192,105.05353935730625,-4.163336342344337e-15,0.0,0.0,0.0,0.0,32.44393873889716,0.0,84.87882298246406,0.0,0.0,0.0,0.0,0.0,0.0
3,0.75,R11Z5,50.271945397834024,0.0,0.0,0.0,34.26336838759383,0.0,0.0,0.0,20.677857634984267,0.0,0.0,0.0,88.02404000804371,0.0,0.0,0.0,0.0,0.0,0.0
3,0.75,R11Z6,80.33392265634535,0.0,0.0,0.15058190504772995,54.30582253681567,-1.4155343563970746e-15,0.0,0.0,0.0,0.0,0.0,0.0,0.0,0.0,0.0,0.0,0.0,0.0,0.0
3,0.75,R11Z7,119.16171715249938,0.0,0.0,0.0,97.42944463280794,0.0,0.0,0.0,20.677857634984267,0.0,0.0,0.0,0.0,0.0,0.0,0.0,0.0,0.0,0.0
3,0.75,R11Z8,119.71371149273631,0.0,0.0,0.0,103.39168713203075,0.0,0.0,0.0,20.677857634984267,0.0,15.087723568743435,0.0,167.4423678828172,0.0,0.0,0.0,0.0,0.0,0.0
3,0.75,R12Z1,83.07298048021553,0.0,135.0,0.0,159.69711795124599,0.0,0.0,0.0,41.355715269968535,0.0,17.889456897263813,0.0,122.84100070872523,0.0,0.0,0.0,0.0,0.0,0.0
3,0.75,R12Z2,116.13581351131822,0.0,135.0,0.0,163.41302033072608,0.0,0.0,0.0,20.677857634984267,0.0,45.0,0.0,87.16009496701963,0.0,0.0,0.0,0.0,0.0,0.0
3,0.75,R12Z3,100.50717281335031,0.0,0.0,3.043239563701839,53.28410678226768,-2.220446049250313e-15,0.0,0.0,20.677857634984267,0.0,55.99953045226914,0.0,167.84665367211144,0.0,0.0,0.0,0.0,0.0,0.0
3,0.75,R12Z4,106.61603973351323,0.0,0.0,0.0,28.46156360184124,0.0,0.0,0.0,0.0,0.0,0.0,0.0,0.0,0.0,0.0,0.0,0.0,0.0,0.0
3,0.75,R12Z5,136.98298731987697,0.0,0.0,3.3202152725075535,72.27820964286855,-4.440892098500626e-16,0.0,0.0,0.0,0.0,90.0,0.0,158.1677486465923,0.0,0.0,0.0,0.0,0.0,0.0
3,0.75,R12Z6,93.90824719722232,0.0,0.0,8.550292707424063,158.24722926346783,-8.881784197001252e-15,0.0,0.0,0.0,0.0,0.0,0.0,0.0,0.0,0.0,0.0,0.0,0.0,0.0
3,0.75,R12Z7,87.55434181527087,0.0,0.0,0.0,90.493103946541,0.0,0.0,0.0,41.355715269968535,0.0,0.0,0.0,0.0,0.0,0.0,0.0,0.0,0.0,0.0
3,0.75,R12Z8,143.50170184130212,0.0,0.0,2.052891904868403,92.74307108358116,-3.552713678800501e-15,0.0,0.0,0.0,0.0,45.0,0.0,88.20145226409933,0.0,0.0,0.0,0.0,0.0,0.0
3,0.75,R12Z9,96.33907707523599,0.0,0.0,1.3424423283283602,172.19560210866,6.661338147750939e-16,0.0,0.0,41.355715269968535,0.0,51.35074718745324,0.0,155.0693320805251,0.0,0.0,0.0,0.0,0.0,0.0
4,1.0,R1Z1,58.331250491799395,0.0,0.0,0.0,52.497477001377966,0.0,0.0,0.0,78.7716472365112,0.0,0.0,0.0,158.33991695287978,80.0,0.0,588.5487528037925,0.0,0.0,0.0
4,1.0,R1Z2,79.8758823176089,0.0,0.0,3.6802900046525338,106.79672665384142,-3.1086244689504383e-15,0.0,0.0,78.7716472365112,0.0,60.42721507207746,0.0,111.5856940399937,0.0,0.0,0.0,0.0,0.0,0.0
4,1.0,R1Z3,169.29658980532835,0.0,0.0,4.65969447511992,121.07431205442867,-1.7763568394002505e-15,0.0,0.0,39.3858236182556,0.0,0.0,0.0,110.83141311165132,0.0,0.0,0.0,0.0,0.0,0.0
4,1.0,R1Z4,86.90747050873766,0.0,0.0,10.565147108223016,93.59829693514979,3.552713678800501e-15,0.0,0.0,78.7716472365112,0.0,0.0,0.0,0.0,0.0,0.0,0.0,0.0,0.0,0.0
4,1.0,R1Z5,69.79149613828824,0.0,0.0,0.0,66.6616581688088,0.0,0.0,0.0,78.7716472365112,0.0,0.0,0.0,0.0,0.0,0.0,0.0,0.0,0.0,0.0
4,1.0,R1Z6,97.55926390078655,0.0,0.0,5.681822744180295,85.74197730375667,0.0,0.0,0.0,0.0,0.0,0.0,0.0,50.76717768999409,0.0,0.0,0.0,0.0,0.0,0.0
4,1.0,R1Z7,117.68710386376044,0.0,0.0,0.0,46.79402494011584,0.0,0.0,0.0,39.3858236182556,0.0,0.0,0.0,60.61105007956507,0.0,0.0,0.0,0.0,0.0,0.0
4,1.0,R1Z8,78.6729515285079,0.0,0.0,0.09734968051671444,156.29107245065043,1.582067810090848e-15,0.0,0.0,0.0,0.0,0.0,0.0,0.0,0.0,0.0,0.0,0.0,0.0,0.0
4,1.0,R1Z9,132.33552040725633,0.0,0.0,0.0,224.3424924518855,0.0,0.0,0.0,0.0,0.0,0.0,0.0,100.10530085527468,0.0,0.0,0.0,0.0,0.0,0.0
4,1.0,R1Z10,103.38881141013391,0.0,0.0,0.0,63.229440089626465,0.0,0.0,0.0,0.0,0.0,90.0,0.0,126.73168172778637,0.0,0.0,0.0,0.0,0.0,0.0
4,1.0,R2Z1,105.49229732525814,0.0,135.0,17.59247037523017,51.54926123866509,0.0,0.0,0.0,0.0,0.0,45.0,0.0,77.90455763204648,80.0,0.0,566.8111812844693,0.0,0.0,0.0
4,1.0,R2Z2,102.20163698866459,0.0,135.0,0.0,13.336839583000373,0.0,0.0,0.0,0.0,0.0,45.0,0.0,84.20136157070398,80.0,0.0,467.99057854279926,0.0,0.0,0.0
4,1.0,R2Z3,102.35516099026594,0.0,0.0,4.1168968102737225,49.22733001131445,-2.6645352591003757e-15,0.0,0.0,39.3858236182556,0.0,45.0,0.0,72.88818596839374,0.0,0.0,0.0,0.0,0.0,0.0
4,1.0,R2Z4,144.64513508990524,0.0,0.0,4.05390929602342,120.89486657929653,-6.217248937900877e-15,0.0,0.0,78.7716472365112,0.0,0.0,0.0,0.0,0.0,0.0,0.0,0.0,0.0,0.0
4,1.0,R2Z5,94.14886722209583,0.0,0.0,3.143703523183035,120.04092558405345,3.1086244689504383e-15,0.0,0.0,39.3858236182556,0.0,0.0,0.0,0.0,0.0,0.0,0.0,0.0,0.0,0.0
4,1.0,R2Z6,70.6742128746971,0.0,0.0,4.482463542908391,133.46202970738562,-1.3322676295501878e-14,0.0,0.0,78.7716472365112,0.0,90.0,0.0,175.9874268604476,0.0,0.0,0.0,0.0,0.0,0.0
4,1.0,R2Z7,112.19691492472263,0.0,0.0,2.197329027810042,61.371018088361915,-4.440892098500626e-16,0.0,0.0,78.7716472365112,0.0,45.0,0.0,89.91906772128293,0.0,0.0,0.0,0.0,0.0,0.0
4,1.0,R2Z8,102.12301824461633,0.0,0.0,0.0,31.421314580063083,0.0,0.0,0.0,0.0,0.0,0.0,0.0,92.65837899126775,0.0,0.0,0.0,0.0,0.0,0.0
4,1.0,R2Z9,70.34843332925055,0.0,0.0,0.0,174.64740683316097,0.0,0.0,0.0,39.3858236182556,0.0,45.0,0.0,73.88131364090059,0.0,0.0,0.0,0.0,0.0,0.0
4,1.0,R3Z1,78.7444167389032,0.0,0.0,13.190661576831324,42.28740167861946,0.0,0.0,0.0,0.0,0.0,0.0,0.0,0.0,0.0,0.0,0.0,0.0,0.0,0.0
4,1.0,R3Z2,89.00348157296324,0.0,0.0,2.647372808234678,146.37603956258545,-4.440892098500626e-16,0.0,0.0,78.7716472365112,0.0,0.0,0.0,160.27515554293956,0.0,0.0,0.0,0.0,0.0,0.0
4,1.0,R3Z3,127.71624959730867,0.0,0.0,1.040110138417731,31.778346093893326,-3.3306690738754696e-15,0.0,0.0,39.3858236182556,0.0,0.0,0.0,0.0,0.0,0.0,0.0,0.0,0.0,0.0
4,1.0,R4Z1,110.87377052507223,0.0,135.0,0.0,85.38597804725936,0.0,0.0,0.0,78.7716472365112,0.0,5.724072578994949,0.0,81.92728858596736,0.0,0.0,0.0,0.0,0.0,0.0
4,1.0,R4Z2,149.38608220791784,0.0,0.0,10.538276628697457,29.18387977448798,-1.7763568394002505e-15,0.0,0.0,78.7716472365112,0.0,0.0,0.0,106.00098358850946,0.0,0.0,0.0,0.0,0.0,0.0
4,1.0,R4Z3,113.16150090831736,0.0,0.0,8.655422545130861,91.39861212021657,5.329070518200751e-15,0.0,0.0,0.0,0.0,0.0,0.0,0.0,0.0,0.0,0.0,0.0,0.0,0.0
4,1.0,R4Z4,102.47560451945066,0.0,0.0,3.120698931850445,28.189494080982946,4.440892098500626e-16,0.0,0.0,0.0,0.0,0.0,0.0,0.0,0.0,0.0,0.0,0.0,0.0,0.0
4,1.0,R4Z5,107.51928403409916,0.0,0.0,5.841717872352703,93.89708747835435,2.6645352591003757e-15,0.0,0.0,78.7716472365112,0.0,0.0,0.0,0.0,0.0,0.0,0.0,0.0,0.0,0.0
4,1.0,R4Z6,108.15136100675745,0.0,0.0,10.37169359267861,22.07629308289242,-3.552713678800501e-15,0.0,0.0,78.7716472365112,0.0,89.33811238272402,0.0,89.2685715125288,0.0,0.0,0.0,0.0,0.0,0.0
4,1.0,R4Z7,120.6540650864278,0.0,0.0,6.803963366846844,100.43600949135853,5.329070518200751e-15,0.0,0.0,78.7716472365112,0.0,0.0,0.0,0.0,0.0,0.0,0.0,0.0,0.0,0.0
4,1.0,R4Z8,88.12644351819445,0.0,0.0,10.74528850716911,26.70428397982931,-3.552713678800501e-15,0.0,0.0,78.7716472365112,0.0,0.0,0.0,0.0,0.0,0.0,0.0,0.0,0.0,0.0
4,1.0,R4Z9,112.13093718230071,0.0,0.0,8.188661725728949,81.05168918194988,1.7763568394002505e-15,0.0,0.0,0.0,0.0,0.0,0.0,64.40485807709844,0.0,0.0,0.0,0.0,0.0,0.0
4,1.0,R4Z10,134.27422201982492,0.0,0.0,2.476829216693204,66.55518116742785,4.440892098500626e-15,0.0,0.0,0.0,0.0,15.994532752521076,0.0,59.978463231709114,0.0,0.0,0.0,0.0,0.0,0.0
4,1.0,R4Z11,169.33118171810636,0.0,0.0,1.110358134488699,51.59523760217831,-8.881784197001252e-16,0.0,0.0,39.3858236182556,0.0,0.0,0.0,54.88364483851202,0.0,0.0,0.0,0.0,0.0,0.0
4,1.0,R5Z1,94.48660874447663,0.0,135.0,6.491475216777026,31.937592663635925,-8.881784197001252e-16,0.0,0.0,0.0,0.0,13.40189844324457,0.0,63.96463915654849,0.0,0.0,0.0,0.0,0.0,0.0
4,1.0,R5Z2,112.16201815907397,0.0,135.0,1.699925041805649,44.7756272449304,-2.4424906541753444e-15,0.0,0.0,39.3858236182556,0.0,16.920277669010442,0.0,156.3384601740447,0.0,0.0,0.0,0.0,0.0,0.0
4,1.0,R5Z3,129.42924103812814,0.0,0.0,2.267189045901034,123.98743664525168,-2.220446049250313e-15,0.0,0.0,39.3858236182556,595.9394580021076,90.0,0.0,129.28556477725746,0.0,0.0,0.0,0.0,0.0,0.0
4,1.0,R5Z4,120.01264459225845,0.0,0.0,0.5574859431858457,34.96020091425266,-2.4424906541753444e-15,0.0,0.0,78.7716472365112,0.0,0.0,0.0,0.0,0.0,0.0,0.0,0.0,0.0,0.0
4,1.0,R5Z5,111.92784512481737,0.0,0.0,1.0461167949117396,52.865086694126035,2.220446049250313e-15,0.0,0.0,39.3858236182556,0.0,25.75199952647168,0.0,83.08336453504131,0.0,0.0,0.0,0.0,0.0,0.0
4,1.0,R5Z6,127.84267501532875,0.0,0.0,0.0,73.42469675478037,0.0,0.0,0.0,78.7716472365112,0.0,90.0,0.0,168.65170961261754,0.0,0.0,0.0,0.0,0.0,0.0
4,1.0,R5Z7,96.69527499955518,0.0,0.0,0.0,35.620745291238826,0.0,0.0,0.0,0.0,0.0,0.0,0.0,75.69552689451024,0.0,0.0,0.0,0.0,0.0,0.0
4,1.0,R5Z8,117.98894384417443,0.0,0.0,1.448738764099744,85.62931262009131,4.440892098500626e-16,0.0,0.0,39.3858236182556,0.0,0.0,0.0,141.77303351450783,0.0,0.0,0.0,0.0,0.0,0.0
4,1.0,R5Z9,103.10302808522005,0.0,0.0,2.992625756109206,103.89266261970121,0.0,0.0,0.0,0.0,0.0,0.0,0.0,77.87574485648754,0.0,0.0,0.0,0.0,0.0,0.0
4,1.0,R6Z1,92.32511788746784,0.0,135.0,5.036289688522864,17.03300468033889,8.881784197001252e-16,0.0,0.0,0.0,0.0,0.0,0.0,0.0,80.0,0.0,502.59839147873026,0.0,0.0,0.0
4,1.0,R6Z2,147.38841071137907,0.0,135.0,12.800660520436125,32.63904565813439,-1.7763568394002505e-15,0.0,0.0,78.7716472365112,0.0,0.0,0.0,122.81126974502422,80.0,0.0,535.0183358481494,0.0,0.0,0.0
4,1.0,R6Z3,100.27219466826904,0.0,0.0,8.379510653345264,101.57794838150761,3.552713678800501e-15,0.0,0.0,39.3858236182556,0.0,45.0,0.0,74.26365826754873,0.0,0.0,0.0,0.0,0.0,0.0
4,1.0,R6Z4,110.26001507731858,0.0,0.0,5.995564857848308,190.55845775778428,1.7763568394002505e-15,0.0,0.0,39.3858236182556,0.0,12.446325637934015,0.0,69.0129660963445,0.0,0.0,0.0,0.0,0.0,0.0
4,1.0,R7Z1,89.40137970761008,0.0,135.0,2.647049387956102,121.90461665450431,2.220446049250313e-15,0.0,0.0,39.3858236182556,0.0,0.0,0.0,0.0,80.0,0.0,465.43074420302736,0.0,0.0,0.0
4,1.0,R7Z2,74.30236657249921,0.0,135.0,6.7173590433200125,26.650127935196668,1.7763568394002505e-15,0.0,0.0,0.0,0.0,90.0,0.0,172.09041716924855,0.0,0.0,0.0,0.0,0.0,0.0
4,1.0,R7Z3,74.7078901583741,0.0,0.0,0.0,111.91454912705733,0.0,0.0,0.0,78.7716472365112,0.0,90.0,0.0,140.71087797854926,0.0,0.0,0.0,0.0,0.0,0.0
4,1.0,R7Z4,131.8350245639573,0.0,0.0,2.463108528472816,42.47895772583553,-3.1086244689504383e-15,0.0,0.0,39.3858236182556,0.0,45.0,0.0,68.75985717687318,0.0,0.0,0.0,0.0,0.0,0.0
4,1.0,R7Z5,132.67089698414458,0.0,0.0,0.0,59.07962908334755,0.0,0.0,0.0,78.7716472365112,0.0,0.0,0.0,0.0,0.0,0.0,0.0,0.0,0.0,0.0
4,1.0,R7Z6,101.53686215101143,0.0,0.0,14.099981400345172,68.36587534092413,0.0,0.0,0.0,78.7716472365112,0.0,0.0,0.0,0.0,0.0,0.0,0.0,0.0,0.0,0.0
4,1.0,R7Z7,103.34595747102419,0.0,0.0,5.005974827411833,90.29903041519694,4.440892098500626e-15,0.0,0.0,0.0,0.0,38.17587975566367,0.0,67.40482853042643,0.0,0.0,0.0,0.0,0.0,0.0
4,1.0,R7Z8,126.37599363225652,0.0,0.0,0.0,64.45713608341784,0.0,0.0,0.0,78.7716472365112,0.0,0.0,0.0,124.44204094895943,0.0,0.0,0.0,0.0,0.0,0.0
4,1.0,R7Z9,137.99542629991228,0.0,0.0,11.275132234199331,0.0,0.0,0.0,0.0,78.7716472365112,0.0,0.0,0.0,66.4426541432762,0.0,0.0,0.0,0.0,0.0,0.0
4,1.0,R8Z1,120.5230625738063,0.0,135.0,0.37650057432131234,74.78681981554631,-6.772360450213455e-15,0.0,0.0,39.3858236182556,0.0,45.0,0.0,78.2212789309038,80.0,0.0,543.7109544939548,0.0,0.0,0.0
4,1.0,R8Z2,74.85464344334166,0.0,135.0,3.8950891770273017,138.64708922772815,-6.661338147750939e-15,0.0,0.0,39.3858236182556,0.0,0.0,0.0,127.68462656160366,0.0,0.0,0.0,0.0,0.0,0.0
4,1.0,R8Z3,68.39070913013418,0.0,0.0,0.0,71.54536438049918,0.0,0.0,0.0,39.3858236182556,0.0,0.0,0.0,181.5448546605271,0.0,0.0,0.0,0.0,0.0,0.0
4,1.0,R8Z4,83.48636495042385,0.0,0.0,8.233638427117555,91.95567908008829,-1.7763568394002505e-15,0.0,0.0,0.0,0.0,0.0,0.0,0.0,0.0,0.0,0.0,0.0,0.0,0.0
4,1.0,R8Z5,110.65210207394244,0.0,0.0,1.1319953505673794,84.94496208148894,-2.220446049250313e-15,0.0,0.0,39.3858236182556,0.0,45.0,0.0,85.50091873332451,0.0,0.0,0.0,0.0,0.0,0.0
4,1.0,R8Z6,114.70814976675872,0.0,0.0,2.647512829305981,76.9880685940254,-5.329070518200751e-15,0.0,0.0,39.3858236182556,0.0,0.0,0.0,0.0,0.0,0.0,0.0,0.0,0.0,0.0
4,1.0,R8Z7,86.95774923719044,0.0,0.0,3.8293315420652476,29.343670264192,-1.7763568394002505e-15,0.0,0.0,0.0,0.0,45.0,0.0,72.83869240162407,0.0,0.0,0.0,0.0,0.0,0.0
4,1.0,R8Z8,149.29117010145123,0.0,0.0,0.0,135.08458411239553,0.0,0.0,0.0,39.3858236182556,0.0,45.0,0.0,78.14226318593767,0.0,0.0,0.0,0.0,0.0,0.0
4,1.0,R9Z1,102.43142291672149,0.0,135.0,0.0,33.743455423167596,0.0,0.0,0.0,39.3858236182556,0.0,0.0,0.0,0.0,80.0,0.0,512.1590144894695,0.0,0.0,0.0
4,1.0,R9Z2,130.96018988340305,0.0,135.0,2.282079909923425,124.79635984793848,3.552713678800501e-15,0.0,0.0,39.3858236182556,0.0,42.84088508063003,0.0,79.13897843011657,80.0,0.0,507.56468214980623,0.0,0.0,0.0
4,1.0,R9Z3,162.3409595027567,0.0,0.0,3.4392841501720213,63.34176369940483,-4.440892098500626e-16,0.0,0.0,78.7716472365112,0.0,39.65638725733089,0.0,139.6951063757481,0.0,0.0,0.0,0.0,0.0,0.0
4,1.0,R9Z4,147.65017049534276,0.0,0.0,1.5978287792135575,126.11015400167409,-4.440892098500626e-15,0.0,0.0,39.3858236182556,0.0,14.1243625538337,0.0,65.44790211850847,0.0,0.0,0.0,0.0,0.0,0.0
4,1.0,R9Z5,110.32398361166668,0.0,0.0,7.99956146312195,165.34182651566607,-4.440892098500626e-15,0.0,0.0,39.3858236182556,0.0,51.277849661344206,0.0,131.38402355411876,0.0,0.0,0.0,0.0,0.0,0.0
4,1.0,R9Z6,107.22654707383366,0.0,0.0,2.5739758831890924,45.08333005677589,-2.6645352591003757e-15,0.0,0.0,39.3858236182556,0.0,90.0,0.0,162.23559246482023,0.0,0.0,0.0,0.0,0.0,0.0
4,1.0,R9Z7,101.09211161843297,0.0,0.0,0.0,56.98672267265697,0.0,0.0,0.0,0.0,0.0,45.0,0.0,80.9799146777928,0.0,0.0,0.0,0.0,0.0,0.0
4,1.0,R9Z8,93.89441452305125,0.0,0.0,3.827481013560501,41.13125394901945,-8.881784197001252e-16,0.0,0.0,39.3858236182556,0.0,9.187849130248836,0.0,63.72514767565495,0.0,0.0,0.0,0.0,0.0,0.0
4,1.0,R9Z9,120.54347809266876,0.0,0.0,0.0,54.07865070730636,0.0,0.0,0.0,0.0,0.0,29.811745374790817,0.0,128.27536577209727,0.0,0.0,0.0,0.0,0.0,0.0
4,1.0,R9Z10,91.66435550239174,0.0,0.0,1.1818852919554388,184.48530876490995,4.218847493575595e-15,0.0,0.0,0.0,0.0,0.0,0.0,0.0,0.0,0.0,0.0,0.0,0.0,0.0
4,1.0,R9Z11,161.22733824562903,0.0,0.0,0.9517827963973673,162.21721213424968,5.662137425588298e-15,0.0,0.0,0.0,0.0,0.0,0.0,151.93695068844303,0.0,0.0,0.0,0.0,0.0,0.0
4,1.0,R10Z1,101.05853920292628,0.0,0.0,0.0,90.03136313309182,0.0,0.0,0.0,0.0,0.0,45.0,0.0,71.17035507980866,80.0,0.0,444.14640347517104,0.0,0.0,0.0
4,1.0,R10Z2,104.8244619737625,0.0,0.0,0.0,123.67272550715805,0.0,0.0,0.0,0.0,0.0,90.0,0.0,163.63186047429446,80.0,0.0,512.8232968926408,0.0,0.0,0.0
4,1.0,R10Z3,116.95455013431533,0.0,0.0,10.716774412680664,117.08380808857363,3.552713678800501e-15,0.0,0.0,0.0,0.0,45.0,0.0,85.16073613517781,0.0,0.0,0.0,0.0,0.0,0.0
4,1.0,R10Z4,159.04795936848453,0.0,0.0,0.0,50.65282105202548,0.0,0.0,0.0,78.7716472365112,0.0,0.0,0.0,65.39949625109094,0.0,0.0,0.0,0.0,0.0,0.0
4,1.0,R10Z5,82.49240560371463,0.0,0.0,0.0,168.06702677994994,0.0,0.0,0.0,78.7716472365112,0.0,0.0,0.0,0.0,0.0,0.0,0.0,0.0,0.0,0.0
4,1.0,R10Z6,79.66071707806225,0.0,0.0,0.0,43.43925101785939,0.0,0.0,0.0,78.7716472365112,0.0,45.0,0.0,62.40087727933402,0.0,0.0,0.0,0.0,0.0,0.0
4,1.0,R10Z7,146.66847761319156,0.0,0.0,1.0830697239234723,121.34276413321899,-1.7763568394002505e-15,0.0,0.0,78.7716472365112,0.0,22.756646931166067,0.0,77.76778037294488,0.0,0.0,0.0,0.0,0.0,0.0
4,1.0,R10Z8,115.87471633859202,0.0,0.0,0.0,56.685916560012956,0.0,0.0,0.0,0.0,0.0,18.121019243847964,0.0,74.902358000245,0.0,0.0,0.0,0.0,0.0,0.0
4,1.0,R10Z9,100.99655154017283,0.0,0.0,0.0,91.83191408594593,0.0,0.0,0.0,39.3858236182556,0.0,0.0,0.0,0.0,0.0,0.0,0.0,0.0,0.0,0.0
4,1.0,R11Z1,130.57149744684483,0.0,135.0,4.702784182481906,132.5292608782263,7.105427357601002e-15,0.0,0.0,78.7716472365112,0.0,90.0,0.0,167.41699929296217,0.0,0.0,0.0,0.0,0.0,0.0
4,1.0,R11Z2,96.8430229875363,0.0,135.0,4.600048408099312,48.483548029649654,-2.6645352591003757e-15,0.0,0.0,39.3858236182556,0.0,24.420388014005013,0.0,73.3245304424421,0.0,0.0,0.0,0.0,0.0,0.0
4,1.0,R11Z3,135.62551086089357,0.0,0.0,0.5030175358667606,48.35098359185643,-1.1102230246251565e-15,0.0,0.0,39.3858236182556,0.0,0.0,0.0,0.0,0.0,0.0,0.0,0.0,0.0,0.0
4,1.0,R11Z4,144.62249883942602,0.0,0.0,9.152518715142861,128.31880518550622,-1.2434497875801753e-14,0.0,0.0,0.0,0.0,0.9560477212692804,0.0,85.01423811373377,0.0,0.0,0.0,0.0,0.0,0.0
4,1.0,R11Z5,68.86459795946399,0.0,0.0,0.0,0.42502457341884536,4.001947818964153,27.499873120336847,0.0,39.3858236182556,0.0,21.42099516651097,0.0,93.08630906159048,0.0,0.0,0.0,0.0,0.0,0.0
4,1.0,R11Z6,97.66138126243496,0.0,0.0,2.957171634865304,72.65895218787479,3.9968028886505635e-15,0.0,0.0,0.0,0.0,0.0,0.0,0.0,0.0,0.0,0.0,0.0,0.0,0.0
4,1.0,R11Z7,110.72682698740608,0.0,0.0,0.0,49.16855012109707,0.0,0.0,0.0,39.3858236182556,0.0,0.0,0.0,0.0,0.0,0.0,0.0,0.0,0.0,0.0
4,1.0,R11Z8,107.55904827576103,0.0,0.0,0.0,0.0,0.0,140.59341119216748,0.0,39.3858236182556,0.0,0.0,0.0,167.25512924357864,0.0,0.0,0.0,0.0,0.0,0.0
4,1.0,R12Z1,76.25080620826523,0.0,135.0,14.182786187055996,143.66318836533532,5.329070518200751e-15,0.0,0.0,78.7716472365112,0.0,90.0,0.0,144.38624238467716,0.0,0.0,0.0,0.0,0.0,0.0
4,1.0,R12Z2,104.08223954669451,0.0,135.0,1.1294193989375145,118.86898712556447,5.995204332975845e-15,0.0,0.0,39.3858236182556,0.0,20.90296072889563,0.0,92.09852636839129,0.0,0.0,0.0,0.0,0.0,0.0
4,1.0,R12Z3,125.76343565559186,0.0,0.0,5.439312560728016,25.33274211226276,3.5276408393351577,0.0,0.0,39.3858236182556,0.0,0.0,0.0,167.6589629494366,0.0,0.0,0.0,0.0,0.0,0.0
4,1.0,R12Z4,103.29232826199394,0.0,0.0,0.0,35.39916440717944,0.0,0.0,0.0,0.0,0.0,0.0,0.0,0.0,0.0,0.0,0.0,0.0,0.0,0.0
4,1.0,R12Z5,154.29059388440456,0.0,0.0,0.0,85.8610024096226,0.0,0.0,0.0,0.0,0.0,0.0,0.0,157.99088114046182,0.0,0.0,0.0,0.0,0.0,0.0
4,1.0,R12Z6,92.6492247641513,0.0,0.0,5.849083101066611,125.30098315592835,1.0658141036401503e-14,0.0,0.0,0.0,0.0,0.0,0.0,0.0,0.0,0.0,0.0,0.0,0.0,0.0
4,1.0,R12Z7,79.89448133806823,0.0,0.0,1.5676546058531358,96.73279327991267,6.661338147750939e-16,0.0,0.0,78.7716472365112,0.0,0.0,0.0,0.0,0.0,0.0,0.0,0.0,0.0,0.0
4,1.0,R12Z8,155.69284028907347,0.0,0.0,0.0,0.0,1.5349859404574124,92.18217741740742,0.0,0.0,0.0,0.0,0.0,88.1028229858013,0.0,0.0,0.0,0.0,0.0,0.0
4,1.0,R12Z9,108.2408086478172,0.0,0.0,2.105940132107321,104.38269330684322,6.217248937900877e-15,0.0,0.0,78.7716472365112,0.0,83.43536337619676,0.0,174.9969970604369,0.0,0.0,0.0,0.0,0.0,0.0
5,1.25,R1Z1,72.66265467741987,0.0,0.0,4.2084706226278,143.13168908285957,7.993605777301127e-15,0.0,0.0,74.92747129101627,0.0,0.0,0.0,158.16285692343638,78.29014492799843,0.0,606.2999934168838,0.0,0.0,0.0
5,1.25,R1Z2,86.14103130434161,0.0,0.0,3.3123569928935126,181.08997701192405,5.773159728050814e-15,0.0,0.0,74.92747129101627,0.0,0.0,0.0,111.46091586243494,0.0,0.0,0.0,0.0,0.0,0.0
5,1.25,R1Z3,186.68890061785874,0.0,0.0,0.0,47.857939421708565,0.0,0.0,0.0,37.46373564550814,0.0,0.0,0.0,110.70747839167392,0.0,0.0,0.0,0.0,0.0,0.0
5,1.25,R1Z4,100.11601928867543,0.0,0.0,9.886208764318582,91.69784869562167,-1.7763568394002505e-15,0.0,0.0,74.92747129101627,0.0,0.0,0.0,0.0,0.0,0.0,0.0,0.0,0.0,0.0
5,1.25,R1Z5,91.71565844112988,0.0,0.0,0.0,29.346698925507994,0.0,0.0,0.0,74.92747129101627,0.0,0.0,0.0,0.0,0.0,0.0,0.0,0.0,0.0,0.0
5,1.25,R1Z6,71.04682544575924,0.0,0.0,0.0,155.9426230497144,0.0,0.0,0.0,0.0,0.0,0.0,0.0,50.71040844222933,0.0,0.0,0.0,0.0,0.0,0.0
5,1.25,R1Z7,113.5697717434765,0.0,0.0,0.0,56.4757628355209,0.0,0.0,0.0,37.46373564550814,0.0,0.0,0.0,60.54327314423374,0.0,0.0,0.0,0.0,0.0,0.0
5,1.25,R1Z8,98.08791806686632,0.0,0.0,0.0,146.04510575562568,0.0,0.0,0.0,0.0,0.0,0.0,0.0,0.0,0.0,0.0,0.0,0.0,0.0,0.0
5,1.25,R1Z9,101.05380955484198,0.0,0.0,1.2852315654789095,131.34389075830742,8.215650382226158e-15,0.0,0.0,0.0,0.0,0.0,0.0,99.99336036763285,0.0,0.0,0.0,0.0,0.0,0.0
5,1.25,R1Z10,97.47043721602122,0.0,0.0,0.0,32.95872048605108,0.0,0.0,0.0,0.0,0.0,22.703288693251764,0.0,132.05959422700772,0.0,0.0,0.0,0.0,0.0,0.0
5,1.25,R2Z1,120.0424985320627,0.0,135.0,14.113084197743646,110.61819615416809,-3.552713678800501e-15,0.0,0.0,0.0,0.0,0.0,0.0,77.81744262318733,40.24062363024325,0.0,575.7085087938613,0.0,0.0,0.0
5,1.25,R2Z2,101.23458004414123,0.0,135.0,7.664113204990429,41.5257173213131,-1.7763568394002505e-15,0.0,0.0,0.0,0.0,0.0,0.0,84.10720530331551,80.0,0.0,486.243935111792,0.0,0.0,0.0
5,1.25,R2Z3,109.37024771228694,0.0,0.0,7.519294254860654,66.80607830741046,3.552713678800501e-15,0.0,0.0,37.46373564550814,0.0,0.0,0.0,72.80668040364421,0.0,0.0,0.0,0.0,0.0,0.0
5,1.25,R2Z4,133.1578770911856,0.0,0.0,3.4795670655534963,89.22026541522438,6.217248937900877e-15,0.0,0.0,74.92747129101627,0.0,0.0,0.0,0.0,0.0,0.0,0.0,0.0,0.0,0.0
5,1.25,R2Z5,113.88365698481222,0.0,0.0,5.239821720677977,29.33849293315841,-3.552713678800501e-15,0.0,0.0,37.46373564550814,0.0,0.0,0.0,0.0,0.0,0.0,0.0,0.0,0.0,0.0
5,1.25,R2Z6,91.12305603789572,0.0,0.0,14.748264663407298,119.304308554421,1.2434497875801753e-14,0.0,0.0,74.92747129101627,0.0,0.0,0.0,175.79063290235268,0.0,0.0,0.0,0.0,0.0,0.0
5,1.25,R2Z7,133.6302428805186,0.0,0.0,1.2961348459783544,6.859381676275698,2.220446049250313e-16,0.0,0.0,74.92747129101627,0.0,0.0,0.0,89.81851775836365,0.0,0.0,0.0,0.0,0.0,0.0
5,1.25,R2Z8,116.42041277962036,0.0,0.0,0.0,53.76594267440674,0.0,0.0,0.0,0.0,0.0,0.0,0.0,92.55476585550203,0.0,0.0,0.0,0.0,0.0,0.0
5,1.25,R2Z9,63.53691289127116,0.0,0.0,2.3225266542294207,98.68746801506906,-2.6645352591003757e-15,0.0,0.0,37.46373564550814,0.0,0.0,0.0,73.79869753360234,0.0,0.0,0.0,0.0,0.0,0.0
5,1.25,R3Z1,96.03427818686905,0.0,0.0,17.150567880670117,2.592519533107014,0.0,0.0,0.0,0.0,0.0,0.0,0.0,0.0,0.0,0.0,0.0,0.0,0.0,0.0
5,1.25,R3Z2,89.74116143229026,0.0,0.0,2.6249888673456994,8.180129774053881,8.881784197001252e-16,0.0,0.0,74.92747129101627,0.0,0.0,0.0,160.09593147673064,0.0,0.0,0.0,0.0,0.0,0.0
5,1.25,R3Z3,163.62036486908767,0.0,0.0,6.894567565302687,22.5196540468195,8.881784197001252e-16,0.0,0.0,37.46373564550814,0.0,0.0,0.0,0.0,0.0,0.0,0.0,0.0,0.0,0.0
5,1.25,R4Z1,132.84871130337854,0.0,135.0,3.222145200560533,144.632696148286,1.1546319456101628e-14,0.0,0.0,74.92747129101627,0.0,6.575012281969094,0.0,83.41971302412199,0.0,0.0,0.0,0.0,0.0,0.0
5,1.25,R4Z2,133.99099524796844,0.0,0.0,24.70348832149227,29.15964869054152,3.552713678800501e-15,0.0,0.0,74.92747129101627,0.0,50.64151515696217,0.0,118.08289497114514,0.0,0.0,0.0,0.0,0.0,0.0
5,1.25,R4Z3,128.04031244778014,0.0,0.0,3.697917677448743,88.8593947924071,-3.9968028886505635e-15,0.0,0.0,0.0,0.0,0.0,0.0,0.0,0.0,0.0,0.0,0.0,0.0,0.0
5,1.25,R4Z4,107.99228226784844,0.0,0.0,6.401459480704041,20.188159604029995,-8.881784197001252e-16,0.0,0.0,0.0,0.0,0.0,0.0,0.0,0.0,0.0,0.0,0.0,0.0,0.0
5,1.25,R4Z5,116.75528935385607,0.0,0.0,3.384219968351701,106.03471441421782,1.3322676295501878e-15,0.0,0.0,74.92747129101627,0.0,0.0,0.0,0.0,0.0,0.0,0.0,0.0,0.0,0.0
5,1.25,R4Z6,108.57704992230062,0.0,0.0,7.216564986259126,30.460054735760874,-8.881784197001252e-16,0.0,0.0,74.92747129101627,0.0,90.0,0.0,110.85135479780047,0.0,0.0,0.0,0.0,0.0,0.0
5,1.25,R4Z7,127.8305007725084,0.0,0.0,8.48819800860413,85.52661506798624,5.329070518200751e-15,0.0,0.0,74.92747129101627,0.0,0.0,0.0,0.0,0.0,0.0,0.0,0.0,0.0,0.0
5,1.25,R4Z8,105.79439019306511,0.0,0.0,1.564355421381606,22.28082486631706,1.1102230246251565e-15,0.0,0.0,74.92747129101627,0.0,0.0,0.0,0.0,0.0,0.0,0.0,0.0,0.0,0.0
5,1.25,R4Z9,120.63396506280414,0.0,0.0,8.0917072010934,83.7897966711147,-3.552713678800501e-15,0.0,0.0,0.0,0.0,26.966987188835873,0.0,70.82966718022388,0.0,0.0,0.0,0.0,0.0,0.0
5,1.25,R4Z10,129.20886203687607,0.0,0.0,2.5625217144675076,96.09331868034364,-4.440892098500626e-15,0.0,0.0,0.0,0.0,0.0,0.0,59.91139367230713,0.0,0.0,0.0,0.0,0.0,0.0
5,1.25,R4Z11,162.92657397084056,0.0,0.0,8.113274626808902,157.19535660847296,1.7763568394002505e-15,0.0,0.0,37.46373564550814,0.0,14.912549071262008,0.0,58.41497159632451,0.0,0.0,0.0,0.0,0.0,0.0
5,1.25,R5Z1,72.93085210709576,0.0,135.0,8.356857731611754,43.72173685316669,-1.7763568394002505e-15,0.0,0.0,0.0,0.0,0.0,0.0,63.893112146112045,0.0,0.0,0.0,0.0,0.0,0.0
5,1.25,R5Z2,106.01616746660697,0.0,135.0,1.9398327502745971,37.94441432039224,0.0,0.0,0.0,37.46373564550814,0.0,90.0,0.0,177.84624407388216,0.0,0.0,0.0,0.0,0.0,0.0
5,1.25,R5Z3,128.6953720891023,0.0,0.0,8.868266170005938,148.1440060461948,-3.552713678800501e-15,0.0,0.0,37.46373564550814,0.0,0.0,0.0,129.14099411973413,0.0,0.0,0.0,0.0,0.0,0.0
5,1.25,R5Z4,104.82422719548542,0.0,0.0,11.158375417531314,27.429372363450856,0.0,0.0,0.0,74.92747129101627,0.0,0.0,0.0,0.0,0.0,0.0,0.0,0.0,0.0,0.0
5,1.25,R5Z5,115.74551966190272,0.0,0.0,2.388856279396336,89.96057164168599,-4.440892098500626e-16,0.0,0.0,37.46373564550814,0.0,0.0,0.0,82.99045844254154,0.0,0.0,0.0,0.0,0.0,0.0
5,1.25,R5Z6,121.90235609554732,0.0,0.0,2.034661390896602,50.95015041904606,-2.6645352591003757e-15,0.0,0.0,74.92747129101627,0.0,0.0,0.0,168.46311865435288,0.0,0.0,0.0,0.0,0.0,0.0
5,1.25,R5Z7,87.65372044389655,0.0,0.0,5.247218418559498,49.035039231793775,-1.7763568394002505e-15,0.0,0.0,0.0,0.0,45.0,0.0,86.45218500705258,0.0,0.0,0.0,0.0,0.0,0.0
5,1.25,R5Z8,104.39006484345538,0.0,0.0,3.276888916328353,58.09958494063336,4.440892098500626e-16,0.0,0.0,37.46373564550814,0.0,90.0,0.0,163.29710487314168,0.0,0.0,0.0,0.0,0.0,0.0
5,1.25,R5Z9,111.32111215815763,0.0,0.0,8.158880502830868,138.35371689427782,5.329070518200751e-15,0.0,0.0,0.0,0.0,45.0,0.0,88.62996498962474,0.0,0.0,0.0,0.0,0.0,0.0
5,1.25,R6Z1,88.20474577560203,0.0,135.0,18.010363594982394,34.695869404411745,0.0,0.0,0.0,0.0,0.0,0.0,0.0,0.0,80.0,0.0,520.8220644815402,0.0,0.0,0.0
5,1.25,R6Z2,164.84803822254858,0.0,135.0,14.47752142473983,21.554576343435098,0.0,0.0,0.0,74.92747129101627,0.0,0.0,0.0,122.67393882142959,80.0,0.0,553.2142018477801,0.0,0.0,0.0
5,1.25,R6Z3,92.16592677114504,0.0,0.0,24.464797797136413,60.07323989823409,3.552713678800501e-15,0.0,0.0,37.46373564550814,0.0,0.0,0.0,74.18061461202288,0.0,0.0,0.0,0.0,0.0,0.0
5,1.25,R6Z4,125.71962023326219,0.0,0.0,0.0,0.0,0.0,0.0,0.0,37.46373564550814,0.0,3.49190343330622,0.0,69.77705575070073,0.0,0.0,0.0,0.0,0.0,0.0
5,1.25,R7Z1,74.71037258226356,0.0,135.0,5.886164125643788,51.69638918383182,-8.881784197001252e-16,0.0,0.0,37.46373564550814,0.0,0.0,0.0,0.0,80.0,0.0,483.68629637485066,0.0,0.0,0.0
5,1.25,R7Z2,98.11763625215863,0.0,135.0,14.310981043536234,31.619397814996514,1.7763568394002505e-15,0.0,0.0,0.0,0.0,0.0,0.0,171.89798095406485,0.0,0.0,0.0,0.0,0.0,0.0
5,1.25,R7Z3,72.94384607295225,0.0,0.0,2.464181885807342,42.921536988526,2.220446049250313e-15,0.0,0.0,74.92747129101627,0.0,0.0,0.0,140.55353122305422,0.0,0.0,0.0,0.0,0.0,0.0
5,1.25,R7Z4,135.8626043435306,0.0,0.0,17.121408680408607,86.457114797736,3.552713678800501e-15,0.0,0.0,37.46373564550814,0.0,0.0,0.0,68.68296802238484,0.0,0.0,0.0,0.0,0.0,0.0
5,1.25,R7Z5,113.17597197314609,0.0,0.0,3.331409364112595,50.60064960957964,1.7763568394002505e-15,0.0,0.0,74.92747129101627,0.0,0.0,0.0,0.0,0.0,0.0,0.0,0.0,0.0,0.0
5,1.25,R7Z6,102.44152036348348,0.0,0.0,0.0,77.21491559306246,0.0,0.0,0.0,74.92747129101627,0.0,0.0,0.0,0.0,0.0,0.0,0.0,0.0,0.0,0.0
5,1.25,R7Z7,89.41152750001653,0.0,0.0,0.0,46.30916400892921,0.0,0.0,0.0,0.0,0.0,0.0,0.0,67.32945460606233,0.0,0.0,0.0,0.0,0.0,0.0
5,1.25,R7Z8,132.3773997946606,0.0,0.0,7.580954462047529,58.993015743665154,-4.440892098500626e-15,0.0,0.0,74.92747129101627,0.0,82.4624657655426,0.0,144.1695658106345,0.0,0.0,0.0,0.0,0.0,0.0
5,1.25,R7Z9,107.66475837368594,0.0,0.0,13.303416074495399,17.558120034998765,0.0,0.0,0.0,74.92747129101627,0.0,26.299044091221344,0.0,72.7042651169166,0.0,0.0,0.0,0.0,0.0,0.0
5,1.25,R8Z1,125.74693507925306,0.0,135.0,3.6837162121372273,90.31203761578573,-5.773159728050814e-15,0.0,0.0,37.46373564550814,0.0,45.0,0.0,88.97511267838054,80.0,0.0,561.8993647227933,0.0,0.0,0.0
5,1.25,R8Z2,115.23820722592242,0.0,135.0,0.0,136.2929252665371,0.0,0.0,0.0,37.46373564550814,0.0,90.0,0.0,149.22445196254026,0.0,0.0,0.0,0.0,0.0,0.0
5,1.25,R8Z3,77.20495417989807,0.0,0.0,1.1514500078455683,144.411324893501,3.552713678800501e-15,0.0,0.0,37.46373564550814,0.0,0.0,0.0,181.34184623454027,0.0,0.0,0.0,0.0,0.0,0.0
5,1.25,R8Z4,95.65464518465382,0.0,0.0,5.518590597458129,75.41482805257414,-3.552713678800501e-15,0.0,0.0,0.0,0.0,0.0,0.0,0.0,0.0,0.0,0.0,0.0,0.0,0.0
5,1.25,R8Z5,104.41119739098457,0.0,0.0,2.708869440944909,91.24304867356798,-5.329070518200751e-15,0.0,0.0,37.46373564550814,0.0,0.0,0.0,85.40530926554347,0.0,0.0,0.0,0.0,0.0,0.0
5,1.25,R8Z6,127.52897562977755,0.0,0.0,0.0,60.862378839676275,0.0,0.0,0.0,37.46373564550814,0.0,0.0,0.0,0.0,0.0,0.0,0.0,0.0,0.0,0.0
5,1.25,R8Z7,68.21029916882627,0.0,0.0,0.0,6.108025492377301,0.0,0.0,0.0,0.0,0.0,0.0,0.0,72.75724218193571,0.0,0.0,0.0,0.0,0.0,0.0
5,1.25,R8Z8,143.21192684525616,0.0,0.0,7.334674541534312,100.77820226725679,-8.881784197001252e-16,0.0,0.0,37.46373564550814,0.0,45.0,0.0,88.89618529098334,0.0,0.0,0.0,0.0,0.0,0.0
5,1.25,R9Z1,114.82141555685757,0.0,135.0,0.9476534148366937,41.27802642939119,3.219646771412954e-15,0.0,0.0,37.46373564550814,0.0,0.0,0.0,0.0,80.0,0.0,530.3744872229815,0.0,0.0,0.0
5,1.25,R9Z2,114.16688479638108,0.0,135.0,1.789434600341167,79.34634749344616,4.884981308350689e-15,0.0,0.0,37.46373564550814,0.0,0.0,0.0,79.0504830581307,80.0,0.0,525.7840955012452,0.0,0.0,0.0
5,1.25,R9Z3,146.503975856453,0.0,0.0,5.073913832680219,48.269777236103664,1.7763568394002505e-15,0.0,0.0,74.92747129101627,0.0,0.0,0.0,139.53889548386448,0.0,0.0,0.0,0.0,0.0,0.0
5,1.25,R9Z4,138.9278357362758,0.0,0.0,6.5519173506362165,140.32928137570434,1.7763568394002505e-15,0.0,0.0,37.46373564550814,0.0,45.0,0.0,76.21601940558796,0.0,0.0,0.0,0.0,0.0,0.0
5,1.25,R9Z5,109.42091056154774,0.0,0.0,1.845700547809713,139.78729055705597,-2.886579864025407e-15,0.0,0.0,37.46373564550814,0.0,51.86010132774615,0.0,143.73113007808752,0.0,0.0,0.0,0.0,0.0,0.0
5,1.25,R9Z6,109.67094910191501,0.0,0.0,4.614772448995353,61.501243612222396,-2.6645352591003757e-15,0.0,0.0,37.46373564550814,0.0,21.40034304370846,0.0,167.20990066411173,0.0,0.0,0.0,0.0,0.0,0.0
5,1.25,R9Z7,106.40415314768907,0.0,0.0,19.2548924317002,52.258926919161055,0.0,0.0,0.0,0.0,0.0,0.0,0.0,80.88936072050204,0.0,0.0,0.0,0.0,0.0,0.0
5,1.25,R9Z8,107.74975383887448,0.0,0.0,8.77682149753035,46.94819563557644,0.0,0.0,0.0,37.46373564550814,0.0,4.411870732257552,0.0,64.71678685035863,0.0,0.0,0.0,0.0,0.0,0.0
5,1.25,R9Z9,95.31052321593684,0.0,0.0,10.044899740275618,41.008518660882835,0.0,0.0,0.0,0.0,0.0,90.0,0.0,149.81453059227815,0.0,0.0,0.0,0.0,0.0,0.0
5,1.25,R9Z10,83.13701825218473,0.0,0.0,5.529684237624082,100.70592036819009,-1.7763568394002505e-15,0.0,0.0,0.0,0.0,0.0,0.0,0.0,0.0,0.0,0.0,0.0,0.0,0.0
5,1.25,R9Z11,139.9597333811077,0.0,0.0,1.422823484915142,112.69158533106878,2.220446049250313e-15,0.0,0.0,0.0,0.0,0.0,0.0,151.76705063114767,0.0,0.0,0.0,0.0,0.0,0.0
5,1.25,R10Z1,109.73233384270847,0.0,0.0,0.8971514981625432,129.98155639637176,-5.88418203051333e-15,0.0,0.0,0.0,0.0,13.352119778594108,0.0,74.307534333487,80.0,0.0,462.4202114997355,0.0,0.0,0.0
5,1.25,R10Z2,95.42812711679008,0.0,0.0,6.69199455929467,239.59557775280746,-1.7763568394002505e-15,0.0,0.0,0.0,0.0,0.0,0.0,163.44888284874676,80.0,0.0,531.0381998625934,0.0,0.0,0.0
5,1.25,R10Z3,127.92244722934491,0.0,0.0,0.7909593594803965,87.24701814879165,8.881784197001252e-16,0.0,0.0,0.0,0.0,0.0,0.0,85.06550706888997,0.0,0.0,0.0,0.0,0.0,0.0
5,1.25,R10Z4,146.86085532962156,0.0,0.0,3.3324881040441916,28.642644654833404,-1.3322676295501878e-15,0.0,0.0,74.92747129101627,0.0,45.0,0.0,76.16766766693641,0.0,0.0,0.0,0.0,0.0,0.0
5,1.25,R10Z5,82.03602952922228,0.0,0.0,0.0,94.26976839990351,0.0,0.0,0.0,74.92747129101627,0.0,0.0,0.0,0.0,0.0,0.0,0.0,0.0,0.0,0.0
5,1.25,R10Z6,91.14117591766353,0.0,0.0,0.0,53.350085081229665,0.0,0.0,0.0,74.92747129101627,0.0,45.0,0.0,73.1724018329962,0.0,0.0,0.0,0.0,0.0,0.0
5,1.25,R10Z7,141.15133087309016,0.0,0.0,0.0,173.2008570904208,0.0,0.0,0.0,74.92747129101627,0.0,45.0,0.0,88.52212123492293,0.0,0.0,0.0,0.0,0.0,0.0
5,1.25,R10Z8,115.71315215219472,0.0,0.0,0.0,29.774092047929948,0.0,0.0,0.0,0.0,0.0,45.0,0.0,85.65990305595665,0.0,0.0,0.0,0.0,0.0,0.0
5,1.25,R10Z9,113.53056695408998,0.0,0.0,0.27792020662342054,95.83851567808901,6.8833827526759706e-15,0.0,0.0,37.46373564550814,0.0,0.0,0.0,0.0,0.0,0.0,0.0,0.0,0.0,0.0
5,1.25,R11Z1,153.2669232773755,0.0,135.0,5.899442903397784,148.05212052718835,0.0,0.0,0.0,74.92747129101627,0.0,0.0,0.0,167.22978902157521,0.0,0.0,0.0,0.0,0.0,0.0
5,1.25,R11Z2,106.69744507410876,0.0,135.0,0.4162110358510631,33.89691793824987,1.3322676295501878e-15,0.0,0.0,37.46373564550814,0.0,0.0,0.0,73.24253694535743,0.0,0.0,0.0,0.0,0.0,0.0
5,1.25,R11Z3,135.05619468804915,0.0,0.0,4.609600555985104,51.42486382018352,1.7763568394002505e-15,0.0,0.0,37.46373564550814,0.0,0.0,0.0,0.0,0.0,0.0,0.0,0.0,0.0,0.0
5,1.25,R11Z4,120.89569055915149,0.0,0.0,16.190162770885493,78.34607358386246,-3.552713678800501e-15,0.0,0.0,0.0,0.0,0.0,0.0,84.91917286554366,0.0,0.0,0.0,0.0,0.0,0.0
5,1.25,R11Z5,72.63635431047634,0.0,0.0,0.0,0.0,0.6254093135761929,65.52826466607858,0.0,37.46373564550814,0.0,0.0,0.0,92.98221740270621,0.0,0.0,0.0,0.0,0.0,0.0
5,1.25,R11Z6,101.31769363286763,0.0,0.0,0.0,0.0,3.138878053973333,94.34212994324082,0.0,0.0,0.0,0.0,0.0,0.0,0.0,0.0,0.0,0.0,0.0,0.0
5,1.25,R11Z7,114.34183706433362,0.0,0.0,0.0,84.84392540101348,0.0,0.0,0.0,37.46373564550814,0.0,0.0,0.0,0.0,0.0,0.0,0.0,0.0,0.0,0.0
5,1.25,R11Z8,117.93079871626826,0.0,0.0,0.0,103.42206208155669,0.0,0.0,0.0,37.46373564550814,0.0,0.0,0.0,167.06809997971183,0.0,0.0,0.0,0.0,0.0,0.0
5,1.25,R12Z1,90.6432775643372,0.0,135.0,0.0,58.23686123716388,11.593418650538922,134.63255366178504,0.0,74.92747129101627,0.0,0.0,0.0,144.22478573609587,0.0,0.0,0.0,0.0,0.0,0.0
5,1.25,R12Z2,94.14392312532381,0.0,135.0,0.0,0.0,5.06703579845165,183.05162331467255,0.0,37.46373564550814,0.0,0.0,0.0,91.99553927515356,0.0,0.0,0.0,0.0,0.0,0.0
5,1.25,R12Z3,108.67003999404359,0.0,0.0,0.0,16.22563758206551,0.0,0.0,0.0,37.46373564550814,0.0,0.0,0.0,167.4714821076656,0.0,0.0,0.0,0.0,0.0,0.0
5,1.25,R12Z4,96.9087811205378,0.0,0.0,0.0,0.0,9.447637665731639,38.187133381868804,0.0,0.0,0.0,0.0,0.0,0.0,0.0,0.0,0.0,0.0,0.0,0.0
5,1.25,R12Z5,128.3484538225181,0.0,0.0,0.0,119.5491302380328,0.0,0.0,0.0,0.0,0.0,0.0,0.0,157.8142114124182,0.0,0.0,0.0,0.0,0.0,0.0
5,1.25,R12Z6,126.66481512007357,0.0,0.0,3.727362430080568,55.332592081569516,3.1086244689504383e-15,0.0,0.0,0.0,0.0,0.0,0.0,0.0,0.0,0.0,0.0,0.0,0.0,0.0
5,1.25,R12Z7,92.16540690135834,0.0,0.0,0.0,74.89723173354041,1.0773917021834298,37.584631630539846,0.0,74.92747129101627,0.0,0.0,0.0,0.0,0.0,0.0,0.0,0.0,0.0,0.0
5,1.25,R12Z8,182.98395358128596,0.0,0.0,13.994005685073361,98.36969317176579,-3.552713678800501e-15,0.0,0.0,0.0,0.0,0.0,0.0,88.00430399746209,0.0,0.0,0.0,0.0,0.0,0.0
5,1.25,R12Z9,117.72733792245444,0.0,0.0,2.405968284075584,63.2898999740124,-7.105427357601002e-15,0.0,0.0,74.92747129101627,0.0,0.0,0.0,174.80131062805583,0.0,0.0,0.0,0.0,0.0,0.0
6,1.5,R1Z1,64.19708128208838,0.0,0.0,1.919540140085104,164.67055218063672,1.3322676295501878e-15,0.0,0.0,81.28913062647354,595.9394580021076,0.0,0.0,157.98599488736465,0.0,0.0,605.7799621160176,0.0,0.0,0.0
6,1.5,R1Z2,93.63174788395804,0.0,0.0,0.0,19.544351798235017,0.0,0.0,0.0,81.28913062647354,0.0,0.0,0.0,111.33627721524995,0.0,0.0,0.0,0.0,0.0,0.0
6,1.5,R1Z3,175.764167080838,0.0,0.0,0.0,73.01381561815666,0.0,0.0,0.0,40.64456531323677,0.0,0.0,90.0,87.23547385595751,0.0,0.0,0.0,0.0,0.0,0.0
6,1.5,R1Z4,91.26663333998414,0.0,0.0,0.0,67.4852178024082,0.0,0.0,0.0,81.28913062647354,0.0,0.0,0.0,0.0,0.0,0.0,0.0,0.0,0.0,0.0
6,1.5,R1Z5,118.40499549304529,0.0,0.0,0.562730419805213,39.87506673246863,3.4416913763379853e-15,0.0,0.0,81.28913062647354,0.0,0.0,0.0,0.0,0.0,0.0,0.0,0.0,0.0,0.0
6,1.5,R1Z6,101.53088573701729,0.0,0.0,3.763243905950283,50.5607264648318,3.1086244689504383e-15,0.0,0.0,0.0,0.0,0.0,45.0,38.979598473923694,0.0,0.0,0.0,0.0,0.0,0.0
6,1.5,R1Z7,122.89192204239265,0.0,0.0,0.0,20.769188498159057,0.0,0.0,0.0,40.64456531323677,0.0,0.0,0.0,60.47557199892678,0.0,0.0,0.0,0.0,0.0,0.0
6,1.5,R1Z8,78.51927600929497,0.0,0.0,0.0,136.50407013968115,0.0,0.0,0.0,0.0,0.0,0.0,0.0,0.0,0.0,0.0,0.0,0.0,0.0,0.0
6,1.5,R1Z9,108.15113996259099,0.0,0.0,0.0,134.39727242569123,0.0,0.0,0.0,0.0,0.0,0.0,77.63939064462846,79.73998202104517,0.0,0.0,0.0,0.0,0.0,0.0
6,1.5,R1Z10,96.15709312920613,0.0,0.0,0.0,30.40485277693285,0.0,0.0,0.0,0.0,0.0,0.0,90.0,108.56371317088357,0.0,0.0,0.0,0.0,0.0,0.0
6,1.5,R2Z1,102.95997063564491,0.0,135.0,6.664391029115535,71.47088071378255,7.105427357601002e-15,0.0,0.0,0.0,0.0,0.0,0.0,77.73042502871574,80.0,0.0,593.8694743089148,0.0,0.0,0.0
6,1.5,R2Z2,98.72822260460785,0.0,135.0,9.863962460710127,42.99418130139408,3.552713678800501e-15,0.0,0.0,0.0,0.0,0.0,0.0,84.01315432404262,80.0,0.0,504.4816355421325,0.0,0.0,0.0
6,1.5,R2Z3,109.48382372846244,0.0,0.0,14.312021866167996,22.545922963110215,3.552713678800501e-15,0.0,0.0,40.64456531323677,0.0,0.0,0.0,72.72526598064826,0.0,0.0,0.0,0.0,0.0,0.0
6,1.5,R2Z4,138.74767767975968,0.0,0.0,0.0,91.28034221962491,6.016297627544515,49.47291989263283,0.0,81.28913062647354,0.0,0.0,0.0,0.0,0.0,0.0,0.0,0.0,0.0,0.0
6,1.5,R2Z5,90.66427794580063,0.0,0.0,2.065558208153206,72.98183483799151,5.329070518200751e-15,0.0,0.0,40.64456531323677,0.0,0.0,0.0,0.0,0.0,0.0,0.0,0.0,0.0,0.0
6,1.5,R2Z6,81.73757263029626,0.0,0.0,8.341723575323726,114.12222251165156,0.0,0.0,0.0,81.28913062647354,0.0,0.0,0.0,175.5940590046486,0.0,0.0,0.0,0.0,0.0,0.0
6,1.5,R2Z7,125.60595194307886,0.0,0.0,2.5161027981012687,29.90404204262582,8.881784197001252e-16,0.0,0.0,81.28913062647354,0.0,0.0,0.0,89.71808023316531,0.0,0.0,0.0,0.0,0.0,0.0
6,1.5,R2Z8,129.45733754781867,0.0,0.0,6.78579678929338,0.0,0.0,0.0,0.0,0.0,0.0,0.0,0.0,92.45126858278097,0.0,0.0,0.0,0.0,0.0,0.0
6,1.5,R2Z9,59.1333852581608,0.0,0.0,0.4299394866856545,126.986172135973,-4.3298697960381105e-15,0.0,0.0,40.64456531323677,0.0,45.0,0.0,84.55747673265877,0.0,0.0,0.0,0.0,0.0,0.0
6,1.5,R3Z1,76.01853165267777,0.0,0.0,19.099582328167116,23.749881306203292,3.552713678800501e-15,0.0,0.0,0.0,0.0,0.0,0.0,0.0,0.0,0.0,0.0,0.0,0.0,0.0
6,1.5,R3Z2,111.36481347164806,0.0,0.0,16.11496040386794,137.07599351343043,7.105427357601002e-15,0.0,0.0,81.28913062647354,0.0,35.32002556923656,0.0,168.42613218901838,0.0,0.0,0.0,0.0,0.0,0.0
6,1.5,R3Z3,138.82112372015774,0.0,0.0,4.513786788633368,42.859030090243316,1.7763568394002505e-15,0.0,0.0,40.64456531323677,0.0,0.0,0.0,0.0,0.0,0.0,0.0,0.0,0.0,0.0
6,1.5,R4Z1,119.30094031369933,0.0,135.0,0.0,0.0,4.013946859384311,96.61264490009637,0.0,81.28913062647354,0.0,0.0,0.0,83.32643081753471,0.0,0.0,0.0,0.0,0.0,0.0
6,1.5,R4Z2,124.53844459863222,0.0,0.0,8.915199023535216,45.867183410544634,-1.7763568394002505e-15,0.0,0.0,81.28913062647354,0.0,11.533068461921147,0.0,120.72937341953538,0.0,0.0,0.0,0.0,0.0,0.0
6,1.5,R4Z3,119.64398992760418,0.0,0.0,7.690882569224854,87.56257521830007,-7.105427357601002e-15,0.0,0.0,0.0,0.0,0.0,0.0,0.0,0.0,0.0,0.0,0.0,0.0,0.0
6,1.5,R4Z4,126.43074632471028,0.0,0.0,5.352371729375996,21.22739752271542,-8.881784197001252e-16,0.0,0.0,0.0,0.0,0.0,0.0,0.0,0.0,0.0,0.0,0.0,0.0,0.0
6,1.5,R4Z5,111.19764319911489,0.0,0.0,2.2683305240427956,77.65751665009478,-6.661338147750939e-15,0.0,0.0,81.28913062647354,0.0,0.0,0.0,0.0,0.0,0.0,0.0,0.0,0.0,0.0
6,1.5,R4Z6,113.7698799390203,0.0,0.0,8.204058709076167,15.903622140163067,0.0,0.0,0.0,81.28913062647354,0.0,72.32392220633464,0.0,128.15152109406478,0.0,0.0,0.0,0.0,0.0,0.0
6,1.5,R4Z7,136.8519244706435,0.0,0.0,9.174288412869458,76.33014895022788,5.329070518200751e-15,0.0,0.0,81.28913062647354,0.0,0.0,0.0,0.0,0.0,0.0,0.0,0.0,0.0,0.0
6,1.5,R4Z8,130.31402771879033,0.0,0.0,10.63668976518133,30.312815305279464,1.7763568394002505e-15,0.0,0.0,81.28913062647354,0.0,0.0,0.0,0.0,0.0,0.0,0.0,0.0,0.0,0.0
6,1.5,R4Z9,103.19021644860423,0.0,0.0,8.137373709688902,63.914728938242135,7.105427357601002e-15,0.0,0.0,0.0,0.0,15.266904620217232,0.0,74.42853323376954,0.0,0.0,0.0,0.0,0.0,0.0
6,1.5,R4Z10,133.81851520723035,0.0,0.0,6.33635608009962,131.1986818014668,-7.105427357601002e-15,0.0,0.0,0.0,0.0,0.0,0.0,59.84439911192239,0.0,0.0,0.0,0.0,0.0,0.0
6,1.5,R4Z11,167.70159496964985,0.0,0.0,14.120780847899411,70.32106928432553,5.329070518200751e-15,0.0,0.0,40.64456531323677,0.0,0.0,0.0,58.349650376067345,0.0,0.0,0.0,0.0,0.0,0.0
6,1.5,R5Z1,79.93747460919431,0.0,135.0,13.347084319228323,46.714991382250446,0.0,0.0,0.0,0.0,0.0,45.0,0.0,74.66296804189861,0.0,0.0,0.0,0.0,0.0,0.0
6,1.5,R5Z2,107.28871138062891,0.0,135.0,1.962813016308715,58.874509502441434,4.440892098500626e-16,0.0,0.0,40.64456531323677,0.0,0.0,0.0,177.64737153549697,0.0,0.0,0.0,0.0,0.0,0.0
6,1.5,R5Z3,133.31304211082139,0.0,0.0,5.079554009750311,113.47611384153033,-3.552713678800501e-15,0.0,0.0,40.64456531323677,0.0,90.0,0.0,150.67919097060144,0.0,0.0,0.0,0.0,0.0,0.0
6,1.5,R5Z4,110.11008466393112,0.0,0.0,3.206637123465832,49.38773111442522,1.3322676295501878e-15,0.0,0.0,81.28913062647354,0.0,0.0,0.0,0.0,0.0,0.0,0.0,0.0,0.0,0.0
6,1.5,R5Z5,127.01529100936234,0.0,0.0,3.820045392736901,64.93955157042429,6.217248937900877e-15,0.0,0.0,40.64456531323677,0.0,0.0,0.0,82.89765624017755,0.0,0.0,0.0,0.0,0.0,0.0
6,1.5,R5Z6,138.92858241544693,0.0,0.0,2.705458986799613,123.72765280147107,3.9968028886505635e-15,0.0,0.0,81.28913062647354,0.0,0.0,0.0,168.27473858366014,0.0,0.0,0.0,0.0,0.0,0.0
6,1.5,R5Z7,97.7344338432503,0.0,0.0,0.0,0.0,6.38805107922316,33.8939768337966,0.0,0.0,0.0,20.50315319502519,0.0,91.29508724415291,0.0,0.0,0.0,0.0,0.0,0.0
6,1.5,R5Z8,101.65075608425943,0.0,0.0,0.0,56.36992820330467,0.0,32.22780770499274,0.0,40.64456531323677,0.0,28.25542428492324,0.0,169.9217374445599,0.0,0.0,0.0,0.0,0.0,0.0
6,1.5,R5Z9,100.03981854175827,0.0,0.0,10.446079814371444,81.24950332200167,5.329070518200751e-15,0.0,0.0,0.0,0.0,0.0,0.0,88.53085653666716,0.0,0.0,0.0,0.0,0.0,0.0
6,1.5,R6Z1,110.72001625013057,0.0,135.0,15.317131759543493,14.351923768101713,-1.7763568394002505e-15,0.0,0.0,0.0,0.0,0.0,0.0,0.0,80.0,0.0,539.0301068056744,0.0,0.0,0.0
6,1.5,R6Z2,149.36330791458312,0.0,135.0,1.9570013222616183,57.84421300341725,-8.881784197001252e-16,0.0,0.0,81.28913062647354,0.0,90.0,0.0,144.21936731055695,80.0,0.0,571.3944610191594,0.0,0.0,0.0
6,1.5,R6Z3,111.4931385506541,0.0,0.0,12.567992532009498,136.4322156263061,-3.552713678800501e-15,0.0,0.0,40.64456531323677,0.0,45.0,0.0,84.93896674094782,0.0,0.0,0.0,0.0,0.0,0.0
6,1.5,R6Z4,121.38993632485425,0.0,0.0,7.3231518775173186,127.80692344143637,7.105427357601002e-15,0.0,0.0,40.64456531323677,0.0,45.0,0.0,80.54033205968493,0.0,0.0,0.0,0.0,0.0,0.0
6,1.5,R7Z1,71.8992576103133,0.0,135.0,8.045805433824967,75.32421998483929,-1.7763568394002505e-15,0.0,0.0,40.64456531323677,0.0,0.0,0.0,0.0,80.0,0.0,501.92619052482496,0.0,0.0,0.0
6,1.5,R7Z2,98.78115726643688,0.0,135.0,17.977970491486396,13.834134942304848,0.0,0.0,0.0,0.0,0.0,0.0,0.0,171.7057599263246,0.0,0.0,0.0,0.0,0.0,0.0
6,1.5,R7Z3,75.31317935905875,0.0,0.0,0.0,0.0,3.724482120807262,99.10119258088797,0.0,81.28913062647354,0.0,25.90899500078239,0.0,146.6382995998485,0.0,0.0,0.0,0.0,0.0,0.0
6,1.5,R7Z4,111.54351615736635,0.0,0.0,16.51053627745968,72.84192155804199,0.0,0.0,0.0,40.64456531323677,0.0,12.205198621978578,0.0,71.54661496952815,0.0,0.0,0.0,0.0,0.0,0.0
6,1.5,R7Z5,133.41436780593932,0.0,0.0,4.185853260968784,126.85151333121898,7.993605777301127e-15,0.0,0.0,81.28913062647354,0.0,0.0,0.0,0.0,0.0,0.0,0.0,0.0,0.0,0.0
6,1.5,R7Z6,101.19144846077583,0.0,0.0,12.517803012379147,73.78847301585505,-3.552713678800501e-15,0.0,0.0,81.28913062647354,0.0,0.0,0.0,0.0,0.0,0.0,0.0,0.0,0.0,0.0
6,1.5,R7Z7,75.07204921889162,0.0,0.0,11.77095154460524,71.47771424843475,5.329070518200751e-15,0.0,0.0,0.0,0.0,19.149793558305166,0.0,71.86769191963798,0.0,0.0,0.0,0.0,0.0,0.0
6,1.5,R7Z8,139.05798463203104,0.0,0.0,24.701328916364616,75.92542336581559,0.0,0.0,0.0,81.28913062647354,0.0,35.879924815095876,0.0,152.65246553942683,0.0,0.0,0.0,0.0,0.0,0.0
6,1.5,R7Z9,116.69043470020978,0.0,0.0,16.096374008944792,86.99642223190246,3.552713678800501e-15,0.0,0.0,81.28913062647354,0.0,45.0,0.0,83.46426814025973,0.0,0.0,0.0,0.0,0.0,0.0
6,1.5,R8Z1,125.6795502423153,0.0,135.0,0.0,20.9340208913855,0.0,115.60209083763951,0.0,40.64456531323677,0.0,0.0,0.0,88.87561827182952,80.0,0.0,580.0721745182907,0.0,0.0,0.0
6,1.5,R8Z2,103.3301863360561,0.0,135.0,0.0,0.0,0.0,182.2003783287828,0.0,40.64456531323677,0.0,23.95632570682935,0.0,154.82909140455033,0.0,0.0,0.0,0.0,0.0,0.0
6,1.5,R8Z3,81.30209765926853,0.0,0.0,0.49250070656118794,99.07922969117232,2.831068712794149e-15,0.0,0.0,40.64456531323677,0.0,0.0,0.0,181.1390648181324,0.0,0.0,0.0,0.0,0.0,0.0
6,1.5,R8Z4,77.55869721852346,0.0,0.0,3.603376339025374,160.0,3.9968028886505635e-15,0.0,0.0,0.0,0.0,0.0,0.0,0.0,0.0,0.0,0.0,0.0,0.0,0.0
6,1.5,R8Z5,121.97691174161706,0.0,0.0,1.1616043354499501,0.0,0.0,0.0,0.0,40.64456531323677,0.0,20.066944444215352,0.0,90.14429167653033,0.0,0.0,0.0,0.0,0.0,0.0
6,1.5,R8Z6,110.75309093219663,0.0,0.0,1.4003915789930943,129.0004126014521,1.3100631690576847e-14,0.0,0.0,40.64456531323677,0.0,0.0,0.0,0.0,0.0,0.0,0.0,0.0,0.0,0.0
6,1.5,R8Z7,85.75896898810146,0.0,0.0,0.0,50.20192456808334,0.0,0.0,0.0,0.0,0.0,45.0,0.0,83.51718596487457,0.0,0.0,0.0,0.0,0.0,0.0
6,1.5,R8Z8,165.28725708225065,0.0,0.0,8.522904025835487,52.40627373399495,-1.7763568394002505e-15,0.0,0.0,40.64456531323677,0.0,0.0,0.0,88.79677914319743,0.0,0.0,0.0,0.0,0.0,0.0
6,1.5,R9Z1,112.21043209958611,0.0,135.0,8.297067120535765,44.55517062742446,-1.7763568394002505e-15,0.0,0.0,40.64456531323677,0.0,0.0,0.0,0.0,80.0,0.0,548.5743363112942,0.0,0.0,0.0
6,1.5,R9Z2,108.9534942814129,0.0,135.0,2.3921853696919158,65.64153321385218,-5.329070518200751e-15,0.0,0.0,40.64456531323677,0.0,0.0,0.0,78.9620866440922,80.0,0.0,543.9878818275663,0.0,0.0,0.0
6,1.5,R9Z3,154.40759304655037,0.0,0.0,0.44790344901853985,47.776888520908244,1.3322676295501878e-15,0.0,0.0,81.28913062647354,0.0,0.0,0.0,139.38285927127617,0.0,0.0,0.0,0.0,0.0,0.0
6,1.5,R9Z4,147.01602383726777,0.0,0.0,8.39387386742844,111.48552180572393,1.7763568394002505e-15,0.0,0.0,40.64456531323677,0.0,0.0,0.0,76.13079256639473,0.0,0.0,0.0,0.0,0.0,0.0
6,1.5,R9Z5,99.97449165705866,0.0,0.0,4.416305439567523,69.29833053926426,7.105427357601002e-15,0.0,0.0,40.64456531323677,0.0,62.22585475503297,0.0,158.5617246835113,0.0,0.0,0.0,0.0,0.0,0.0
6,1.5,R9Z6,119.42337099665542,0.0,0.0,2.796780108425395,49.22706400575719,-1.3322676295501878e-15,0.0,0.0,40.64456531323677,0.0,6.49220453758734,0.0,168.5870098878253,0.0,0.0,0.0,0.0,0.0,0.0
6,1.5,R9Z7,105.80283150335546,0.0,0.0,7.0276774240721025,54.89736007545269,-8.881784197001252e-16,0.0,0.0,0.0,0.0,0.0,0.0,80.7989080231251,0.0,0.0,0.0,0.0,0.0,0.0
6,1.5,R9Z8,124.30917033521311,0.0,0.0,5.2731689174957666,49.02368909061231,0.0,0.0,0.0,40.64456531323677,0.0,0.0,0.0,64.6444187677821,0.0,0.0,0.0,0.0,0.0,0.0
6,1.5,R9Z9,111.1737284157866,0.0,0.0,8.053636176128279,65.9656895804131,7.105427357601002e-15,0.0,0.0,0.0,0.0,90.0,0.0,171.32960972875625,0.0,0.0,0.0,0.0,0.0,0.0
6,1.5,R9Z10,78.4169315073303,0.0,0.0,10.48292582306766,135.56661282614138,-1.0658141036401503e-14,0.0,0.0,0.0,0.0,0.0,0.0,0.0,0.0,0.0,0.0,0.0,0.0,0.0
6,1.5,R9Z11,135.92363144688971,0.0,0.0,5.355266165472642,137.45115728984248,1.3322676295501878e-14,0.0,0.0,0.0,0.0,0.0,0.0,151.5973405607471,0.0,0.0,0.0,0.0,0.0,0.0
6,1.5,R10Z1,101.80927329065804,0.0,0.0,0.2905233820241335,67.34184661344004,-2.7755575615628914e-16,0.0,0.0,0.0,0.0,0.0,0.0,74.22444161454318,80.0,0.0,480.6783458441713,0.0,0.0,0.0
6,1.5,R10Z2,93.78893607462656,0.0,0.0,0.0,126.35772556188354,0.0,0.0,0.0,0.0,0.0,56.034014344667284,0.0,176.76570368909822,80.0,0.0,549.2374796760403,0.0,0.0,0.0
6,1.5,R10Z3,144.24044307640725,0.0,0.0,1.3574203778622547,117.22145962408304,5.10702591327572e-15,0.0,0.0,0.0,0.0,0.0,0.0,84.97038449035081,0.0,0.0,0.0,0.0,0.0,0.0
6,1.5,R10Z4,171.59779702108384,0.0,0.0,2.3128453160931386,47.69682811085066,2.6645352591003757e-15,0.0,0.0,81.28913062647354,0.0,41.79110825576553,0.0,86.1507185421741,0.0,0.0,0.0,0.0,0.0,0.0
6,1.5,R10Z5,79.43635003325039,0.0,0.0,0.289137555755957,146.897713458295,9.492406860545088e-15,0.0,0.0,81.28913062647354,0.0,0.0,0.0,0.0,0.0,0.0,0.0,0.0,0.0,0.0
6,1.5,R10Z6,92.50378348983956,0.0,0.0,3.363059265270376,16.325479436536135,-4.440892098500626e-16,0.0,0.0,81.28913062647354,0.0,0.0,0.0,73.0905784502869,0.0,0.0,0.0,0.0,0.0,0.0
6,1.5,R10Z7,125.91977509941302,0.0,0.0,1.0667050097368929,81.04480376991896,-3.9968028886505635e-15,0.0,0.0,81.28913062647354,0.0,0.0,0.0,88.42313337580393,0.0,0.0,0.0,0.0,0.0,0.0
6,1.5,R10Z8,140.15418788898972,0.0,0.0,0.0,40.705796854768906,0.0,0.0,0.0,0.0,0.0,0.0,0.0,85.56411580755409,0.0,0.0,0.0,0.0,0.0,0.0
6,1.5,R10Z9,115.93662365231633,0.0,0.0,0.0,83.1135460616796,0.0,0.0,0.0,40.64456531323677,0.0,0.0,0.0,0.0,0.0,0.0,0.0,0.0,0.0,0.0
6,1.5,R11Z1,126.70905150365522,0.0,135.0,1.7884924871186598,121.26616609745071,-5.10702591327572e-15,0.0,0.0,81.28913062647354,0.0,0.0,0.0,167.0427880938383,0.0,0.0,0.0,0.0,0.0,0.0
6,1.5,R11Z2,116.40766495380502,0.0,135.0,0.0,0.0,2.188508255783725,56.97230111484941,0.0,40.64456531323677,0.0,0.0,0.0,73.16063513564565,0.0,0.0,0.0,0.0,0.0,0.0
6,1.5,R11Z3,143.75443121905465,0.0,0.0,0.0,0.0,5.256288546687641,38.280115931607945,0.0,40.64456531323677,0.0,0.0,0.0,0.0,0.0,0.0,0.0,0.0,0.0,0.0
6,1.5,R11Z4,112.0821519605853,0.0,0.0,0.0,57.77942857422457,5.890446519503025,59.1855568160594,0.0,0.0,0.0,0.0,0.0,84.82421392191634,0.0,0.0,0.0,0.0,0.0,0.0
6,1.5,R11Z5,46.80113410087916,0.0,0.0,0.0,0.0,3.064405213481866,75.5059236979558,0.0,40.64456531323677,0.0,0.0,0.0,92.87824214196425,0.0,0.0,0.0,0.0,0.0,0.0
6,1.5,R11Z6,82.0393533630488,0.0,0.0,0.0,0.0,4.957892755663873,80.83555852056092,0.0,0.0,0.0,0.0,0.0,0.0,0.0,0.0,0.0,0.0,0.0,0.0
6,1.5,R11Z7,82.50860658471318,0.0,0.0,1.4458500812858688,91.45749633796964,-2.886579864025407e-15,0.0,0.0,40.64456531323677,0.0,0.0,0.0,0.0,0.0,0.0,0.0,0.0,0.0,0.0
6,1.5,R11Z8,108.92855829226966,0.0,0.0,0.1425498004063286,207.07439842584037,8.826273045769994e-15,0.0,0.0,40.64456531323677,0.0,0.0,0.0,166.88127985708752,0.0,0.0,0.0,0.0,0.0,0.0
6,1.5,R12Z1,89.44898040190824,0.0,135.0,0.0,0.0,0.0,158.42103528512672,0.0,81.28913062647354,0.0,0.0,0.0,144.06350963275864,0.0,0.0,0.0,0.0,0.0,0.0
6,1.5,R12Z2,130.36043294491844,0.0,135.0,0.0,0.0,6.087241489858582,137.4922906611192,0.0,40.64456531323677,0.0,0.0,0.0,91.89266734490259,0.0,0.0,0.0,0.0,0.0,0.0
6,1.5,R12Z3,119.28584040572031,0.0,0.0,3.66697903533197,51.2398241608161,-1.7763568394002505e-15,0.0,0.0,40.64456531323677,0.0,0.0,0.0,167.28421091210384,0.0,0.0,0.0,0.0,0.0,0.0
6,1.5,R12Z4,94.09503677311609,0.0,0.0,0.0,0.0,12.07931203268044,74.78618978313139,0.0,0.0,0.0,0.0,0.0,0.0,0.0,0.0,0.0,0.0,0.0,0.0
6,1.5,R12Z5,159.24254027731945,0.0,0.0,3.7050393916444904,120.37617245179298,1.3322676295501878e-15,0.0,0.0,0.0,0.0,0.0,0.0,157.6377392413005,0.0,0.0,0.0,0.0,0.0,0.0
6,1.5,R12Z6,103.76967899903036,0.0,0.0,0.0,0.0,12.19966895058157,128.8484833894309,0.0,0.0,0.0,0.0,0.0,0.0,0.0,0.0,0.0,0.0,0.0,0.0
6,1.5,R12Z7,75.275681053588,0.0,0.0,3.1727863485154444,71.84491933636416,-6.661338147750939e-15,0.0,0.0,81.28913062647354,0.0,0.0,0.0,0.0,0.0,0.0,0.0,0.0,0.0,0.0
6,1.5,R12Z8,145.73206100259458,0.0,0.0,0.0,0.0,6.566099765285855,82.51989118578344,0.0,0.0,0.0,0.0,0.0,87.90589517575243,0.0,0.0,0.0,0.0,0.0,0.0
6,1.5,R12Z9,145.5622120206542,0.0,0.0,3.275747610728729,168.78595726243125,1.021405182655144e-14,0.0,0.0,81.28913062647354,0.0,0.0,0.0,174.60584301760002,0.0,0.0,0.0,0.0,0.0,0.0
7,1.75,R1Z1,70.1513845686891,0.0,0.0,0.0,143.28739068101987,0.0,0.0,0.0,68.84908859051191,0.0,0.0,0.0,157.80933062326298,0.0,0.0,605.2603768526853,0.0,0.0,0.0
7,1.75,R1Z2,94.09825161849582,0.0,0.0,0.20001267395150535,137.72395834036064,-4.052314039881821e-15,0.0,0.0,68.84908859051191,0.0,0.0,0.0,111.21177794241203,0.0,0.0,0.0,0.0,0.0,0.0
7,1.75,R1Z3,185.84719778345112,0.0,0.0,12.518110469714486,119.51234687947226,7.105427357601002e-15,0.0,0.0,34.424544295255956,0.0,0.0,0.0,87.1379247611576,0.0,0.0,0.0,0.0,0.0,0.0
7,1.75,R1Z4,102.50650053855078,0.0,0.0,4.659639577053042,115.34277173054156,3.552713678800501e-15,0.0,0.0,68.84908859051191,0.0,0.0,0.0,0.0,0.0,0.0,0.0,0.0,0.0,0.0
7,1.75,R1Z5,80.09258860033025,0.0,0.0,9.777509454411522,30.14921929872414,0.0,0.0,0.0,68.84908859051191,0.0,0.0,0.0,0.0,0.0,0.0,0.0,0.0,0.0,0.0
7,1.75,R1Z6,63.915864164828875,0.0,0.0,13.106840585884981,65.5796740726601,0.0,0.0,0.0,0.0,0.0,0.0,0.0,38.936010419904825,0.0,0.0,0.0,0.0,0.0,0.0
7,1.75,R1Z7,115.06857483112309,0.0,0.0,0.0,26.370349563129274,0.0,0.0,0.0,34.424544295255956,0.0,0.0,0.0,60.40794655889372,0.0,0.0,0.0,0.0,0.0,0.0
7,1.75,R1Z8,70.41349149112274,0.0,0.0,0.66024243642876,42.75413925376478,-1.2212453270876722e-15,0.0,0.0,0.0,0.0,0.0,0.0,0.0,0.0,0.0,0.0,0.0,0.0,0.0
7,1.75,R1Z9,101.13255513343151,0.0,0.0,0.0,170.06853165739096,0.0,0.0,0.0,0.0,0.0,0.0,36.16606646476055,70.26844951335191,0.0,0.0,0.0,0.0,0.0,0.0
7,1.75,R1Z10,95.34246741833879,0.0,0.0,3.397957925715744,63.39235588817624,-4.884981308350689e-15,0.0,0.0,0.0,0.0,0.0,0.0,108.44231425505465,0.0,0.0,0.0,0.0,0.0,0.0
7,1.75,R2Z1,123.95632037384945,0.0,135.0,16.448297530209544,117.42691500675306,7.105427357601002e-15,0.0,0.0,0.0,0.0,0.0,0.0,77.64350473970026,80.0,0.0,612.0148629303113,0.0,0.0,0.0
7,1.75,R2Z2,76.00735538289616,0.0,135.0,18.78555470722368,64.93281042345409,0.0,0.0,0.0,0.0,0.0,0.0,0.0,83.91920851514924,80.0,0.0,522.7036932622923,0.0,0.0,0.0
7,1.75,R2Z3,102.63787623272255,0.0,0.0,24.580572227977655,39.55643070544596,-3.552713678800501e-15,0.0,0.0,34.424544295255956,0.0,0.0,0.0,72.64394259748869,0.0,0.0,0.0,0.0,0.0,0.0
7,1.75,R2Z4,150.51886953827866,0.0,0.0,2.6054898312568753,147.45808281731647,-1.7763568394002505e-15,0.0,0.0,68.84908859051191,0.0,0.0,0.0,0.0,0.0,0.0,0.0,0.0,0.0,0.0
7,1.75,R2Z5,107.76419252322279,0.0,0.0,4.64638362583419,83.93651489959868,-2.6645352591003757e-15,0.0,0.0,34.424544295255956,0.0,0.0,0.0,0.0,0.0,0.0,0.0,0.0,0.0,0.0
7,1.75,R2Z6,84.68038082131974,0.0,0.0,6.7368106537319505,17.063754932318624,8.881784197001252e-16,0.0,0.0,68.84908859051191,0.0,0.0,0.0,175.39770492125785,0.0,0.0,0.0,0.0,0.0,0.0
7,1.75,R2Z7,137.3484412378481,0.0,0.0,3.6629558800435547,29.271746153046145,-3.1086244689504383e-15,0.0,0.0,68.84908859051191,0.0,0.0,0.0,89.61775501995696,0.0,0.0,0.0,0.0,0.0,0.0
7,1.75,R2Z8,118.81591121188715,0.0,0.0,17.490188076719086,44.42149733592379,0.0,0.0,0.0,0.0,0.0,0.0,0.0,92.34788704354334,0.0,0.0,0.0,0.0,0.0,0.0
7,1.75,R2Z9,79.5176609169954,0.0,0.0,2.3413345632608866,103.73760331340354,-3.1086244689504383e-15,0.0,0.0,34.424544295255956,0.0,0.0,0.0,84.46292224754811,0.0,0.0,0.0,0.0,0.0,0.0
7,1.75,R3Z1,110.04837932147089,0.0,0.0,15.132999688565443,12.91816162592533,0.0,0.0,0.0,0.0,0.0,0.0,0.0,0.0,0.0,0.0,0.0,0.0,0.0,0.0
7,1.75,R3Z2,96.13420878086217,0.0,0.0,5.636886314272218,77.48664334838814,7.105427357601002e-15,0.0,0.0,68.84908859051191,0.0,0.0,0.0,168.23779347760362,0.0,0.0,0.0,0.0,0.0,0.0
7,1.75,R3Z3,156.5542387804303,0.0,0.0,1.2110693994559512,71.51525017969064,-3.1086244689504383e-15,0.0,0.0,34.424544295255956,0.0,0.0,0.0,0.0,0.0,0.0,0.0,0.0,0.0,0.0
7,1.75,R4Z1,103.94722385628556,0.0,135.0,4.694010458076804,137.27919064029825,-4.440892098500626e-15,0.0,0.0,68.84908859051191,0.0,0.0,0.0,83.23325292166429,0.0,0.0,0.0,0.0,0.0,0.0
7,1.75,R4Z2,133.62739724935767,0.0,0.0,12.183687212467746,29.970292159523446,1.7763568394002505e-15,0.0,0.0,68.84908859051191,0.0,2.107771156156531,0.0,121.10217020930618,0.0,0.0,0.0,0.0,0.0,0.0
7,1.75,R4Z3,121.11160288461849,0.0,0.0,3.5806005361229154,142.26310279150667,-5.329070518200751e-15,0.0,0.0,0.0,0.0,0.0,0.0,0.0,0.0,0.0,0.0,0.0,0.0,0.0
7,1.75,R4Z4,125.73292526322066,0.0,0.0,7.69997262577915,22.121381220049162,-1.7763568394002505e-15,0.0,0.0,0.0,0.0,0.0,0.0,0.0,0.0,0.0,0.0,0.0,0.0,0.0
7,1.75,R4Z5,135.04213204299813,0.0,0.0,5.567669122992157,156.25914636590878,-1.3322676295501878e-14,0.0,0.0,68.84908859051191,0.0,0.0,0.0,0.0,0.0,0.0,0.0,0.0,0.0,0.0
7,1.75,R4Z6,126.99368616103992,0.0,0.0,10.671474620797806,27.02317397552981,-1.7763568394002505e-15,0.0,0.0,68.84908859051191,0.0,28.569887082906547,0.0,134.89121411822833,0.0,0.0,0.0,0.0,0.0,0.0
7,1.75,R4Z7,135.5401360352853,0.0,0.0,11.62524992574825,51.60560222024614,-3.552713678800501e-15,0.0,0.0,68.84908859051191,0.0,0.0,0.0,0.0,0.0,0.0,0.0,0.0,0.0,0.0
7,1.75,R4Z8,103.16788063662942,0.0,0.0,11.265554766224852,34.37063922779748,3.552713678800501e-15,0.0,0.0,68.84908859051191,0.0,0.0,0.0,0.0,0.0,0.0,0.0,0.0,0.0,0.0
7,1.75,R4Z9,116.44080736932848,0.0,0.0,13.173474871702496,144.7077612865847,7.105427357601002e-15,0.0,0.0,0.0,0.0,0.0,0.0,74.34530521054327,0.0,0.0,0.0,0.0,0.0,0.0
7,1.75,R4Z10,126.82118722554104,0.0,0.0,2.0702729549426806,57.87880034579892,2.6645352591003757e-15,0.0,0.0,0.0,0.0,45.0,0.0,70.61878238945096,0.0,0.0,0.0,0.0,0.0,0.0
7,1.75,R4Z11,184.87150510326978,0.0,0.0,1.9024387358912946,64.56275260390474,-2.220446049250313e-15,0.0,0.0,34.424544295255956,0.0,22.504705661497965,0.0,63.706187338984435,0.0,0.0,0.0,0.0,0.0,0.0
7,1.75,R5Z1,77.21745934327011,0.0,135.0,23.99093116686243,27.31147593296906,0.0,0.0,0.0,0.0,0.0,0.0,0.0,74.5794778672526,0.0,0.0,0.0,0.0,0.0,0.0
7,1.75,R5Z2,105.73682734571705,0.0,135.0,2.393188223631448,43.273314795890016,0.0,0.0,0.0,34.424544295255956,0.0,0.0,0.0,177.44872138182802,0.0,0.0,0.0,0.0,0.0,0.0
7,1.75,R5Z3,121.50450414354957,0.0,0.0,8.717362269538981,123.96091159820385,0.0,0.0,0.0,34.424544295255956,0.0,0.0,0.0,150.51069737465178,0.0,0.0,0.0,0.0,0.0,0.0
7,1.75,R5Z4,115.79579306678643,0.0,0.0,12.58060886091475,32.77986842087218,0.0,0.0,0.0,68.84908859051191,0.0,0.0,0.0,0.0,0.0,0.0,0.0,0.0,0.0,0.0
7,1.75,R5Z5,110.64076409131006,0.0,0.0,2.1858284935947836,67.16933077352826,-2.220446049250313e-15,0.0,0.0,34.424544295255956,0.0,0.0,0.0,82.80495781177656,0.0,0.0,0.0,0.0,0.0,0.0
7,1.75,R5Z6,96.34658171830306,0.0,0.0,0.0,0.0,3.691680308616413,94.29450187735254,0.0,68.84908859051191,0.0,0.0,0.0,168.08656916471904,0.0,0.0,0.0,0.0,0.0,0.0
7,1.75,R5Z7,103.25905141118925,0.0,0.0,3.879385154447178,41.67464896520757,2.220446049250313e-15,0.0,0.0,0.0,0.0,0.0,0.0,91.19299857853679,0.0,0.0,0.0,0.0,0.0,0.0
7,1.75,R5Z8,97.89767300098109,0.0,0.0,0.0,0.0,4.224407259727091,59.92715597189802,0.0,34.424544295255956,0.0,0.0,0.0,169.73172630640855,0.0,0.0,0.0,0.0,0.0,0.0
7,1.75,R5Z9,121.76187469504444,0.0,0.0,8.930715082453759,161.03327776577217,7.105427357601002e-15,0.0,0.0,0.0,0.0,0.0,0.0,88.43185890949462,0.0,0.0,0.0,0.0,0.0,0.0
7,1.75,R6Z1,86.37932497448945,0.0,135.0,13.216629173396683,79.5411429421996,1.7763568394002505e-15,0.0,0.0,0.0,0.0,0.0,0.0,0.0,80.0,0.0,557.222531857767,0.0,0.0,0.0
7,1.75,R6Z2,158.5748029600718,0.0,135.0,8.278442318398554,48.6586472987954,1.7763568394002505e-15,0.0,0.0,68.84908859051191,0.0,0.0,0.0,144.05809726625148,80.0,0.0,589.5591267484645,0.0,0.0,0.0
7,1.75,R6Z3,125.40062205349172,0.0,0.0,9.447797804489127,89.624167755563,13.095105483251775,0.0,0.0,34.424544295255956,0.0,0.0,0.0,84.8439856632672,0.0,0.0,0.0,0.0,0.0,0.0
7,1.75,R6Z4,122.14416719068768,0.0,0.0,0.0,58.65985570312592,0.0,0.0,0.0,34.424544295255956,0.0,0.0,0.0,80.45026965571061,0.0,0.0,0.0,0.0,0.0,0.0
7,1.75,R7Z1,70.25863270417327,0.0,135.0,0.0,0.0,4.240027776392385,20.350002034391647,0.0,34.424544295255956,0.0,0.0,0.0,0.0,80.0,0.0,520.150440083037,0.0,0.0,0.0
7,1.75,R7Z2,85.80604600046279,0.0,135.0,0.0,0.0,9.740535717059217,44.52657533290635,0.0,0.0,0.0,0.0,0.0,171.51375384539932,0.0,0.0,0.0,0.0,0.0,0.0
7,1.75,R7Z3,82.80313926078746,0.0,0.0,6.192599719273673,64.004657903259,7.105427357601002e-15,0.0,0.0,68.84908859051191,0.0,0.0,0.0,146.47432463924267,0.0,0.0,0.0,0.0,0.0,0.0
7,1.75,R7Z4,135.12491075698065,0.0,0.0,0.0,0.0,22.376469429660165,119.42748558620546,0.0,34.424544295255956,0.0,0.0,0.0,71.46660958619294,0.0,0.0,0.0,0.0,0.0,0.0
7,1.75,R7Z5,164.67312095485784,0.0,0.0,0.0,50.73582622620604,3.8578206025423345,59.8376687999077,0.0,68.84908859051191,0.0,0.0,0.0,0.0,0.0,0.0,0.0,0.0,0.0,0.0
7,1.75,R7Z6,101.02719903268661,0.0,0.0,15.499706393090548,36.55346598838277,-3.552713678800501e-15,0.0,0.0,68.84908859051191,0.0,0.0,0.0,0.0,0.0,0.0,0.0,0.0,0.0,0.0
7,1.75,R7Z7,92.6368580860692,0.0,0.0,2.6022134938797734,42.66502721866982,0.0,0.0,0.0,0.0,0.0,0.0,0.0,71.78732749926817,0.0,0.0,0.0,0.0,0.0,0.0
7,1.75,R7Z8,105.81961749354605,0.0,0.0,0.0,0.0,14.52439836571935,44.07219569226892,0.0,68.84908859051191,0.0,0.0,0.0,152.481765373839,0.0,0.0,0.0,0.0,0.0,0.0
7,1.75,R7Z9,97.26949069122048,0.0,0.0,9.494076482596718,35.45969651270227,-3.552713678800501e-15,0.0,0.0,68.84908859051191,0.0,0.0,0.0,83.37093611092196,0.0,0.0,0.0,0.0,0.0,0.0
7,1.75,R8Z1,138.71311550576038,0.0,135.0,0.0,0.0,0.0,115.1347332136204,0.0,34.424544295255956,0.0,0.0,0.0,88.77623512264742,80.0,0.0,598.2293972611393,0.0,0.0,0.0
7,1.75,R8Z2,113.38776205673383,0.0,135.0,0.0,0.0,11.578828208109147,119.47754205611352,0.0,34.424544295255956,0.0,0.0,0.0,154.6559572763384,0.0,0.0,0.0,0.0,0.0,0.0
7,1.75,R8Z3,88.52943758420922,0.0,0.0,0.0,74.70560027565172,0.0,0.0,0.0,34.424544295255956,0.0,0.0,0.0,180.9365101574552,0.0,0.0,0.0,0.0,0.0,0.0
7,1.75,R8Z4,95.74797874532369,0.0,0.0,1.1341628715035341,105.6238315097803,-2.886579864025407e-15,0.0,0.0,0.0,0.0,0.0,0.0,0.0,0.0,0.0,0.0,0.0,0.0,0.0
7,1.75,R8Z5,124.87933547315927,0.0,0.0,0.0,0.0,1.0620178165601142,51.284049608656716,0.0,34.424544295255956,0.0,0.0,0.0,90.04348986201914,0.0,0.0,0.0,0.0,0.0,0.0
7,1.75,R8Z6,115.76425637075894,0.0,0.0,1.3728607323483857,133.78225670795626,5.329070518200751e-15,0.0,0.0,34.424544295255956,0.0,0.0,0.0,0.0,0.0,0.0,0.0,0.0,0.0,0.0
7,1.75,R8Z7,94.35050313223277,0.0,0.0,0.0,56.36965988570808,0.0,0.0,0.0,0.0,0.0,0.0,0.0,83.42379476137677,0.0,0.0,0.0,0.0,0.0,0.0
7,1.75,R8Z8,150.65615835043425,0.0,0.0,7.92812821762675,109.1484685787872,8.881784197001252e-16,0.0,0.0,34.424544295255956,0.0,0.0,0.0,88.69748415408705,0.0,0.0,0.0,0.0,0.0,0.0
7,1.75,R9Z1,94.47533953898113,0.0,135.0,0.0,0.0,0.0,55.97676193619587,0.0,34.424544295255956,0.0,0.0,0.0,0.0,80.0,0.0,566.758575155009,0.0,0.0,0.0
7,1.75,R9Z2,114.13420099571375,0.0,135.0,5.5235818205216844,97.07246313738317,8.881784197001252e-16,0.0,0.0,34.424544295255956,0.0,0.0,0.0,78.87378907734359,80.0,0.0,562.1760545322697,0.0,0.0,0.0
7,1.75,R9Z3,161.89152774025834,0.0,0.0,9.369027438184524,49.847003737774656,0.0,0.0,0.0,68.84908859051191,0.0,23.899776030647228,0.0,144.984880025639,0.0,0.0,0.0,0.0,0.0,0.0
7,1.75,R9Z4,123.696899555443,0.0,0.0,5.050786324762413,156.15457025622132,-1.1546319456101628e-14,0.0,0.0,34.424544295255956,0.0,0.0,0.0,76.04566103018604,0.0,0.0,0.0,0.0,0.0,0.0
7,1.75,R9Z5,116.33145143234378,0.0,0.0,4.217510296702557,134.33388753209385,7.993605777301127e-15,0.0,0.0,34.424544295255956,0.0,0.0,0.0,158.38441662259186,0.0,0.0,0.0,0.0,0.0,0.0
7,1.75,R9Z6,106.33793527808122,0.0,0.0,2.54545215745339,27.652442064445943,8.881784197001252e-16,0.0,0.0,34.424544295255956,0.0,0.0,0.0,168.39849127856397,0.0,0.0,0.0,0.0,0.0,0.0
7,1.75,R9Z7,125.63310476596642,0.0,0.0,15.256552229137839,50.186782896176425,-3.552713678800501e-15,0.0,0.0,0.0,0.0,0.0,0.0,80.70855647243036,0.0,0.0,0.0,0.0,0.0,0.0
7,1.75,R9Z8,120.6672458076204,0.0,0.0,2.9124808024791093,37.71973867155096,-4.440892098500626e-16,0.0,0.0,34.424544295255956,0.0,45.0,0.0,75.41343453193846,0.0,0.0,0.0,0.0,0.0,0.0
7,1.75,R9Z9,98.37619438541327,0.0,0.0,4.511375817827485,46.578346121094725,0.0,0.0,0.0,0.0,0.0,0.0,0.0,171.13802426927842,0.0,0.0,0.0,0.0,0.0,0.0
7,1.75,R9Z10,82.24484495815153,0.0,0.0,5.002985417330592,160.65355958898184,5.329070518200751e-15,0.0,0.0,0.0,0.0,0.0,0.0,0.0,0.0,0.0,0.0,0.0,0.0,0.0
7,1.75,R9Z11,158.68041158661495,0.0,0.0,2.7167826414206218,167.4924306095351,-1.3766765505351941e-14,0.0,0.0,0.0,0.0,73.49686988061332,0.0,169.134527603694,0.0,0.0,0.0,0.0,0.0,0.0
7,1.75,R10Z1,99.42513014411819,0.0,0.0,0.0,0.0,4.317258374927032,71.91885446612746,0.0,0.0,0.0,0.0,0.0,74.14144181215221,80.0,0.0,498.9208199519955,0.0,0.0,0.0
7,1.75,R10Z2,82.86866880013389,0.0,0.0,1.0070442518970992,154.7225961974506,-1.0880185641326534e-14,0.0,0.0,0.0,0.0,0.0,0.0,176.5680394405494,80.0,0.0,567.4211497331636,0.0,0.0,0.0
7,1.75,R10Z3,124.57356408816635,0.0,0.0,0.0,37.23941000719177,0.0,0.0,0.0,0.0,0.0,0.0,0.0,84.8753682804828,0.0,0.0,0.0,0.0,0.0,0.0
7,1.75,R10Z4,160.20140395488193,0.0,0.0,2.670945400888364,62.7153570413467,-1.7763568394002505e-15,0.0,0.0,68.84908859051191,0.0,0.0,0.0,86.05438245045956,0.0,0.0,0.0,0.0,0.0,0.0
7,1.75,R10Z5,89.87734992525918,0.0,0.0,0.0,152.20563192362604,0.0,0.0,0.0,68.84908859051191,0.0,0.0,0.0,0.0,0.0,0.0,0.0,0.0,0.0,0.0
7,1.75,R10Z6,82.21710696647973,0.0,0.0,10.526573888330269,33.20419943053237,1.7763568394002505e-15,0.0,0.0,68.84908859051191,0.0,0.0,0.0,73.00884656472392,0.0,0.0,0.0,0.0,0.0,0.0
7,1.75,R10Z7,133.364640371353,0.0,0.0,1.27491355328047,139.05159775065098,5.551115123125783e-15,0.0,0.0,68.84908859051191,0.0,0.0,0.0,88.32425620761862,0.0,0.0,0.0,0.0,0.0,0.0
7,1.75,R10Z8,141.61940143535196,0.0,0.0,3.476115673333961,27.392101700164353,8.881784197001252e-16,0.0,0.0,0.0,0.0,0.0,0.0,85.46843567107472,0.0,0.0,0.0,0.0,0.0,0.0
7,1.75,R10Z9,123.47101324883855,0.0,0.0,4.638864663693667,87.5035005077574,-6.217248937900877e-15,0.0,0.0,34.424544295255956,0.0,0.0,0.0,0.0,0.0,0.0,0.0,0.0,0.0,0.0
7,1.75,R11Z1,125.12356645614135,0.0,135.0,9.448106639171641,110.66881478338014,-5.329070518200751e-15,0.0,0.0,68.84908859051191,0.0,0.0,0.0,166.85599627565765,0.0,0.0,0.0,0.0,0.0,0.0
7,1.75,R11Z2,108.13882936321015,0.0,135.0,0.0,0.0,1.5657751545295406,74.06707643517542,0.0,34.424544295255956,0.0,0.0,0.0,73.07882491077942,0.0,0.0,0.0,0.0,0.0,0.0
7,1.75,R11Z3,154.72283710041725,0.0,0.0,0.0,37.39669667865378,0.07117379867212698,13.787597802461946,0.0,34.424544295255956,0.0,0.0,0.0,0.0,0.0,0.0,0.0,0.0,0.0,0.0
7,1.75,R11Z4,113.62308735031476,0.0,0.0,0.0,0.0,1.2745716612531286,139.96054011886235,0.0,0.0,0.0,0.0,0.0,84.72936116397914,0.0,0.0,0.0,0.0,0.0,0.0
7,1.75,R11Z5,72.48196547575125,0.0,0.0,0.3365937330192814,30.934867237137453,3.3306690738754696e-16,0.0,0.0,34.424544295255956,0.0,0.0,0.0,92.77438314920501,0.0,0.0,0.0,0.0,0.0,0.0
7,1.75,R11Z6,87.58530935244951,0.0,0.0,0.0,0.0,3.7007507054377764,67.95567914261547,0.0,0.0,0.0,0.0,0.0,0.0,0.0,0.0,0.0,0.0,0.0,0.0
7,1.75,R11Z7,103.176515914585,0.0,0.0,0.0,0.0,0.7240618850459873,108.06320808355781,0.0,34.424544295255956,0.0,0.0,0.0,0.0,0.0,0.0,0.0,0.0,0.0,0.0
7,1.75,R11Z8,138.50831590194392,0.0,0.0,5.3731072111121705,240.0,-7.993605777301127e-15,0.0,0.0,34.424544295255956,0.0,0.0,0.0,166.69466864183823,0.0,0.0,0.0,0.0,0.0,0.0
7,1.75,R12Z1,99.68135707850024,0.0,135.0,22.65093166768966,90.57172772273438,0.0,0.0,0.0,68.84908859051191,0.0,0.0,0.0,143.90241387277484,0.0,0.0,0.0,0.0,0.0,0.0
7,1.75,R12Z2,100.03463657655973,0.0,135.0,1.5324741565759865,62.963118085966485,1.0562423602112223,0.0,0.0,34.424544295255956,0.0,0.0,0.0,91.78991044885998,0.0,0.0,0.0,0.0,0.0,0.0
7,1.75,R12Z3,88.28216617930131,0.0,0.0,1.287072304537439,36.4964392776785,1.8965008640354784,0.0,0.0,34.424544295255956,0.0,0.0,0.0,167.09714912831924,0.0,0.0,0.0,0.0,0.0,0.0
7,1.75,R12Z4,93.29615572546707,0.0,0.0,0.0,0.0,10.785049823230759,54.17870281078589,0.0,0.0,0.0,0.0,0.0,0.0,0.0,0.0,0.0,0.0,0.0,0.0
7,1.75,R12Z5,135.7044874258801,0.0,0.0,0.0,0.0,0.351403443653269,82.54931076232702,0.0,0.0,0.0,0.0,0.0,157.4614644061952,0.0,0.0,0.0,0.0,0.0,0.0
7,1.75,R12Z6,100.68081200419913,0.0,0.0,11.801352531517438,135.2730344184233,1.2434497875801753e-14,0.0,0.0,0.0,0.0,0.0,0.0,0.0,0.0,0.0,0.0,0.0,0.0,0.0
7,1.75,R12Z7,83.59822377248143,0.0,0.0,5.852117807498232,104.94909863800657,0.0,0.0,0.0,68.84908859051191,0.0,0.0,0.0,0.0,0.0,0.0,0.0,0.0,0.0,0.0
7,1.75,R12Z8,154.9134951588828,0.0,0.0,7.835407368995135,88.61794669487061,-6.217248937900877e-15,0.0,0.0,0.0,0.0,0.0,0.0,87.807596397481,0.0,0.0,0.0,0.0,0.0,0.0
7,1.75,R12Z9,126.11843930611035,0.0,0.0,0.0,0.0,5.5682315896512335,125.59103591808564,0.0,68.84908859051191,0.0,0.0,0.0,174.41059398437685,0.0,0.0,0.0,0.0,0.0,0.0
8,2.0,R1Z1,58.25148170317619,0.0,0.0,0.0,167.9393724082104,0.0,0.0,0.0,102.37939787616689,0.0,0.0,0.0,157.63286390997732,0.0,0.0,604.7412372443149,0.0,0.0,0.0
8,2.0,R1Z2,77.42824464819593,0.0,0.0,0.0,173.83658137927813,0.0,0.0,0.0,102.37939787616689,0.0,90.0,0.0,132.77002373359295,0.0,0.0,0.0,0.0,0.0,0.0
8,2.0,R1Z3,173.061407489336,0.0,0.0,4.003962973625761,113.43190295341213,5.329070518200751e-15,0.0,0.0,51.189698938083446,0.0,0.0,0.0,87.04048474842577,0.0,0.0,0.0,0.0,0.0,0.0
8,2.0,R1Z4,84.76835074448923,0.0,0.0,0.0,119.49341386966324,0.0,0.0,0.0,102.37939787616689,0.0,0.0,0.0,0.0,0.0,0.0,0.0,0.0,0.0,0.0
8,2.0,R1Z5,97.80174221543932,0.0,0.0,7.929683076556472,25.88848065254082,-8.881784197001252e-16,0.0,0.0,102.37939787616689,0.0,0.0,0.0,0.0,0.0,0.0,0.0,0.0,0.0,0.0
8,2.0,R1Z6,97.26809951136967,0.0,0.0,0.0,126.08432761597187,0.0,0.0,0.0,0.0,0.0,45.0,0.0,49.73377403000312,0.0,0.0,0.0,0.0,0.0,0.0
8,2.0,R1Z7,120.19147456113396,0.0,0.0,4.248177205825179,56.94790040510866,-8.881784197001252e-16,0.0,0.0,51.189698938083446,0.0,0.0,0.0,60.34039673947885,0.0,0.0,0.0,0.0,0.0,0.0
8,2.0,R1Z8,71.02784606827882,0.0,0.0,0.0,102.46664079947764,0.0,0.0,0.0,0.0,0.0,0.0,0.0,0.0,0.0,0.0,0.0,0.0,0.0,0.0
8,2.0,R1Z9,110.30662431185381,0.0,0.0,2.152540042387841,210.66955972877258,3.9968028886505635e-15,0.0,0.0,0.0,0.0,81.1260654845519,0.0,89.73459009516989,0.0,0.0,0.0,0.0,0.0,0.0
8,2.0,R1Z10,103.19161511591138,0.0,0.0,24.038815160007417,78.82048183777991,-3.552713678800501e-15,0.0,0.0,0.0,0.0,90.0,0.0,130.00365693634052,0.0,0.0,0.0,0.0,0.0,0.0
8,2.0,R2Z1,105.28455488202718,0.0,135.0,12.774623011005843,145.96095692211637,-1.0658141036401503e-14,0.0,0.0,0.0,0.0,0.0,0.0,77.55668164733126,80.0,0.0,630.1446880185526,0.0,0.0,0.0
8,2.0,R2Z2,103.559612310701,0.0,135.0,11.006047054209517,72.2233078908312,-1.7763568394002505e-15,0.0,0.0,0.0,0.0,0.0,0.0,83.82536775903098,80.0,0.0,540.9101216892251,0.0,0.0,0.0
8,2.0,R2Z3,99.78712707269017,0.0,0.0,0.0,0.0,13.954002812443868,30.149418507068244,0.0,51.189698938083446,0.0,0.0,0.0,72.56271015236227,0.0,0.0,0.0,0.0,0.0,0.0
8,2.0,R2Z4,136.6912674840355,0.0,0.0,0.0,0.0,4.997374213863206,112.77339430365096,0.0,102.37939787616689,0.0,0.0,0.0,0.0,0.0,0.0,0.0,0.0,0.0,0.0
8,2.0,R2Z5,96.1477125414469,0.0,0.0,1.4335484727120473,85.77080246426847,-1.3322676295501878e-15,0.0,0.0,51.189698938083446,0.0,0.0,0.0,0.0,0.0,0.0,0.0,0.0,0.0,0.0
8,2.0,R2Z6,80.85389608771005,0.0,0.0,11.127624158640216,74.06845813816533,7.105427357601002e-15,0.0,0.0,102.37939787616689,0.0,0.0,0.0,175.20157040637804,0.0,0.0,0.0,0.0,0.0,0.0
8,2.0,R2Z7,126.5252086320935,0.0,0.0,3.9999390960178687,40.51378367864393,-3.552713678800501e-15,0.0,0.0,102.37939787616689,0.0,0.0,0.0,89.51754199314827,0.0,0.0,0.0,0.0,0.0,0.0
8,2.0,R2Z8,113.33801982316949,0.0,0.0,0.0,0.0,11.195366719661305,33.06600111842624,0.0,0.0,0.0,0.0,0.0,92.2446211083728,0.0,0.0,0.0,0.0,0.0,0.0
8,2.0,R2Z9,84.74166985568156,0.0,0.0,5.454000606250389,129.2523815531109,6.217248937900877e-15,0.0,0.0,51.189698938083446,0.0,0.0,0.0,84.36847349585098,0.0,0.0,0.0,0.0,0.0,0.0
8,2.0,R3Z1,96.27538261843591,0.0,0.0,0.0,52.421605280509155,13.456527298086858,5.485902745244452,0.0,0.0,0.0,0.0,0.0,0.0,0.0,0.0,0.0,0.0,0.0,0.0
8,2.0,R3Z2,100.60919395857935,0.0,0.0,0.0,0.0,19.280433428689513,150.68420444487947,0.0,102.37939787616689,0.0,0.0,0.0,168.04966537169145,0.0,0.0,0.0,0.0,0.0,0.0
8,2.0,R3Z3,138.12404974836375,0.0,0.0,0.0,0.0,0.0,72.53925972505813,0.0,51.189698938083446,0.0,0.0,0.0,0.0,0.0,0.0,0.0,0.0,0.0,0.0
8,2.0,R4Z1,107.36657939019992,0.0,135.0,0.0,0.0,3.115890876022899,62.363663384359135,0.0,102.37939787616689,0.0,0.0,0.0,83.14017921986763,0.0,0.0,0.0,0.0,0.0,0.0
8,2.0,R4Z2,169.42142467973258,0.0,0.0,17.12692470445412,59.44694393400258,3.552713678800501e-15,0.0,0.0,102.37939787616689,0.0,90.0,0.0,142.64935629312032,0.0,0.0,0.0,0.0,0.0,0.0
8,2.0,R4Z3,116.15136635346066,0.0,0.0,14.092442979627748,98.17693429777854,1.7763568394002505e-15,0.0,0.0,0.0,0.0,0.0,0.0,0.0,0.0,0.0,0.0,0.0,0.0,0.0
8,2.0,R4Z4,125.2419696848388,0.0,0.0,4.821328593546795,33.66822964693387,-3.552713678800501e-15,0.0,0.0,0.0,0.0,0.0,0.0,0.0,0.0,0.0,0.0,0.0,0.0,0.0
8,2.0,R4Z5,103.016087481457,0.0,0.0,3.9017794580256577,101.80136865179644,-6.217248937900877e-15,0.0,0.0,102.37939787616689,0.0,0.0,0.0,0.0,0.0,0.0,0.0,0.0,0.0,0.0
8,2.0,R4Z6,118.21046486863032,0.0,0.0,7.802780108883276,42.70828801681426,2.6645352591003757e-15,0.0,0.0,102.37939787616689,0.0,90.0,0.0,156.42298091569006,0.0,0.0,0.0,0.0,0.0,0.0
8,2.0,R4Z7,138.60997505707485,0.0,0.0,0.0,21.488739615716824,10.979003764893214,55.606348118122,0.0,102.37939787616689,0.0,0.0,0.0,0.0,0.0,0.0,0.0,0.0,0.0,0.0
8,2.0,R4Z8,94.95376105505837,0.0,0.0,12.012563913330531,23.530726804474355,-1.7763568394002505e-15,0.0,0.0,102.37939787616689,0.0,0.0,0.0,0.0,0.0,0.0,0.0,0.0,0.0,0.0
8,2.0,R4Z9,124.13824094865096,0.0,0.0,11.364731305678859,60.130654291996464,7.105427357601002e-15,0.0,0.0,0.0,0.0,45.0,0.0,85.10347317793281,0.0,0.0,0.0,0.0,0.0,0.0
8,2.0,R4Z10,123.2834399085281,0.0,0.0,6.241336607303879,177.70943788671934,-7.105427357601002e-15,0.0,0.0,0.0,0.0,45.0,0.0,81.38111745666674,0.0,0.0,0.0,0.0,0.0,0.0
8,2.0,R4Z11,160.8217686099472,0.0,0.0,9.83792026287307,101.54009019398916,7.105427357601002e-15,0.0,0.0,51.189698938083446,0.0,45.0,0.0,74.4762522592071,0.0,0.0,0.0,0.0,0.0,0.0
8,2.0,R5Z1,81.72414598812853,0.0,135.0,0.0,0.0,13.423072200377055,45.45009347698664,0.0,0.0,0.0,0.0,0.0,74.4960810536053,0.0,0.0,0.0,0.0,0.0,0.0
8,2.0,R5Z2,93.03658260810187,0.0,135.0,0.0,0.0,3.303931959850313,54.57581875518202,0.0,51.189698938083446,0.0,0.0,0.0,177.25029336419865,0.0,0.0,0.0,0.0,0.0,0.0
8,2.0,R5Z3,128.96161166084835,0.0,0.0,6.648727946200609,98.54407216440003,0.0,0.0,0.0,51.189698938083446,0.0,0.0,0.0,150.34239219285337,0.0,0.0,0.0,0.0,0.0,0.0
8,2.0,R5Z4,106.12964946677906,0.0,0.0,3.503757510235566,41.54244567763242,1.3322676295501878e-15,0.0,0.0,102.37939787616689,0.0,0.0,0.0,0.0,0.0,0.0,0.0,0.0,0.0,0.0
8,2.0,R5Z5,113.00042020158214,0.0,0.0,3.340969833719811,60.42042405579042,2.220446049250313e-15,0.0,0.0,51.189698938083446,0.0,0.0,0.0,82.71236304129569,0.0,0.0,0.0,0.0,0.0,0.0
8,2.0,R5Z6,126.43354338183762,0.0,0.0,3.1881206465022416,105.2074846021471,-1.7763568394002505e-15,0.0,0.0,102.37939787616689,0.0,0.0,0.0,167.89861016197304,0.0,0.0,0.0,0.0,0.0,0.0
8,2.0,R5Z7,90.47170482869525,0.0,0.0,0.0,0.0,9.50188934730273,26.78165531443309,0.0,0.0,0.0,0.0,0.0,91.09102407126107,0.0,0.0,0.0,0.0,0.0,0.0
8,2.0,R5Z8,85.66877382769526,0.0,0.0,0.0,0.0,7.8334283940762095,109.60458165479375,0.0,51.189698938083446,0.0,0.0,0.0,169.54192764391314,0.0,0.0,0.0,0.0,0.0,0.0
8,2.0,R5Z9,161.58040584487955,0.0,0.0,6.703615998919474,103.23759747968039,-6.217248937900877e-15,0.0,0.0,0.0,0.0,0.0,0.0,88.3329719841787,0.0,0.0,0.0,0.0,0.0,0.0
8,2.0,R6Z1,66.99419104325166,0.0,135.0,0.0,0.0,10.885431918951145,64.0166766724113,0.0,0.0,0.0,0.0,0.0,0.0,80.0,0.0,575.399353032953,0.0,0.0,0.0
8,2.0,R6Z2,161.40343534428007,0.0,135.0,11.309454814162017,21.85711087386425,-3.552713678800501e-15,0.0,0.0,102.37939787616689,0.0,0.0,0.0,143.89700755852405,80.0,0.0,607.708212410391,0.0,0.0,0.0
8,2.0,R6Z3,99.83471157268015,0.0,0.0,11.144883224845536,43.96069196557875,-1.7763568394002505e-15,0.0,0.0,51.189698938083446,0.0,0.0,0.0,84.74911079602761,0.0,0.0,0.0,0.0,0.0,0.0
8,2.0,R6Z4,113.34239043246056,0.0,0.0,0.0,0.0,4.953582049790164,35.85309109852743,0.0,51.189698938083446,0.0,0.0,0.0,80.36030796198175,0.0,0.0,0.0,0.0,0.0,0.0
8,2.0,R7Z1,72.02726023659912,0.0,135.0,0.0,0.0,0.0,109.08478159503252,0.0,51.189698938083446,0.0,0.0,0.0,0.0,80.0,0.0,538.3590584680543,0.0,0.0,0.0
8,2.0,R7Z2,98.53784077332115,0.0,135.0,0.0,0.0,19.294322696949973,37.58735906705061,0.0,0.0,0.0,0.0,0.0,171.3219624709296,0.0,0.0,0.0,0.0,0.0,0.0
8,2.0,R7Z3,75.91818622273034,0.0,0.0,0.0,0.0,6.916365851546506,118.66053988604803,0.0,102.37939787616689,0.0,0.0,0.0,146.31053303992633,0.0,0.0,0.0,0.0,0.0,0.0
8,2.0,R7Z4,160.01766439401126,0.0,0.0,0.0,26.77341932612464,0.0,0.0,0.0,51.189698938083446,0.0,0.0,0.0,71.3866936670674,0.0,0.0,0.0,0.0,0.0,0.0
8,2.0,R7Z5,162.0262566331975,0.0,0.0,7.242028686584604,137.0350238929931,-4.440892098500626e-15,0.0,0.0,102.37939787616689,0.0,0.0,0.0,0.0,0.0,0.0,0.0,0.0,0.0,0.0
8,2.0,R7Z6,125.89303706088386,0.0,0.0,0.0,0.0,4.91320964494127,26.578625191513844,0.0,102.37939787616689,0.0,0.0,0.0,0.0,0.0,0.0,0.0,0.0,0.0,0.0
8,2.0,R7Z7,95.59158492485548,0.0,0.0,6.512449314269681,54.574357164203214,2.6645352591003757e-15,0.0,0.0,0.0,0.0,0.0,0.0,71.70705294459309,0.0,0.0,0.0,0.0,0.0,0.0
8,2.0,R7Z8,125.77465772689969,0.0,0.0,26.736832313062223,117.89839829736687,-3.552713678800501e-15,0.0,0.0,102.37939787616689,0.0,0.0,0.0,152.311256089849,0.0,0.0,0.0,0.0,0.0,0.0
8,2.0,R7Z9,121.15480981828014,0.0,0.0,0.0,0.0,12.874958899118838,46.38166203718399,0.0,102.37939787616689,0.0,0.0,0.0,83.27770844801421,0.0,0.0,0.0,0.0,0.0,0.0
8,2.0,R8Z1,112.30048098082024,0.0,135.0,0.0,49.66615645472726,5.635527835584029,75.91286295245291,0.0,51.189698938083446,0.0,0.0,0.0,88.67696310642319,80.0,0.0,616.3710463205547,0.0,0.0,0.0
8,2.0,R8Z2,90.22743848836981,0.0,135.0,0.0,0.0,0.5783807171747269,192.1713251995781,0.0,51.189698938083446,0.0,0.0,0.0,154.4830167514479,0.0,0.0,0.0,0.0,0.0,0.0
8,2.0,R8Z3,81.11520758453644,0.0,0.0,9.073098782598706,58.01595302156662,-5.329070518200751e-15,0.0,0.0,51.189698938083446,0.0,0.0,0.0,180.73418199894417,0.0,0.0,0.0,0.0,0.0,0.0
8,2.0,R8Z4,90.89334755791327,0.0,0.0,0.0,115.70667630573297,0.0,0.0,0.0,0.0,0.0,0.0,0.0,0.0,0.0,0.0,0.0,0.0,0.0,0.0
8,2.0,R8Z5,125.30934751783272,0.0,0.0,0.0,0.0,6.159910407779877,143.7192789727815,0.0,51.189698938083446,0.0,0.0,0.0,89.94280076685624,0.0,0.0,0.0,0.0,0.0,0.0
8,2.0,R8Z6,116.44354014702839,0.0,0.0,0.0,0.0,2.7653225176036833,110.30655487248423,0.0,51.189698938083446,0.0,0.0,0.0,0.0,0.0,0.0,0.0,0.0,0.0,0.0
8,2.0,R8Z7,110.61664800961647,0.0,0.0,1.9662750011570154,35.72424661735078,2.220446049250313e-15,0.0,0.0,0.0,0.0,0.0,0.0,83.33050799047916,0.0,0.0,0.0,0.0,0.0,0.0
8,2.0,R8Z8,152.39363351725947,0.0,0.0,5.1821587226064025,225.78885144607375,8.881784197001252e-15,0.0,0.0,51.189698938083446,0.0,0.0,0.0,88.59830019935154,0.0,0.0,0.0,0.0,0.0,0.0
8,2.0,R9Z1,102.24504578171897,0.0,135.0,0.0,0.0,3.4148405340868133,36.82319256829835,0.0,51.189698938083446,0.0,0.0,0.0,0.0,80.0,0.0,584.9272171432333,0.0,0.0,0.0
8,2.0,R9Z2,104.45269548096229,0.0,135.0,0.0,0.0,4.894367317463937,77.67022855895704,0.0,51.189698938083446,0.0,0.0,0.0,78.78559024735112,80.0,0.0,580.3486270073596,0.0,0.0,0.0
8,2.0,R9Z3,135.54342530204215,0.0,0.0,9.527498057068797,42.034478028908964,0.0,0.0,0.0,102.37939787616689,0.0,0.0,0.0,144.8227539640608,0.0,0.0,0.0,0.0,0.0,0.0
8,2.0,R9Z4,141.77059542884723,0.0,0.0,0.0,0.0,9.170716077629935,166.27020171935644,0.0,51.189698938083446,0.0,0.0,0.0,75.96062469039148,0.0,0.0,0.0,0.0,0.0,0.0
8,2.0,R9Z5,94.71853398046089,0.0,0.0,11.301570786988435,190.5610952850847,-1.7763568394002505e-15,0.0,0.0,51.189698938083446,0.0,0.0,0.0,158.20730683239967,0.0,0.0,0.0,0.0,0.0,0.0
8,2.0,R9Z6,108.82921823804612,0.0,0.0,2.2779737488972245,43.34624025276643,3.1086244689504383e-15,0.0,0.0,51.189698938083446,0.0,0.0,0.0,168.2101834759719,0.0,0.0,0.0,0.0,0.0,0.0
8,2.0,R9Z7,138.0082882384047,0.0,0.0,18.731972677470367,35.960802308404226,0.0,0.0,0.0,0.0,0.0,0.0,0.0,80.61830595531283,0.0,0.0,0.0,0.0,0.0,0.0
8,2.0,R9Z8,129.72417219244238,0.0,0.0,0.0,0.0,7.712683370255882,39.23182435973877,0.0,51.189698938083446,0.0,0.0,0.0,75.32910516512045,0.0,0.0,0.0,0.0,0.0,0.0
8,2.0,R9Z9,122.94156976557798,0.0,0.0,12.53701507697307,44.93205591976049,-1.7763568394002505e-15,0.0,0.0,0.0,0.0,0.0,0.0,170.94665304590572,0.0,0.0,0.0,0.0,0.0,0.0
8,2.0,R9Z10,86.78429571096494,0.0,0.0,0.0,144.74596127036784,9.87153303010084,28.60153315169177,0.0,0.0,0.0,0.0,0.0,0.0,0.0,0.0,0.0,0.0,0.0,0.0
8,2.0,R9Z11,155.91054839868218,0.0,0.0,7.15881472812174,111.76926963067484,-7.105427357601002e-15,0.0,0.0,0.0,0.0,0.0,0.0,168.94539674513535,0.0,0.0,0.0,0.0,0.0,0.0
8,2.0,R10Z1,112.93819632738266,0.0,0.0,0.0,0.0,1.461716174753078,81.29577204653116,0.0,0.0,0.0,0.0,0.0,74.05853482241227,80.0,0.0,517.1476472551944,0.0,0.0,0.0
8,2.0,R10Z2,95.74107658453582,0.0,0.0,0.6801997477246715,101.36793765618778,3.774758283725532e-15,0.0,0.0,0.0,0.0,0.0,0.0,176.37059622557405,80.0,0.0,585.589223422652,0.0,0.0,0.0
8,2.0,R10Z3,134.5191790667565,0.0,0.0,0.0,76.18365216269272,0.0,21.148390763851026,0.0,0.0,0.0,0.0,0.0,84.78045832034158,0.0,0.0,0.0,0.0,0.0,0.0
8,2.0,R10Z4,156.4702237166502,0.0,0.0,0.0,0.0,2.809967049652788,38.45766491377711,0.0,102.37939787616689,0.0,0.0,0.0,85.95815408439981,0.0,0.0,0.0,0.0,0.0,0.0
8,2.0,R10Z5,91.89778331576464,0.0,0.0,0.0,0.0,4.848558259793616,135.07079274973609,0.0,102.37939787616689,0.0,0.0,0.0,0.0,0.0,0.0,0.0,0.0,0.0,0.0
8,2.0,R10Z6,65.44149753526108,0.0,0.0,0.0,0.0,5.181525965765513,32.412688275377,0.0,102.37939787616689,0.0,0.0,0.0,72.92720607399268,0.0,0.0,0.0,0.0,0.0,0.0
8,2.0,R10Z7,129.74456459790656,0.0,0.0,2.0040480744003446,183.25217159983464,1.3322676295501878e-14,0.0,0.0,102.37939787616689,0.0,0.0,0.0,88.22548960658938,0.0,0.0,0.0,0.0,0.0,0.0
8,2.0,R10Z8,141.93302406049543,0.0,0.0,0.9700853379015797,32.77701506934858,6.661338147750939e-16,0.0,0.0,0.0,0.0,0.0,0.0,85.37286252674305,0.0,0.0,0.0,0.0,0.0,0.0
8,2.0,R10Z9,113.46634740869764,0.0,0.0,0.05563224984477699,121.30616702753528,-2.1510571102112408e-15,0.0,0.0,51.189698938083446,0.0,0.0,0.0,0.0,0.0,0.0,0.0,0.0,0.0,0.0
8,2.0,R11Z1,134.50612884919127,0.0,135.0,0.0,0.0,6.356649174140578,131.87566521561476,0.0,102.37939787616689,0.0,0.0,0.0,166.66941333320122,0.0,0.0,0.0,0.0,0.0,0.0
8,2.0,R11Z2,88.64372552229969,0.0,135.0,0.0,0.0,1.6939016451456224,37.635021197525006,0.0,51.189698938083446,0.0,0.0,0.0,72.99710616834606,0.0,0.0,0.0,0.0,0.0,0.0
8,2.0,R11Z3,159.43930365156055,0.0,0.0,0.0,0.0,2.0008972762459427,36.764901426747414,0.0,51.189698938083446,0.0,0.0,0.0,0.0,0.0,0.0,0.0,0.0,0.0,0.0
8,2.0,R11Z4,140.56762344090697,0.0,0.0,4.556635022520567,138.83531116380738,7.993605777301127e-15,0.0,0.0,0.0,0.0,0.0,0.0,84.63461447299231,0.0,0.0,0.0,0.0,0.0,0.0
8,2.0,R11Z5,66.53984177811381,0.0,0.0,0.0,24.545696121976846,3.685365128844555,13.80517338255649,0.0,51.189698938083446,0.0,0.0,0.0,92.67064029441445,0.0,0.0,0.0,0.0,0.0,0.0
8,2.0,R11Z6,102.1528254277339,0.0,0.0,3.5405896038904245,94.04287126236613,-1.3322676295501878e-15,0.0,0.0,0.0,0.0,0.0,0.0,0.0,0.0,0.0,0.0,0.0,0.0,0.0
8,2.0,R11Z7,116.42787886867706,0.0,0.0,0.0,0.0,1.1800163891873752,71.25371959902535,0.0,51.189698938083446,0.0,0.0,0.0,0.0,0.0,0.0,0.0,0.0,0.0,0.0
8,2.0,R11Z8,119.51291105783005,0.0,0.0,0.0,73.0097022366575,0.0,0.0,0.0,51.189698938083446,0.0,0.0,0.0,166.50826610035801,0.0,0.0,0.0,0.0,0.0,0.0
8,2.0,R12Z1,90.13420054341681,0.0,135.0,3.2749914799852036,90.48175004606821,4.440892098500626e-15,0.0,0.0,102.37939787616689,0.0,0.0,0.0,143.7414982544796,0.0,0.0,0.0,0.0,0.0,0.0
8,2.0,R12Z2,128.1642754100832,0.0,135.0,0.0,0.0,0.9968741304988848,108.80245714732327,0.0,51.189698938083446,0.0,0.0,0.0,91.68726845839134,0.0,0.0,0.0,0.0,0.0,0.0
8,2.0,R12Z3,109.8192175062573,0.0,0.0,3.4603205269522306,71.25574642417084,-4.440892098500626e-16,0.0,0.0,51.189698938083446,0.0,0.0,0.0,166.91029652214178,0.0,0.0,0.0,0.0,0.0,0.0
8,2.0,R12Z4,102.89350485819756,0.0,0.0,0.0,45.53755028509804,0.0,0.0,0.0,0.0,0.0,0.0,0.0,0.0,0.0,0.0,0.0,0.0,0.0,0.0
8,2.0,R12Z5,133.33530320214336,0.0,0.0,4.491681398742415,60.1133938805568,-6.217248937900877e-15,0.0,0.0,0.0,0.0,0.0,0.0,157.28538668643577,0.0,0.0,0.0,0.0,0.0,0.0
8,2.0,R12Z6,92.0867292954115,0.0,0.0,0.0,0.0,11.590037395942577,170.43173212123898,0.0,0.0,0.0,0.0,0.0,0.0,0.0,0.0,0.0,0.0,0.0,0.0
8,2.0,R12Z7,81.45112174065748,0.0,0.0,0.0,0.0,5.271242708080899,74.19784824999932,0.0,102.37939787616689,0.0,0.0,0.0,0.0,0.0,0.0,0.0,0.0,0.0,0.0
8,2.0,R12Z8,154.54184078475586,0.0,0.0,0.0,0.0,2.4680095721774653,106.38445534595972,0.0,0.0,0.0,0.0,0.0,87.70940753959422,0.0,0.0,0.0,0.0,0.0,0.0
8,2.0,R12Z9,129.67709076237918,0.0,0.0,6.898315544251403,192.69035487493213,1.0658141036401503e-14,0.0,0.0,102.37939787616689,0.0,0.0,0.0,174.21556328396727,0.0,0.0,0.0,0.0,0.0,0.0
9,2.25,R1Z1,68.73192028848011,0.0,0.0,0.0,105.05209780274915,0.0,0.0,0.0,69.15189521066756,0.0,0.0,0.0,157.45659452660095,0.0,0.0,604.2225429086623,0.0,0.0,0.0
9,2.25,R1Z2,103.06301542893857,0.0,0.0,2.4184976798240143,199.14198742004007,-3.1086244689504383e-15,0.0,0.0,69.15189521066756,0.0,0.0,0.0,132.62155665868303,0.0,0.0,0.0,0.0,0.0,0.0
9,2.25,R1Z3,175.32362916630495,0.0,0.0,16.661823897672235,96.51402548812254,-3.552713678800501e-15,0.0,0.0,34.57594760533378,0.0,0.0,0.0,86.94315369578345,0.0,0.0,0.0,0.0,0.0,0.0
9,2.25,R1Z4,93.90382532473215,0.0,0.0,0.0,89.48113541261773,0.0,0.0,0.0,69.15189521066756,0.0,0.0,0.0,0.0,0.0,0.0,0.0,0.0,0.0,0.0
9,2.25,R1Z5,72.54754834116028,0.0,0.0,0.38493167486659274,48.34748822966062,-7.771561172376096e-16,0.0,0.0,69.15189521066756,0.0,0.0,0.0,0.0,0.0,0.0,0.0,0.0,0.0,0.0
9,2.25,R1Z6,102.83489458223721,0.0,0.0,2.696725807498183,124.16181632964374,0.0,0.0,0.0,0.0,0.0,0.0,0.0,49.678160362498765,0.0,0.0,0.0,0.0,0.0,0.0
9,2.25,R1Z7,121.75864135338162,0.0,0.0,3.604928155638838,39.408744978389166,2.220446049250313e-15,0.0,0.0,34.57594760533378,0.0,0.0,0.0,60.272922456121115,0.0,0.0,0.0,0.0,0.0,0.0
9,2.25,R1Z8,98.31070987765945,0.0,0.0,1.9325098645219043,147.65193121673425,1.3766765505351941e-14,0.0,0.0,0.0,0.0,0.0,0.0,0.0,0.0,0.0,0.0,0.0,0.0,0.0
9,2.25,R1Z9,109.49779239976195,0.0,0.0,0.0,103.63984747632936,0.0,0.0,0.0,0.0,0.0,0.0,0.0,89.63424642018194,0.0,0.0,0.0,0.0,0.0,0.0
9,2.25,R1Z10,130.53189767083265,0.0,0.0,0.0,36.79655905378968,0.0,0.0,0.0,0.0,0.0,0.0,36.680009671504834,120.34258873259736,0.0,0.0,0.0,0.0,0.0,0.0
9,2.25,R2Z1,110.01280879756355,0.0,135.0,10.821430451449828,122.95722665709874,-3.552713678800501e-15,0.0,0.0,0.0,0.0,0.0,0.0,77.4699556429208,44.58184930333086,0.0,640.0,0.0,0.0,0.0
9,2.25,R2Z2,94.79983012896628,0.0,135.0,10.854779653976259,41.73839322577636,0.0,0.0,0.0,0.0,0.0,0.0,0.0,83.73163193821496,80.0,0.0,559.1009342283766,0.0,0.0,0.0
9,2.25,R2Z3,90.85215722504488,0.0,0.0,0.0,0.0,24.702566741373175,40.800320831746134,0.0,34.57594760533378,0.0,0.0,0.0,72.48156854357961,0.0,0.0,0.0,0.0,0.0,0.0
9,2.25,R2Z4,121.52086898262252,0.0,0.0,0.0,84.55676129340134,6.279943963850304,114.18141520155575,0.0,69.15189521066756,0.0,0.0,0.0,0.0,0.0,0.0,0.0,0.0,0.0,0.0
9,2.25,R2Z5,109.31644694844282,0.0,0.0,2.1375285375676185,102.83248260677982,-1.7763568394002505e-15,0.0,0.0,34.57594760533378,0.0,0.0,0.0,0.0,0.0,0.0,0.0,0.0,0.0,0.0
9,2.25,R2Z6,84.46989328795281,0.0,0.0,0.0,0.0,9.796128918470144,65.28936138844561,0.0,69.15189521066756,0.0,0.0,0.0,175.00565521448164,0.0,0.0,0.0,0.0,0.0,0.0
9,2.25,R2Z7,125.76187348471758,0.0,0.0,1.4960953800694412,39.140186158843846,1.5543122344752192e-15,0.0,0.0,69.15189521066756,0.0,0.0,0.0,89.41744102728933,0.0,0.0,0.0,0.0,0.0,0.0
9,2.25,R2Z8,122.96939672994198,0.0,0.0,15.784050632768391,42.850003256246,0.0,0.0,0.0,0.0,0.0,0.0,0.0,92.1414706479977,0.0,0.0,0.0,0.0,0.0,0.0
9,2.25,R2Z9,72.06734141339845,0.0,0.0,0.0,0.0,1.034994981610407,177.02511294471728,0.0,34.57594760533378,0.0,0.0,0.0,84.27413035933338,0.0,0.0,0.0,0.0,0.0,0.0
9,2.25,R3Z1,87.31613546603974,0.0,0.0,0.3048226009423587,80.0,22.02248339122375,0.0,0.0,0.0,0.0,0.0,0.0,0.0,0.0,0.0,0.0,0.0,0.0,0.0
9,2.25,R3Z2,103.317582563973,0.0,0.0,25.914647268975244,172.38303791394532,3.552713678800501e-15,0.0,0.0,69.15189521066756,0.0,0.0,0.0,167.86174763577702,0.0,0.0,0.0,0.0,0.0,0.0
9,2.25,R3Z3,155.11890163348218,0.0,0.0,0.0,0.0,6.658470732035643,61.865283771437205,0.0,34.57594760533378,0.0,0.0,0.0,0.0,0.0,0.0,0.0,0.0,0.0,0.0
9,2.25,R4Z1,131.67675380096452,0.0,135.0,5.0968913542504595,132.28749803450032,4.440892098500626e-15,0.0,0.0,69.15189521066756,0.0,0.0,0.0,83.04720959563207,0.0,0.0,0.0,0.0,0.0,0.0
9,2.25,R4Z2,173.97997041736267,0.0,0.0,24.65571398823132,35.662090989565776,3.552713678800501e-15,0.0,0.0,69.15189521066756,0.0,90.0,0.0,164.17244772363512,0.0,0.0,0.0,0.0,0.0,0.0
9,2.25,R4Z3,126.00186010687241,0.0,0.0,14.029901107945534,175.43201362258387,-1.2434497875801753e-14,0.0,0.0,0.0,0.0,0.0,0.0,0.0,0.0,0.0,0.0,0.0,0.0,0.0
9,2.25,R4Z4,104.56610105253826,0.0,0.0,0.0,0.0,5.963882567006646,36.60159889013829,0.0,0.0,0.0,0.0,0.0,0.0,0.0,0.0,0.0,0.0,0.0,0.0
9,2.25,R4Z5,129.7502875683804,0.0,0.0,9.378620139951835,191.54430409030587,-7.105427357601002e-15,0.0,0.0,69.15189521066756,0.0,0.0,0.0,0.0,0.0,0.0,0.0,0.0,0.0,0.0
9,2.25,R4Z6,112.17390776285065,0.0,0.0,0.0,0.0,16.680291424483936,31.95202912271516,0.0,69.15189521066756,0.0,0.0,0.0,156.24806445659655,0.0,0.0,0.0,0.0,0.0,0.0
9,2.25,R4Z7,144.1106380945829,0.0,0.0,7.494452210692742,160.95699586028383,-8.881784197001252e-15,0.0,0.0,69.15189521066756,0.0,0.0,0.0,0.0,0.0,0.0,0.0,0.0,0.0,0.0
9,2.25,R4Z8,120.12477613859642,0.0,0.0,13.969837485826488,48.33535689601426,0.0,0.0,0.0,69.15189521066756,0.0,0.0,0.0,0.0,0.0,0.0,0.0,0.0,0.0,0.0
9,2.25,R4Z9,115.90890499846631,0.0,0.0,13.925533678050925,193.7613735886442,0.0,0.0,0.0,0.0,0.0,22.53767187637494,0.0,90.43803543322002,0.0,0.0,0.0,0.0,0.0,0.0
9,2.25,R4Z10,113.71968899575906,0.0,0.0,0.0,7.6488446898089535,5.1201514623067155,100.36261811756796,0.0,0.0,0.0,45.0,0.0,92.13141778620835,0.0,0.0,0.0,0.0,0.0,0.0
9,2.25,R4Z11,162.18481531826941,0.0,0.0,6.29184615886534,99.0292768055052,-8.881784197001252e-16,0.0,0.0,34.57594760533378,0.0,45.0,0.0,85.23427379802234,0.0,0.0,0.0,0.0,0.0,0.0
9,2.25,R5Z1,94.00431138928928,0.0,135.0,0.0,0.0,21.088088170265586,20.868422670176436,0.0,0.0,0.0,0.0,0.0,74.41277749655787,0.0,0.0,0.0,0.0,0.0,0.0
9,2.25,R5Z2,94.603322297408,0.0,135.0,4.136329966372479,61.49028678726918,1.7763568394002505e-15,0.0,0.0,34.57594760533378,0.0,0.0,0.0,177.05208723421023,0.0,0.0,0.0,0.0,0.0,0.0
9,2.25,R5Z3,116.30437415091468,0.0,0.0,0.0,0.0,3.8947800360487776,152.19817543900348,0.0,34.57594760533378,0.0,0.0,0.0,150.1742752145163,0.0,0.0,0.0,0.0,0.0,0.0
9,2.25,R5Z4,114.469426273736,0.0,0.0,12.976553837079049,27.419414230334777,0.0,0.0,0.0,69.15189521066756,0.0,0.0,0.0,0.0,0.0,0.0,0.0,0.0,0.0,0.0
9,2.25,R5Z5,119.94328694737054,0.0,0.0,0.0,0.0,4.801794155471616,121.67201071128454,0.0,34.57594760533378,0.0,0.0,0.0,82.6198718128218,0.0,0.0,0.0,0.0,0.0,0.0
9,2.25,R5Z6,104.79007710992329,0.0,0.0,0.0,80.07433032811926,4.1894720506182574,41.08794450070097,0.0,69.15189521066756,0.0,0.0,0.0,167.71086134012901,0.0,0.0,0.0,0.0,0.0,0.0
9,2.25,R5Z7,95.29008926722365,0.0,0.0,11.08353645442731,56.25730503423079,-7.105427357601002e-15,0.0,0.0,0.0,0.0,0.0,0.0,90.98916359467079,0.0,0.0,0.0,0.0,0.0,0.0
9,2.25,R5Z8,89.36858822217016,0.0,0.0,13.379322013119435,110.24244276989046,0.0,0.0,0.0,34.57594760533378,0.0,0.0,0.0,169.35234121947758,0.0,0.0,0.0,0.0,0.0,0.0
9,2.25,R5Z9,131.6572849877144,0.0,0.0,0.0,0.0,15.247861299722066,161.7785474641706,0.0,0.0,0.0,0.0,0.0,88.23419563692953,0.0,0.0,0.0,0.0,0.0,0.0
9,2.25,R6Z1,115.23407954321947,0.0,135.0,15.253566611956572,31.52059572424033,0.0,0.0,0.0,0.0,0.0,0.0,0.0,0.0,80.0,0.0,593.5605837148781,0.0,0.0,0.0
9,2.25,R6Z2,149.60586300457265,0.0,135.0,0.0,0.0,16.49885848472118,44.53650867578075,0.0,69.15189521066756,0.0,0.0,0.0,143.7360979857174,80.0,0.0,625.8417313681631,0.0,0.0,0.0
9,2.25,R6Z3,115.91233004686588,0.0,0.0,0.0,0.0,22.158053992034443,99.22470925311717,0.0,34.57594760533378,595.9394580021076,0.0,0.0,84.65434202046161,0.0,0.0,0.0,0.0,0.0,0.0
9,2.25,R6Z4,110.18447535755793,0.0,0.0,5.518980615108006,112.0299294762565,0.0,0.0,0.0,34.57594760533378,0.0,0.0,0.0,80.27044686588137,0.0,0.0,0.0,0.0,0.0,0.0
9,2.25,R7Z1,81.65987854371178,0.0,135.0,18.52592465799998,94.78867033716517,3.552713678800501e-15,0.0,0.0,34.57594760533378,0.0,0.0,0.0,0.0,80.0,0.0,556.5520590869351,0.0,0.0,0.0
9,2.25,R7Z2,84.97024676788966,0.0,135.0,23.938021416498273,54.008360247527406,3.552713678800501e-15,0.0,0.0,0.0,0.0,0.0,0.0,171.1303855628248,0.0,0.0,0.0,0.0,0.0,0.0
9,2.25,R7Z3,87.30495561976313,0.0,0.0,2.584284320912829,108.0757730573922,-7.105427357601002e-15,0.0,0.0,69.15189521066756,0.0,0.0,0.0,146.1469245968599,0.0,0.0,0.0,0.0,0.0,0.0
9,2.25,R7Z4,148.96725188346514,0.0,0.0,21.655715155311867,164.72649060343983,1.4210854715202004e-14,0.0,0.0,34.57594760533378,0.0,0.0,0.0,71.3068671121102,0.0,0.0,0.0,0.0,0.0,0.0
9,2.25,R7Z5,151.53000175322418,0.0,0.0,0.0,0.0,2.1351339342193896,133.99735661393714,0.0,69.15189521066756,0.0,0.0,0.0,0.0,0.0,0.0,0.0,0.0,0.0,0.0
9,2.25,R7Z6,119.96759017408192,0.0,0.0,4.185084048879347,86.65031440126812,7.105427357601002e-15,0.0,0.0,69.15189521066756,0.0,0.0,0.0,0.0,0.0,0.0,0.0,0.0,0.0,0.0
9,2.25,R7Z7,112.5782597843254,0.0,0.0,5.058539409877284,70.39169701281806,-6.217248937900877e-15,0.0,0.0,0.0,0.0,0.0,0.0,71.62686815512242,0.0,0.0,0.0,0.0,0.0,0.0
9,2.25,R7Z8,151.56156575150845,0.0,0.0,18.5090529523534,103.5525830286492,-3.552713678800501e-15,0.0,0.0,69.15189521066756,0.0,0.0,0.0,152.14093747400776,0.0,0.0,0.0,0.0,0.0,0.0
9,2.25,R7Z9,132.9818041062307,0.0,0.0,3.91176092418792,22.111452240428093,1.3322676295501878e-15,0.0,0.0,69.15189521066756,0.0,0.0,0.0,83.18458503483109,0.0,0.0,0.0,0.0,0.0,0.0
9,2.25,R8Z1,125.60503129405608,0.0,135.0,0.0,0.0,0.0,90.53404973524019,0.0,34.57594760533378,0.0,0.0,0.0,88.57780209888492,80.0,0.0,634.4971350542853,0.0,0.0,0.0
9,2.25,R8Z2,89.71955281298273,0.0,135.0,0.0,0.0,0.7222293661122094,128.39919706268142,0.0,34.57594760533378,0.0,0.0,0.0,154.31026961338634,0.0,0.0,0.0,0.0,0.0,0.0
9,2.25,R8Z3,69.14722207347793,0.0,0.0,0.0,33.18438028359043,4.8882728152286425,102.65441269266626,0.0,34.57594760533378,0.0,0.0,0.0,180.5320800893184,0.0,0.0,0.0,0.0,0.0,0.0
9,2.25,R8Z4,69.64732935803778,0.0,0.0,1.8528316969060086,69.1813918456855,4.6629367034256575e-15,0.0,0.0,0.0,0.0,0.0,0.0,0.0,0.0,0.0,0.0,0.0,0.0,0.0
9,2.25,R8Z5,127.53811026754138,0.0,0.0,0.0,22.383439176296505,5.062432309740385,70.67117255061979,0.0,34.57594760533378,0.0,0.0,0.0,89.84222426499575,0.0,0.0,0.0,0.0,0.0,0.0
9,2.25,R8Z6,108.55116665154182,0.0,0.0,4.389560820949242,94.2945122692032,2.6645352591003757e-15,0.0,0.0,34.57594760533378,0.0,0.0,0.0,0.0,0.0,0.0,0.0,0.0,0.0,0.0
9,2.25,R8Z7,101.80773044208624,0.0,0.0,7.120514060397291,40.927703014855155,1.7763568394002505e-15,0.0,0.0,0.0,0.0,0.0,0.0,83.23732553540235,0.0,0.0,0.0,0.0,0.0,0.0
9,2.25,R8Z8,153.3051538510485,0.0,0.0,0.0,0.0,7.471500598027153,117.33874380218079,0.0,34.57594760533378,0.0,0.0,0.0,88.49922715482923,0.0,0.0,0.0,0.0,0.0,0.0
9,2.25,R9Z1,114.60123263444142,0.0,135.0,5.588259277888326,53.698738436299905,-2.6645352591003757e-15,0.0,0.0,34.57594760533378,0.0,0.0,0.0,0.0,80.0,0.0,603.0802756535907,0.0,0.0,0.0
9,2.25,R9Z2,114.39043582828504,0.0,135.0,5.249085760836479,65.99331848820763,-3.552713678800501e-15,0.0,0.0,34.57594760533378,0.0,0.0,0.0,78.69749004370466,80.0,0.0,598.5056126333534,0.0,0.0,0.0
9,2.25,R9Z3,177.86610706176103,0.0,0.0,6.432826378623503,32.68164518627865,1.7763568394002505e-15,0.0,0.0,69.15189521066756,0.0,0.0,0.0,144.66080919628263,0.0,0.0,0.0,0.0,0.0,0.0
9,2.25,R9Z4,135.40537176009948,0.0,0.0,13.339829289191357,121.4165565854702,-1.2434497875801753e-14,0.0,0.0,34.57594760533378,0.0,0.0,0.0,75.87568344055981,0.0,0.0,0.0,0.0,0.0,0.0
9,2.25,R9Z5,112.1238894615552,0.0,0.0,8.12970664262491,149.1613503823472,1.0658141036401503e-14,0.0,0.0,34.57594760533378,0.0,0.0,0.0,158.03039509122297,0.0,0.0,0.0,0.0,0.0,0.0
9,2.25,R9Z6,114.18720776467028,0.0,0.0,0.0,0.0,5.952730720888828,53.3605037041692,0.0,34.57594760533378,0.0,0.0,0.0,168.02208624431933,0.0,0.0,0.0,0.0,0.0,0.0
9,2.25,R9Z7,126.53963536738945,0.0,0.0,16.129154088555026,38.325500871772434,-3.552713678800501e-15,0.0,0.0,0.0,0.0,0.0,0.0,80.52815635879402,0.0,0.0,0.0,0.0,0.0,0.0
9,2.25,R9Z8,110.80561966728683,0.0,0.0,0.0,66.39113141086871,0.0,0.0,0.0,34.57594760533378,0.0,0.0,0.0,75.2448700977088,0.0,0.0,0.0,0.0,0.0,0.0
9,2.25,R9Z9,113.36116664725533,0.0,0.0,10.975385477303305,66.04012366628845,-1.7763568394002505e-15,0.0,0.0,0.0,0.0,0.0,0.0,170.75549581907347,0.0,0.0,0.0,0.0,0.0,0.0
9,2.25,R9Z10,71.33573673471518,0.0,0.0,17.027976335813406,140.0097158125694,7.105427357601002e-15,0.0,0.0,0.0,0.0,0.0,0.0,0.0,0.0,0.0,0.0,0.0,0.0,0.0
9,2.25,R9Z11,145.2628169431979,0.0,0.0,3.8709206833572694,140.47074284333578,1.021405182655144e-14,0.0,0.0,0.0,0.0,0.0,0.0,168.7564773778799,0.0,0.0,0.0,0.0,0.0,0.0
9,2.25,R10Z1,104.86349947416254,0.0,0.0,3.959025503206945,85.39347731474045,-1.7763568394002505e-15,0.0,0.0,0.0,0.0,0.0,0.0,73.9757205415377,80.0,0.0,535.3588411742336,0.0,0.0,0.0
9,2.25,R10Z2,93.09609649373986,0.0,0.0,4.89764298246925,125.62417651949701,8.881784197001252e-15,0.0,0.0,0.0,0.0,0.0,0.0,176.17337379700638,80.0,0.0,603.7417141217107,0.0,0.0,0.0
9,2.25,R10Z3,145.35728570479375,0.0,0.0,1.3644772273514576,82.00351664468671,-6.661338147750939e-16,0.0,0.0,0.0,0.0,0.0,0.0,84.6856544911158,0.0,0.0,0.0,0.0,0.0,0.0
9,2.25,R10Z4,165.8092485192278,0.0,0.0,0.0,0.0,2.731306847771707,64.77749586689845,0.0,69.15189521066756,0.0,0.0,0.0,85.86203332353308,0.0,0.0,0.0,0.0,0.0,0.0
9,2.25,R10Z5,94.82853424312316,0.0,0.0,0.8403718295078875,113.67670993089375,-5.218048215738236e-15,0.0,0.0,69.15189521066756,0.0,0.0,0.0,0.0,0.0,0.0,0.0,0.0,0.0,0.0
9,2.25,R10Z6,102.4909710584881,0.0,0.0,10.703520769096386,45.21227083936675,-1.7763568394002505e-15,0.0,0.0,69.15189521066756,0.0,0.0,0.0,72.84565687589294,0.0,0.0,0.0,0.0,0.0,0.0
9,2.25,R10Z7,117.68851322686756,0.0,0.0,1.401362551999057,143.61134336246784,-7.105427357601002e-15,0.0,0.0,69.15189521066756,0.0,0.0,0.0,88.126833449077,0.0,0.0,0.0,0.0,0.0,0.0
9,2.25,R10Z8,131.95480604136222,0.0,0.0,4.209471278501049,34.872830960152015,1.7763568394002505e-15,0.0,0.0,0.0,0.0,0.0,0.0,85.27739625491753,0.0,0.0,0.0,0.0,0.0,0.0
9,2.25,R10Z9,126.36464822679972,0.0,0.0,2.2825808802680996,89.26802372292245,5.773159728050814e-15,0.0,0.0,34.57594760533378,0.0,0.0,0.0,0.0,0.0,0.0,0.0,0.0,0.0,0.0
9,2.25,R11Z1,128.95965205181128,0.0,135.0,4.562578590886005,145.46063538571903,-7.105427357601002e-15,0.0,0.0,69.15189521066756,0.0,0.0,0.0,166.48303903289846,0.0,0.0,0.0,0.0,0.0,0.0
9,2.25,R11Z2,103.60078800611832,0.0,135.0,0.0,0.0,3.063741835103331,45.15255207138143,0.0,34.57594760533378,0.0,0.0,0.0,72.91547880604742,0.0,0.0,0.0,0.0,0.0,0.0
9,2.25,R11Z3,158.7909412324481,0.0,0.0,0.0,31.181713914428684,2.5444061896316383,16.677882146106043,0.0,34.57594760533378,0.0,0.0,0.0,0.0,0.0,0.0,0.0,0.0,0.0,0.0
9,2.25,R11Z4,109.40839604240675,0.0,0.0,0.0,0.0,1.7220423160456118,112.21376915076254,0.0,0.0,0.0,0.0,0.0,84.53997373034889,0.0,0.0,0.0,0.0,0.0,0.0
9,2.25,R11Z5,55.1443914399234,0.0,0.0,2.9246570080612955,51.61621863287023,-3.1086244689504383e-15,0.0,0.0,34.57594760533378,0.0,0.0,0.0,92.56701344772392,0.0,0.0,0.0,0.0,0.0,0.0
9,2.25,R11Z6,119.78720789009074,0.0,0.0,4.543877538927063,91.7555619416916,4.440892098500626e-15,0.0,0.0,0.0,0.0,0.0,0.0,0.0,0.0,0.0,0.0,0.0,0.0,0.0
9,2.25,R11Z7,106.95014139889675,0.0,0.0,2.625635867538648,126.89614441893099,-8.43769498715119e-15,0.0,0.0,34.57594760533378,0.0,0.0,0.0,0.0,0.0,0.0,0.0,0.0,0.0,0.0
9,2.25,R11Z8,118.12511079453309,0.0,0.0,0.0,0.0,3.668260622841742,119.28043284175828,0.0,34.57594760533378,0.0,0.0,0.0,166.32207199930215,0.0,0.0,0.0,0.0,0.0,0.0
9,2.25,R12Z1,114.37813297228222,0.0,135.0,0.0,23.647589189055267,9.177949027654586,84.51142916839626,0.0,69.15189521066756,0.0,0.0,0.0,143.58076257643356,0.0,0.0,0.0,0.0,0.0,0.0
9,2.25,R12Z2,114.89676741863128,0.0,135.0,2.159111513093279,149.95378949072943,-1.2434497875801753e-14,0.0,0.0,34.57594760533378,0.0,0.0,0.0,91.58474124500611,0.0,0.0,0.0,0.0,0.0,0.0
9,2.25,R12Z3,128.23189205411336,0.0,0.0,0.0,23.12952167696399,1.5398228165038856,33.880996353551495,0.0,34.57594760533378,0.0,0.0,0.0,166.72365285966333,0.0,0.0,0.0,0.0,0.0,0.0
9,2.25,R12Z4,99.44138402321606,0.0,0.0,0.0,0.0,8.443792387537364,33.75602893828833,0.0,0.0,0.0,0.0,0.0,0.0,0.0,0.0,0.0,0.0,0.0,0.0
9,2.25,R12Z5,150.3273038566821,0.0,0.0,8.327171275091104,94.53315077856487,5.329070518200751e-15,0.0,0.0,0.0,0.0,0.0,0.0,157.10950586160243,0.0,0.0,0.0,0.0,0.0,0.0
9,2.25,R12Z6,101.35990392293658,0.0,0.0,13.095034362348883,180.8261881213722,-5.329070518200751e-15,0.0,0.0,0.0,0.0,0.0,0.0,0.0,0.0,0.0,0.0,0.0,0.0,0.0
9,2.25,R12Z7,91.2751925140913,0.0,0.0,2.9014357608946995,77.86836992827709,4.884981308350689e-15,0.0,0.0,69.15189521066756,0.0,0.0,0.0,0.0,0.0,0.0,0.0,0.0,0.0,0.0
9,2.25,R12Z8,170.98840863317204,0.0,0.0,0.0,90.93507753855704,0.0,0.0,0.0,0.0,0.0,0.0,0.0,87.6113284791761,0.0,0.0,0.0,0.0,0.0,0.0
9,2.25,R12Z9,141.23019151904253,0.0,0.0,0.0,0.0,3.3746715445608815,162.22168183392915,0.0,69.15189521066756,0.0,0.0,0.0,174.02075067222555,0.0,0.0,0.0,0.0,0.0,0.0
10,2.5,R1Z1,60.54342816537798,0.0,0.0,0.0,166.30569296139961,0.0,0.0,0.0,70.60604512489022,0.0,0.0,0.0,157.28052225247419,0.0,0.0,603.7042934638113,0.0,0.0,0.0
10,2.5,R1Z2,92.51888595609829,0.0,0.0,3.9535483852365587,163.21680837362885,5.329070518200751e-15,0.0,0.0,70.60604512489022,0.0,0.0,90.0,109.12504720078496,0.0,0.0,0.0,0.0,0.0,0.0
10,2.5,R1Z3,157.60528279669364,0.0,0.0,14.901091984546085,95.99734230413851,-5.329070518200751e-15,0.0,0.0,35.30302256244511,0.0,0.0,0.0,86.84593148138846,0.0,0.0,0.0,0.0,0.0,0.0
10,2.5,R1Z4,90.38514915700422,0.0,0.0,7.654189228641087,88.26814793098134,-8.881784197001252e-16,0.0,0.0,70.60604512489022,0.0,0.0,0.0,0.0,0.0,0.0,0.0,0.0,0.0,0.0
10,2.5,R1Z5,92.62990753324605,0.0,0.0,2.922747674359762,54.94588632953395,2.220446049250313e-15,0.0,0.0,70.60604512489022,0.0,0.0,0.0,0.0,0.0,0.0,0.0,0.0,0.0,0.0
10,2.5,R1Z6,84.4462326059952,0.0,0.0,0.36733084383839554,38.24594398387222,-8.881784197001252e-16,0.0,0.0,0.0,0.0,0.0,0.0,49.62260888371976,0.0,0.0,0.0,0.0,0.0,0.0
10,2.5,R1Z7,142.6844608236731,0.0,0.0,4.117905225069279,35.76037484654675,1.7763568394002505e-15,0.0,0.0,35.30302256244511,0.0,0.0,0.0,60.205523624354036,0.0,0.0,0.0,0.0,0.0,0.0
10,2.5,R1Z8,87.52126204373486,0.0,0.0,4.706159745582738,159.0540355522394,5.329070518200751e-15,0.0,0.0,0.0,0.0,0.0,0.0,0.0,0.0,0.0,0.0,0.0,0.0,0.0
10,2.5,R1Z9,118.75988621579909,0.0,0.0,9.059294393993937,82.14638846899857,-1.7763568394002505e-15,0.0,0.0,0.0,0.0,0.0,8.14498256084147,87.42100661591809,0.0,0.0,0.0,0.0,0.0,0.0
10,2.5,R1Z10,128.2447210091557,0.0,0.0,10.536959015755066,56.73105984855052,0.0,0.0,0.0,0.0,0.0,0.0,0.0,120.2080183556871,0.0,0.0,0.0,0.0,0.0,0.0
10,2.5,R2Z1,109.20829324071424,0.0,135.0,37.61028884946825,131.18297316470228,-7.105427357601002e-15,0.0,0.0,0.0,0.0,0.0,0.0,77.38332661790244,2.354085651465958,0.0,640.0,0.0,0.0,0.0
10,2.5,R2Z2,90.9214923664911,0.0,135.0,0.0,0.0,11.832997309854846,51.6902039140487,0.0,0.0,0.0,0.0,0.0,83.63800093535966,80.0,0.0,577.2761442736945,0.0,0.0,0.0
10,2.5,R2Z3,103.25572486198006,0.0,0.0,0.0,0.0,15.198780480817456,49.05390711588537,0.0,35.30302256244511,0.0,0.0,0.0,72.40051766956502,0.0,0.0,0.0,0.0,0.0,0.0
10,2.5,R2Z4,138.7931956320367,0.0,0.0,0.0,99.31273538284344,2.980304812364801,55.19139741568037,0.0,70.60604512489022,0.0,0.0,0.0,0.0,0.0,0.0,0.0,0.0,0.0,0.0
10,2.5,R2Z5,104.34518281255863,0.0,0.0,0.0,0.0,9.917120878579533,83.03264147499986,0.0,35.30302256244511,0.0,0.0,0.0,0.0,0.0,0.0,0.0,0.0,0.0,0.0
10,2.5,R2Z6,92.03823094361074,0.0,0.0,2.4535966033681404,91.75964819074088,-4.440892098500626e-16,0.0,0.0,70.60604512489022,0.0,0.0,0.0,174.8099591003157,0.0,0.0,0.0,0.0,0.0,0.0
10,2.5,R2Z7,128.52872100202302,0.0,0.0,0.0,0.0,7.451189326649856,32.97965893497932,0.0,70.60604512489022,0.0,0.0,0.0,89.31745199707052,0.0,0.0,0.0,0.0,0.0,0.0
10,2.5,R2Z8,111.11241732242334,0.0,0.0,10.415652371734211,46.51032490705974,1.7763568394002505e-15,0.0,0.0,0.0,0.0,0.0,0.0,92.03843553329098,0.0,0.0,0.0,0.0,0.0,0.0
10,2.5,R2Z9,63.86387864078839,0.0,0.0,5.375234714322971,156.41689963691726,7.993605777301127e-15,0.0,0.0,35.30302256244511,0.0,0.0,0.0,84.17989271989354,0.0,0.0,0.0,0.0,0.0,0.0
10,2.5,R3Z1,92.35440957614475,0.0,0.0,0.0,0.0,0.6156027983657415,54.21249663650875,0.0,0.0,0.0,0.0,0.0,0.0,0.0,0.0,0.0,0.0,0.0,0.0
10,2.5,R3Z2,85.32892562182076,0.0,0.0,0.0,0.0,18.815360696599473,140.19180661037106,0.0,70.60604512489022,0.0,0.0,0.0,167.67404003461883,0.0,0.0,0.0,0.0,0.0,0.0
10,2.5,R3Z3,157.06303833955909,0.0,0.0,9.46062762415464,75.03334381696368,5.329070518200751e-15,0.0,0.0,35.30302256244511,0.0,0.0,0.0,0.0,0.0,0.0,0.0,0.0,0.0,0.0
10,2.5,R4Z1,118.04116186413401,0.0,135.0,6.017569008501454,223.49359459836393,1.1546319456101628e-14,0.0,0.0,70.60604512489022,0.0,0.0,0.0,82.95434393257523,0.0,0.0,0.0,0.0,0.0,0.0
10,2.5,R4Z2,148.0665615489883,0.0,0.0,13.359953414567471,26.466939580582725,0.0,0.0,0.0,70.60604512489022,0.0,0.0,0.0,163.98886559862748,0.0,0.0,0.0,0.0,0.0,0.0
10,2.5,R4Z3,113.60646303234138,0.0,0.0,12.608192814852274,93.69149799227688,0.0,0.0,0.0,0.0,0.0,0.0,0.0,0.0,0.0,0.0,0.0,0.0,0.0,0.0
10,2.5,R4Z4,124.7796399359355,0.0,0.0,0.0,0.0,9.314873376049919,27.089521451336882,0.0,0.0,0.0,0.0,0.0,0.0,0.0,0.0,0.0,0.0,0.0,0.0
10,2.5,R4Z5,129.91740528244804,0.0,0.0,8.005260832866398,124.46611420919221,-3.552713678800501e-15,0.0,0.0,70.60604512489022,0.0,0.0,0.0,0.0,0.0,0.0,0.0,0.0,0.0,0.0
10,2.5,R4Z6,123.4950701776852,0.0,0.0,0.0,26.969905378534804,10.077899311288148,35.98198321610638,0.0,70.60604512489022,0.0,0.0,0.0,156.07334359387568,0.0,0.0,0.0,0.0,0.0,0.0
10,2.5,R4Z7,138.8535337067625,0.0,0.0,10.22562863161707,115.5788982683721,5.329070518200751e-15,0.0,0.0,70.60604512489022,0.0,0.0,0.0,0.0,0.0,0.0,0.0,0.0,0.0,0.0
10,2.5,R4Z8,126.56126727886794,0.0,0.0,9.116822202886137,18.102089810472524,-1.7763568394002505e-15,0.0,0.0,70.60604512489022,0.0,0.0,0.0,0.0,0.0,0.0,0.0,0.0,0.0,0.0
10,2.5,R4Z9,102.41116452246018,0.0,0.0,10.743315916671236,129.2477824047699,0.0,0.0,0.0,0.0,0.0,0.0,0.0,90.33690514639933,0.0,0.0,0.0,0.0,0.0,0.0
10,2.5,R4Z10,130.67054614773718,0.0,0.0,4.139903452828875,101.00002416327422,2.6645352591003757e-15,0.0,0.0,0.0,0.0,0.0,0.0,92.02839391288686,0.0,0.0,0.0,0.0,0.0,0.0
10,2.5,R4Z11,172.05251468195,0.0,0.0,0.0,0.0,9.626187548148426,160.0,0.0,35.30302256244511,0.0,0.0,0.0,85.13896249990694,0.0,0.0,0.0,0.0,0.0,0.0
10,2.5,R5Z1,75.84737638532546,0.0,135.0,0.0,0.0,23.069959512445987,43.5522548940618,0.0,0.0,0.0,0.0,0.0,74.32956709182822,0.0,0.0,0.0,0.0,0.0,0.0
10,2.5,R5Z2,100.41052060067938,0.0,135.0,0.0,0.0,4.856957510428,57.89323327250699,0.0,35.30302256244511,0.0,0.0,0.0,176.85410274374195,0.0,0.0,0.0,0.0,0.0,0.0
10,2.5,R5Z3,138.8136159045538,0.0,0.0,0.0,0.0,13.622590185082085,56.23464616224509,0.0,35.30302256244511,0.0,0.0,0.0,150.00634622918636,0.0,0.0,0.0,0.0,0.0,0.0
10,2.5,R5Z4,125.08048429304586,0.0,0.0,16.708240911884687,62.537902288757635,-3.552713678800501e-15,0.0,0.0,70.60604512489022,0.0,0.0,0.0,0.0,0.0,0.0,0.0,0.0,0.0,0.0
10,2.5,R5Z5,120.95194254351988,0.0,0.0,0.0,0.0,7.335924480719914,85.62105974609375,0.0,35.30302256244511,0.0,0.0,0.0,82.5274840105714,0.0,0.0,0.0,0.0,0.0,0.0
10,2.5,R5Z6,112.35335390049589,0.0,0.0,4.69397430884581,134.6660812841677,-8.881784197001252e-16,0.0,0.0,70.60604512489022,0.0,0.0,0.0,167.5233224641569,0.0,0.0,0.0,0.0,0.0,0.0
10,2.5,R5Z7,95.05682335059599,0.0,0.0,9.310308566468919,49.10622581236752,-1.7763568394002505e-15,0.0,0.0,0.0,0.0,0.0,0.0,90.8874170212537,0.0,0.0,0.0,0.0,0.0,0.0
10,2.5,R5Z8,104.86211876225542,0.0,0.0,10.597833787853673,100.13296385306772,3.552713678800501e-15,0.0,0.0,35.30302256244511,0.0,0.0,0.0,169.16296679577144,0.0,0.0,0.0,0.0,0.0,0.0
10,2.5,R5Z9,114.75313917249208,0.0,0.0,0.0,34.896794208507416,7.789234154714805,125.1777507464409,0.0,0.0,0.0,0.0,0.0,88.1355297440957,0.0,0.0,0.0,0.0,0.0,0.0
10,2.5,R6Z1,96.01771318779053,0.0,135.0,0.0,0.0,16.360062114138817,36.16784480655025,0.0,0.0,0.0,0.0,0.0,0.0,80.0,0.0,611.7062372757091,0.0,0.0,0.0
10,2.5,R6Z2,145.50474678185654,0.0,135.0,0.0,0.0,16.570775787532266,26.920529573869985,0.0,70.60604512489022,0.0,0.0,0.0,143.5753683463997,63.01903696202013,0.0,640.0,0.0,0.0,0.0
10,2.5,R6Z3,118.2378689258834,0.0,0.0,0.0,0.0,33.731455813955144,36.06122651281814,0.0,35.30302256244511,0.0,0.0,0.0,84.5596792179346,0.0,0.0,0.0,0.0,0.0,0.0
10,2.5,R6Z4,133.10977657224856,0.0,0.0,8.779357732656194,130.235106025738,0.0,0.0,0.0,35.30302256244511,0.0,0.0,0.0,80.18068625491846,0.0,0.0,0.0,0.0,0.0,0.0
10,2.5,R7Z1,91.73632002063674,0.0,135.0,0.0,0.0,20.003916980734694,143.90096565546938,0.0,35.30302256244511,0.0,0.0,0.0,0.0,80.0,0.0,574.7294553352383,0.0,0.0,0.0
10,2.5,R7Z2,79.72073098266956,0.0,135.0,0.0,0.0,0.0,54.81183940582959,0.0,0.0,0.0,0.0,0.0,170.93902288126276,0.0,0.0,0.0,0.0,0.0,0.0
10,2.5,R7Z3,92.58617123742381,0.0,0.0,4.118870372911573,165.2966406861856,-7.993605777301127e-15,0.0,0.0,70.60604512489022,0.0,0.0,0.0,145.98349910523302,0.0,0.0,0.0,0.0,0.0,0.0
10,2.5,R7Z4,152.16365613331703,0.0,0.0,21.31484634724646,158.64059942101323,1.0658141036401503e-14,0.0,0.0,35.30302256244511,0.0,0.0,0.0,71.22712982139187,0.0,0.0,0.0,0.0,0.0,0.0
10,2.5,R7Z5,138.84297372092416,0.0,0.0,0.0,0.0,8.571801506420021,113.4552581257828,0.0,70.60604512489022,0.0,0.0,0.0,0.0,0.0,0.0,0.0,0.0,0.0,0.0
10,2.5,R7Z6,121.80116445177502,0.0,0.0,0.0,0.0,9.660647898815391,113.38503520864991,0.0,70.60604512489022,0.0,0.0,0.0,0.0,0.0,0.0,0.0,0.0,0.0,0.0
10,2.5,R7Z7,117.57995620823726,0.0,0.0,0.0,41.117285001280635,7.371920486961894,58.41203719884942,0.0,0.0,0.0,0.0,0.0,71.54677303047828,0.0,0.0,0.0,0.0,0.0,0.0
10,2.5,R7Z8,143.5508835591901,0.0,0.0,19.133746079507773,140.76464688524243,7.105427357601002e-15,0.0,0.0,70.60604512489022,0.0,0.0,0.0,151.97080931310495,0.0,0.0,0.0,0.0,0.0,0.0
10,2.5,R7Z9,102.38116899757141,0.0,0.0,0.0,0.0,18.884569135075576,72.21653769999048,0.0,70.60604512489022,0.0,0.0,0.0,83.0915657547977,0.0,0.0,0.0,0.0,0.0,0.0
10,2.5,R8Z1,124.9378602473345,0.0,135.0,8.908475261545874,107.80883726293041,7.105427357601002e-15,0.0,0.0,35.30302256244511,595.9394580021076,0.0,0.0,88.47875197589964,25.932606633167996,0.0,640.0,0.0,0.0,0.0
10,2.5,R8Z2,115.50328042403156,0.0,135.0,13.12284096592316,240.0,1.2434497875801753e-14,0.0,0.0,35.30302256244511,0.0,0.0,0.0,154.13771564590323,0.0,0.0,0.0,0.0,0.0,0.0
10,2.5,R8Z3,77.00338411237078,0.0,0.0,0.0,0.0,8.867086753294078,99.5537930178779,0.0,35.30302256244511,0.0,0.0,0.0,180.3302041755802,0.0,0.0,0.0,0.0,0.0,0.0
10,2.5,R8Z4,80.10296630131592,0.0,0.0,0.0,121.80332785124162,8.217862854218456,15.840251642265713,0.0,0.0,0.0,0.0,0.0,0.0,0.0,0.0,0.0,0.0,0.0,0.0
10,2.5,R8Z5,140.04357981223038,0.0,0.0,0.0,6.498182420462385,10.274117156440576,65.55029093800141,0.0,35.30302256244511,0.0,0.0,0.0,89.74176023053276,0.0,0.0,0.0,0.0,0.0,0.0
10,2.5,R8Z6,133.42133297688144,0.0,0.0,0.0,0.0,4.284464442219126,112.65433738371117,0.0,35.30302256244511,0.0,0.0,0.0,0.0,0.0,0.0,0.0,0.0,0.0,0.0
10,2.5,R8Z7,106.71950523025747,0.0,0.0,13.836160045373557,27.656010097819465,0.0,0.0,0.0,0.0,0.0,0.0,0.0,83.14424727949752,0.0,0.0,0.0,0.0,0.0,0.0
10,2.5,R8Z8,156.0914652566852,0.0,0.0,15.18520827798639,148.8326656925622,1.2434497875801753e-14,0.0,0.0,35.30302256244511,0.0,0.0,0.0,88.40026489649726,0.0,0.0,0.0,0.0,0.0,0.0
10,2.5,R9Z1,117.26587770759913,0.0,135.0,8.099198614206202,61.82020053664536,-5.329070518200751e-15,0.0,0.0,35.30302256244511,0.0,0.0,0.0,0.0,80.0,0.0,621.2177640522306,0.0,0.0,0.0
10,2.5,R9Z2,114.48831324631371,0.0,135.0,4.237179718795161,87.76613783292234,8.881784197001252e-16,0.0,0.0,35.30302256244511,0.0,0.0,0.0,78.60948835611752,80.0,0.0,616.6470247792921,0.0,0.0,0.0
10,2.5,R9Z3,167.92608123762528,0.0,0.0,0.0,0.0,10.180066713017457,37.56551447195997,0.0,70.60604512489022,0.0,0.0,0.0,144.49904551957675,0.0,0.0,0.0,0.0,0.0,0.0
10,2.5,R9Z4,128.10182820091333,0.0,0.0,12.21057551555262,161.93609017612326,-1.4210854715202004e-14,0.0,0.0,35.30302256244511,0.0,0.0,0.0,75.79083717435884,0.0,0.0,0.0,0.0,0.0,0.0
10,2.5,R9Z5,122.531534134316,0.0,0.0,2.1131618975295794,124.85014643531483,-1.7763568394002505e-15,0.0,0.0,35.30302256244511,0.0,0.0,0.0,157.85368117759796,0.0,0.0,0.0,0.0,0.0,0.0
10,2.5,R9Z6,116.40763097891241,0.0,0.0,5.296163784386621,52.32320427591313,0.0,0.0,0.0,35.30302256244511,0.0,0.0,0.0,167.83419934814006,0.0,0.0,0.0,0.0,0.0,0.0
10,2.5,R9Z7,124.13602832810165,0.0,0.0,0.0,0.0,10.620819485082189,66.39986011255337,0.0,0.0,0.0,0.0,0.0,80.43810757002174,0.0,0.0,0.0,0.0,0.0,0.0
10,2.5,R9Z8,134.00572111533123,0.0,0.0,0.0,0.0,11.889847622626055,43.774434499064355,0.0,35.30302256244511,0.0,0.0,0.0,75.16072922425533,0.0,0.0,0.0,0.0,0.0,0.0
10,2.5,R9Z9,110.985261564077,0.0,0.0,14.164534784293544,48.06115533322295,0.0,0.0,0.0,0.0,0.0,0.0,0.0,170.5645523494849,0.0,0.0,0.0,0.0,0.0,0.0
10,2.5,R9Z10,104.73783477783576,0.0,0.0,5.186914028929124,185.1289899164351,-6.217248937900877e-15,0.0,0.0,0.0,0.0,0.0,0.0,0.0,0.0,0.0,0.0,0.0,0.0,0.0
10,2.5,R9Z11,142.01845028175663,0.0,0.0,4.288400326444474,209.0805525712305,-4.440892098500626e-15,0.0,0.0,0.0,0.0,0.0,0.0,168.56776926543228,0.0,0.0,0.0,0.0,0.0,0.0
10,2.5,R10Z1,137.02195913997892,0.0,0.0,1.4608027207563055,77.37650738913109,-8.881784197001252e-16,0.0,0.0,0.0,0.0,0.0,0.0,73.89299886585891,80.0,0.0,553.5544151180676,0.0,0.0,0.0
10,2.5,R10Z2,86.59526629420661,0.0,0.0,0.0,60.34221691636171,8.757891503169292,32.38228473070106,0.0,0.0,0.0,0.0,0.0,175.97637190795697,80.0,0.0,621.878635196071,0.0,0.0,0.0
10,2.5,R10Z3,158.03648851298146,0.0,0.0,5.728238968509075,87.32294020156642,-5.329070518200751e-15,0.0,0.0,0.0,0.0,0.0,0.0,84.59095667412697,0.0,0.0,0.0,0.0,0.0,0.0
10,2.5,R10Z4,148.479917131103,0.0,0.0,0.0,25.122953170684905,0.0,0.0,0.0,70.60604512489022,0.0,0.0,0.0,85.76602004753232,0.0,0.0,0.0,0.0,0.0,0.0
10,2.5,R10Z5,88.55785803759561,0.0,0.0,0.0,0.0,1.5933780380455713,139.43327617164041,0.0,70.60604512489022,0.0,0.0,0.0,0.0,0.0,0.0,0.0,0.0,0.0,0.0
10,2.5,R10Z6,65.6300748262735,0.0,0.0,17.297162538104992,32.67758818028518,-3.552713678800501e-15,0.0,0.0,70.60604512489022,0.0,0.0,0.0,72.76419886833881,0.0,0.0,0.0,0.0,0.0,0.0
10,2.5,R10Z7,132.12992562443165,0.0,0.0,4.183052026758872,148.01041788163369,-8.881784197001252e-16,0.0,0.0,70.60604512489022,0.0,0.0,0.0,88.0282876115805,0.0,0.0,0.0,0.0,0.0,0.0
10,2.5,R10Z8,158.49176886384706,0.0,0.0,5.833198599776097,32.07917975279242,0.0,0.0,0.0,0.0,0.0,0.0,0.0,85.18203673609041,0.0,0.0,0.0,0.0,0.0,0.0
10,2.5,R10Z9,135.84022450164937,0.0,0.0,3.382625560631311,106.4834288011213,-1.3322676295501878e-15,0.0,0.0,35.30302256244511,0.0,0.0,0.0,0.0,0.0,0.0,0.0,0.0,0.0,0.0
10,2.5,R11Z1,150.123137860764,0.0,135.0,0.0,114.42232353048635,11.358398368696793,0.10065700653191811,0.0,70.60604512489022,0.0,0.0,0.0,166.29687314144,0.0,0.0,0.0,0.0,0.0,0.0
10,2.5,R11Z2,112.90356526837103,0.0,135.0,0.0,0.0,3.4170172031697996,50.50649439564813,0.0,35.30302256244511,0.0,0.0,0.0,72.83394272169971,0.0,0.0,0.0,0.0,0.0,0.0
10,2.5,R11Z3,143.99433144240797,0.0,0.0,0.0,0.0,5.0224160329822904,39.9052294848281,0.0,35.30302256244511,0.0,0.0,0.0,0.0,0.0,0.0,0.0,0.0,0.0,0.0
10,2.5,R11Z4,136.8712156452966,0.0,0.0,0.0,0.0,13.206303044238865,190.63709035523806,0.0,0.0,0.0,0.0,0.0,84.44543881757453,0.0,0.0,0.0,0.0,0.0,0.0
10,2.5,R11Z5,61.606770451693485,0.0,0.0,4.862419518819422,59.34165201751945,-2.6645352591003757e-15,0.0,0.0,35.30302256244511,0.0,0.0,0.0,92.46350247940998,0.0,0.0,0.0,0.0,0.0,0.0
10,2.5,R11Z6,105.70202920271797,0.0,0.0,0.0,0.0,5.117768492179695,59.23156858317817,0.0,0.0,0.0,0.0,0.0,0.0,0.0,0.0,0.0,0.0,0.0,0.0
10,2.5,R11Z7,98.48128847809677,0.0,0.0,0.0,70.0591385718069,4.7741961165692395,63.8213559662812,0.0,35.30302256244511,0.0,0.0,0.0,0.0,0.0,0.0,0.0,0.0,0.0,0.0
10,2.5,R11Z8,127.02822413636999,0.0,0.0,7.157687580457946,172.69228236368343,9.769962616701378e-15,0.0,0.0,35.30302256244511,0.0,0.0,0.0,166.13608610558688,0.0,0.0,0.0,0.0,0.0,0.0
10,2.5,R12Z1,99.00336185197953,0.0,135.0,13.47015369666412,61.79909676477066,5.329070518200751e-15,0.0,0.0,70.60604512489022,0.0,0.0,0.0,143.42020663742258,0.0,0.0,0.0,0.0,0.0,0.0
10,2.5,R12Z2,142.6076016826529,0.0,135.0,7.129523014257586,167.40248363556057,-1.2434497875801753e-14,0.0,0.0,35.30302256244511,0.0,0.0,0.0,91.48232868035741,0.0,0.0,0.0,0.0,0.0,0.0
10,2.5,R12Z3,110.87012731303993,0.0,0.0,3.236658900074154,38.22988683188592,-3.1086244689504383e-15,0.0,0.0,35.30302256244511,0.0,0.0,0.0,166.53721790723736,0.0,0.0,0.0,0.0,0.0,0.0
10,2.5,R12Z4,95.69734734637369,0.0,0.0,20.04052423697923,42.23126081718816,0.0,0.0,0.0,0.0,0.0,0.0,0.0,0.0,0.0,0.0,0.0,0.0,0.0,0.0
10,2.5,R12Z5,154.37794201345542,0.0,0.0,6.335935990628812,68.21933065349597,0.0,0.0,0.0,0.0,0.0,0.0,0.0,156.93382171152186,0.0,0.0,0.0,0.0,0.0,0.0
10,2.5,R12Z6,104.17051031884988,0.0,0.0,0.0,54.339215925558406,5.86709883563695,68.33911442029398,0.0,0.0,0.0,0.0,0.0,0.0,0.0,0.0,0.0,0.0,0.0,0.0
10,2.5,R12Z7,93.37742212357185,0.0,0.0,9.825179810396495,7.647304935130936,0.0,0.0,0.0,70.60604512489022,0.0,0.0,0.0,0.0,0.0,0.0,0.0,0.0,0.0,0.0
10,2.5,R12Z8,179.6300471147505,0.0,0.0,10.250370909831034,56.87868571095207,-1.7763568394002505e-15,0.0,0.0,0.0,0.0,0.0,0.0,87.51335909344807,0.0,0.0,0.0,0.0,0.0,0.0
10,2.5,R12Z9,121.27048644221601,0.0,0.0,9.765835008429775,137.51999107496562,7.105427357601002e-15,0.0,0.0,70.60604512489022,0.0,0.0,0.0,173.82615590527897,0.0,0.0,0.0,0.0,0.0,0.0
11,2.75,R1Z1,74.63409859834,0.0,0.0,4.106057967560133,183.8349728238828,-9.769962616701378e-15,0.0,0.0,106.91819278929115,0.0,0.0,0.0,157.10464686718404,0.0,0.0,603.1864885281733,0.0,0.0,0.0
11,2.75,R1Z2,84.07370039795349,0.0,0.0,0.0,109.11414524422716,0.0,0.0,0.0,106.91819278929115,0.0,0.0,0.0,109.00302058587816,0.0,0.0,0.0,0.0,0.0,0.0
11,2.75,R1Z3,175.63939742451353,0.0,0.0,14.384085742898154,9.662794507306156,-1.7763568394002505e-15,0.0,0.0,53.45909639464558,0.0,0.0,0.0,86.74881798353493,0.0,0.0,0.0,0.0,0.0,0.0
11,2.75,R1Z4,82.52716067022227,0.0,0.0,11.64475974513671,99.59810123284984,-5.329070518200751e-15,0.0,0.0,106.91819278929115,0.0,0.0,0.0,0.0,0.0,0.0,0.0,0.0,0.0,0.0
11,2.75,R1Z5,100.71067606224547,0.0,0.0,5.800257972699583,43.39740132208988,2.6645352591003757e-15,0.0,0.0,106.91819278929115,0.0,0.0,0.0,0.0,0.0,0.0,0.0,0.0,0.0,0.0
11,2.75,R1Z6,100.32565614718752,0.0,0.0,13.670588704243741,82.03352584268829,5.329070518200751e-15,0.0,0.0,0.0,0.0,0.0,45.0,37.893015322657256,0.0,0.0,0.0,0.0,0.0,0.0
11,2.75,R1Z7,145.10946971673604,0.0,0.0,5.177131591313824,47.1229368430992,1.7763568394002505e-15,0.0,0.0,53.45909639464558,0.0,0.0,0.0,60.13820015980558,0.0,0.0,0.0,0.0,0.0,0.0
11,2.75,R1Z8,71.15394102194361,0.0,0.0,2.8318485303868783,126.32942650251192,-1.199040866595169e-14,0.0,0.0,0.0,0.0,0.0,0.0,0.0,0.0,0.0,0.0,0.0,0.0,0.0
11,2.75,R1Z9,102.32320758342753,0.0,0.0,4.264355358709452,118.7986432172654,6.217248937900877e-15,0.0,0.0,0.0,0.0,0.0,0.0,87.32325005330733,0.0,0.0,0.0,0.0,0.0,0.0
11,2.75,R1Z10,134.0769712344329,0.0,0.0,1.2360965018832246,26.23554257080725,6.661338147750939e-16,0.0,0.0,0.0,0.0,0.0,20.32435672589631,114.80096160914675,0.0,0.0,0.0,0.0,0.0,0.0
11,2.75,R2Z1,111.18248667117925,0.0,135.0,12.218071699459399,0.0,0.0,0.0,0.0,0.0,0.0,0.0,0.0,77.2967944638312,2.354085651465958,0.0,640.0,0.0,0.0,0.0
11,2.75,R2Z2,87.82056539521228,0.0,135.0,12.159433360373281,19.34347441043154,0.0,0.0,0.0,0.0,0.0,0.0,0.0,83.54447463325474,80.0,0.0,595.4357652076386,0.0,0.0,0.0
11,2.75,R2Z3,73.79120483006241,0.0,0.0,26.13859036211997,61.23120780452608,0.0,0.0,0.0,53.45909639464558,0.0,0.0,0.0,72.31955742885638,0.0,0.0,0.0,0.0,0.0,0.0
11,2.75,R2Z4,112.99666469492401,0.0,0.0,0.0,0.0,7.9066063482874975,152.34678596422384,0.0,106.91819278929115,0.0,0.0,0.0,0.0,0.0,0.0,0.0,0.0,0.0,0.0
11,2.75,R2Z5,100.93022200223886,0.0,0.0,0.0,0.0,8.534601786418383,116.30782039804892,0.0,53.45909639464558,0.0,0.0,0.0,0.0,0.0,0.0,0.0,0.0,0.0,0.0
11,2.75,R2Z6,87.19853006740436,0.0,0.0,0.0,0.0,12.907289808613566,63.971790228074674,0.0,106.91819278929115,0.0,0.0,0.0,174.61448181890148,0.0,0.0,0.0,0.0,0.0,0.0
11,2.75,R2Z7,121.67270660945314,0.0,0.0,0.0,0.0,8.178965116973297,73.45564449579932,0.0,106.91819278929115,0.0,0.0,0.0,89.21757477732234,0.0,0.0,0.0,0.0,0.0,0.0
11,2.75,R2Z8,107.60021296173892,0.0,0.0,0.0,0.0,8.00988503212743,53.38441532047936,0.0,0.0,0.0,0.0,0.0,91.93551563526995,0.0,0.0,0.0,0.0,0.0,0.0
11,2.75,R2Z9,76.80360279508895,0.0,0.0,8.098393590158963,128.97054796246942,1.2434497875801753e-14,0.0,0.0,53.45909639464558,0.0,0.0,0.0,84.08576045956173,0.0,0.0,0.0,0.0,0.0,0.0
11,2.75,R3Z1,90.56898557539198,0.0,0.0,0.0,0.0,32.08826169778723,39.12208605845341,0.0,0.0,0.0,0.0,0.0,0.0,0.0,0.0,0.0,0.0,0.0,0.0
11,2.75,R3Z2,102.22122346979137,0.0,0.0,8.62039246442697,132.62668047432712,-3.552713678800501e-15,0.0,0.0,106.91819278929115,0.0,0.0,0.0,167.48654233323845,0.0,0.0,0.0,0.0,0.0,0.0
11,2.75,R3Z3,136.11271457580835,0.0,0.0,8.356821286964639,62.35435762991916,-5.329070518200751e-15,0.0,0.0,53.45909639464558,0.0,0.0,0.0,0.0,0.0,0.0,0.0,0.0,0.0,0.0
11,2.75,R4Z1,127.17475881383872,0.0,135.0,0.0,0.0,4.785680968270386,119.90496025378867,0.0,106.91819278929115,0.0,0.0,0.0,82.86158211444486,0.0,0.0,0.0,0.0,0.0,0.0
11,2.75,R4Z2,113.07402528044784,0.0,0.0,0.0,0.0,25.392057114658762,41.00434853662185,0.0,106.91819278929115,0.0,0.0,0.0,163.8054887601773,0.0,0.0,0.0,0.0,0.0,0.0
11,2.75,R4Z3,115.9006644078654,0.0,0.0,0.0,0.0,12.527089493769514,131.38346221932647,0.0,0.0,0.0,0.0,0.0,0.0,0.0,0.0,0.0,0.0,0.0,0.0
11,2.75,R4Z4,149.5318298722482,0.0,0.0,5.255408338304619,58.62412298214277,1.7763568394002505e-15,0.0,0.0,0.0,0.0,0.0,0.0,0.0,0.0,0.0,0.0,0.0,0.0,0.0
11,2.75,R4Z5,124.04695587899286,0.0,0.0,0.0,0.0,11.724122451120913,141.80197244286734,0.0,106.91819278929115,0.0,0.0,0.0,0.0,0.0,0.0,0.0,0.0,0.0,0.0
11,2.75,R4Z6,143.74704434271163,0.0,0.0,21.369129798659394,27.06986608705342,-3.552713678800501e-15,0.0,0.0,106.91819278929115,0.0,0.0,0.0,155.8988181088062,0.0,0.0,0.0,0.0,0.0,0.0
11,2.75,R4Z7,140.45437034684196,0.0,0.0,0.0,188.94602503665038,17.535699518918847,7.120026977022604,0.0,106.91819278929115,0.0,0.0,0.0,0.0,0.0,0.0,0.0,0.0,0.0,0.0
11,2.75,R4Z8,129.5646420144285,0.0,0.0,18.63985771150304,71.7778244158754,0.0,0.0,0.0,106.91819278929115,0.0,0.0,0.0,0.0,0.0,0.0,0.0,0.0,0.0,0.0
11,2.75,R4Z9,112.34177208233586,0.0,0.0,13.181153852234104,118.22842031835455,0.0,0.0,0.0,0.0,0.0,0.0,0.0,90.23588794623365,0.0,0.0,0.0,0.0,0.0,0.0
11,2.75,R4Z10,129.95413121361364,0.0,0.0,6.280900508534188,104.58323784438102,1.7763568394002505e-15,0.0,0.0,0.0,0.0,0.0,0.0,91.92548524368063,0.0,0.0,0.0,0.0,0.0,0.0
11,2.75,R4Z11,179.83447625088522,0.0,0.0,0.0,0.0,13.52303561010255,79.03906595396111,0.0,53.45909639464558,0.0,0.0,0.0,85.04375778149408,0.0,0.0,0.0,0.0,0.0,0.0
11,2.75,R5Z1,91.89037023947465,0.0,135.0,21.585996636441983,35.28986876827667,-3.552713678800501e-15,0.0,0.0,0.0,0.0,0.0,0.0,74.2464497352509,0.0,0.0,0.0,0.0,0.0,0.0
11,2.75,R5Z2,97.31645542170143,0.0,135.0,5.542141505940492,61.89033410111243,0.0,0.0,0.0,53.45909639464558,0.0,0.0,0.0,176.65633964495044,0.0,0.0,0.0,0.0,0.0,0.0
11,2.75,R5Z3,127.79376561577838,0.0,0.0,0.0,0.0,16.68875829737868,170.47907019136352,0.0,53.45909639464558,0.0,0.0,0.0,149.83860502664461,0.0,0.0,0.0,0.0,0.0,0.0
11,2.75,R5Z4,110.01977270183929,0.0,0.0,0.0,0.0,13.577862049084327,47.432231981220326,0.0,106.91819278929115,0.0,0.0,0.0,0.0,0.0,0.0,0.0,0.0,0.0,0.0
11,2.75,R5Z5,106.18098842158639,0.0,0.0,6.385363115746443,115.78805567644451,-4.440892098500626e-15,0.0,0.0,53.45909639464558,0.0,0.0,0.0,82.43519951889044,0.0,0.0,0.0,0.0,0.0,0.0
11,2.75,R5Z6,129.01219197035726,0.0,0.0,0.0,30.07872154949689,7.332422450780328,88.41613206916988,0.0,106.91819278929115,0.0,0.0,0.0,167.33599329928947,0.0,0.0,0.0,0.0,0.0,0.0
11,2.75,R5Z7,90.54739183259365,0.0,0.0,0.0,0.0,16.46770190373179,55.60257793134656,0.0,0.0,0.0,0.0,0.0,90.78578422364015,0.0,0.0,0.0,0.0,0.0,0.0
11,2.75,R5Z8,91.734267721228,0.0,0.0,0.0,0.0,15.04052228984134,119.04865594917872,0.0,53.45909639464558,0.0,0.0,0.0,168.97380413572972,0.0,0.0,0.0,0.0,0.0,0.0
11,2.75,R5Z9,166.74356984521182,0.0,0.0,0.0,77.2075439498727,19.850187679434104,104.29230037749736,0.0,0.0,0.0,0.0,0.0,88.03697418216407,0.0,0.0,0.0,0.0,0.0,0.0
11,2.75,R6Z1,102.66766860296536,0.0,135.0,29.025013393360982,24.424448540970953,0.0,0.0,0.0,0.0,0.0,0.0,0.0,0.0,80.0,0.0,629.836327076143,0.0,0.0,0.0
11,2.75,R6Z2,145.97438090984303,0.0,135.0,0.0,0.0,20.518686819944058,20.169239494232286,0.0,106.91819278929115,0.0,0.0,0.0,143.4148184393644,2.354085651465958,0.0,640.0,0.0,0.0,0.0
11,2.75,R6Z3,119.48844755529275,0.0,0.0,0.0,0.0,26.451605188563008,37.02145617890824,0.0,53.45909639464558,0.0,0.0,0.0,84.46512226994462,0.0,0.0,0.0,0.0,0.0,0.0
11,2.75,R6Z4,97.79681539343245,0.0,0.0,0.0,0.0,10.272747895480567,145.555351967636,0.0,53.45909639464558,0.0,0.0,0.0,80.09102601672777,0.0,0.0,0.0,0.0,0.0,0.0
11,2.75,R7Z1,70.21512021071345,0.0,135.0,0.0,0.0,9.254211376591117,181.20631934968506,0.0,53.45909639464558,0.0,0.0,0.0,0.0,80.0,0.0,592.8912605970331,0.0,0.0,0.0
11,2.75,R7Z2,110.90428611417046,0.0,135.0,0.0,0.0,4.696632937072007,80.0,0.0,0.0,0.0,0.0,0.0,170.7478741866895,0.0,0.0,0.0,0.0,0.0,0.0
11,2.75,R7Z3,84.63349086491988,0.0,0.0,0.0,0.0,4.670730222857481,149.97519215731904,0.0,106.91819278929115,0.0,0.0,0.0,145.8202563604644,0.0,0.0,0.0,0.0,0.0,0.0
11,2.75,R7Z4,142.22885852035583,0.0,0.0,0.0,0.0,21.952171187493384,206.94370166112614,0.0,53.45909639464558,0.0,0.0,0.0,71.14748169509471,0.0,0.0,0.0,0.0,0.0,0.0
11,2.75,R7Z5,137.43196726347477,0.0,0.0,5.628627669367177,236.32685706234162,9.769962616701378e-15,0.0,0.0,106.91819278929115,0.0,0.0,0.0,0.0,0.0,0.0,0.0,0.0,0.0,0.0
11,2.75,R7Z6,109.22370298399579,0.0,0.0,0.0,0.0,8.87081817812296,84.2518906197474,0.0,106.91819278929115,0.0,0.0,0.0,0.0,0.0,0.0,0.0,0.0,0.0,0.0
11,2.75,R7Z7,104.71857487958485,0.0,0.0,0.0,0.0,14.270306749707728,106.56847622754188,0.0,0.0,0.0,0.0,0.0,71.46676747039498,0.0,0.0,0.0,0.0,0.0,0.0
11,2.75,R7Z8,143.2738178653813,0.0,0.0,23.71919339548826,96.78357472705427,-3.552713678800501e-15,0.0,0.0,106.91819278929115,0.0,0.0,0.0,151.80087139416867,0.0,0.0,0.0,0.0,0.0,0.0
11,2.75,R7Z9,122.91427668193647,0.0,0.0,0.0,0.0,13.133284386725697,95.17435751170682,0.0,106.91819278929115,0.0,0.0,0.0,82.99865049146949,0.0,0.0,0.0,0.0,0.0,0.0
11,2.75,R8Z1,138.48948588056962,0.0,135.0,0.0,0.0,13.15455500496434,45.65039287751753,0.0,53.45909639464558,0.0,0.0,0.0,88.37981261347323,2.354085651465958,0.0,640.0,0.0,0.0,0.0
11,2.75,R8Z2,104.23367926831057,0.0,135.0,17.806914580687902,121.0261301340606,-1.0658141036401503e-14,0.0,0.0,53.45909639464558,0.0,0.0,0.0,153.96535463298994,0.0,0.0,0.0,0.0,0.0,0.0
11,2.75,R8Z3,71.16208550544063,0.0,0.0,0.0,0.0,7.301083401747642,111.15171263964875,0.0,53.45909639464558,0.0,0.0,0.0,180.1285540050148,0.0,0.0,0.0,0.0,0.0,0.0
11,2.75,R8Z4,72.08654965560292,0.0,0.0,11.901877017805006,78.6427682894938,-3.552713678800501e-15,0.0,0.0,0.0,0.0,0.0,0.0,0.0,0.0,0.0,0.0,0.0,0.0,0.0
11,2.75,R8Z5,144.6956305679438,0.0,0.0,0.0,0.0,9.091200171357588,50.485571965947,0.0,53.45909639464558,0.0,0.0,0.0,89.64140853770316,0.0,0.0,0.0,0.0,0.0,0.0
11,2.75,R8Z6,106.4481989431505,0.0,0.0,0.0,0.0,1.8718060650510537,57.437884486130656,0.0,53.45909639464558,0.0,0.0,0.0,0.0,0.0,0.0,0.0,0.0,0.0,0.0
11,2.75,R8Z7,99.79765091699133,0.0,0.0,7.692299722889146,66.27312411836442,6.217248937900877e-15,0.0,0.0,0.0,0.0,0.0,0.0,83.05127310624633,0.0,0.0,0.0,0.0,0.0,0.0
11,2.75,R8Z8,145.14160742635883,0.0,0.0,0.0,43.38178577473897,8.662294424329842,72.79589596055207,0.0,53.45909639464558,0.0,0.0,0.0,88.30141330047151,0.0,0.0,0.0,0.0,0.0,0.0
11,2.75,R9Z1,115.47054153158243,0.0,135.0,7.618166432542964,35.60731202047831,1.7763568394002505e-15,0.0,0.0,53.45909639464558,0.0,0.0,0.0,0.0,80.0,0.0,639.3396956938379,0.0,0.0,0.0
11,2.75,R9Z2,100.32130962619107,0.0,135.0,6.024374037577957,127.39042514892748,9.769962616701378e-15,0.0,0.0,53.45909639464558,0.0,0.0,0.0,78.52158507442635,80.0,0.0,634.7728768027498,0.0,0.0,0.0
11,2.75,R9Z3,161.19106302388198,0.0,0.0,0.0,54.272870234590826,6.022104899628741,16.489127867173252,0.0,106.91819278929115,0.0,0.0,0.0,144.3374627314422,0.0,0.0,0.0,0.0,0.0,0.0
11,2.75,R9Z4,132.90547368560587,0.0,0.0,0.0,0.0,13.323382932547563,126.66408780265974,0.0,53.45909639464558,0.0,0.0,0.0,75.70608578557527,0.0,0.0,0.0,0.0,0.0,0.0
11,2.75,R9Z5,132.3222408608464,0.0,0.0,0.0,47.712535742414815,4.179295553021873,92.54910127202845,0.0,53.45909639464558,0.0,0.0,0.0,157.67716487030842,0.0,0.0,0.0,0.0,0.0,0.0
11,2.75,R9Z6,112.39416937018022,0.0,0.0,5.181663036627555,46.70257602664745,0.0,0.0,0.0,53.45909639464558,0.0,0.0,0.0,167.6465225522312,0.0,0.0,0.0,0.0,0.0,0.0
11,2.75,R9Z7,130.500402814415,0.0,0.0,15.025069097002472,47.03160909810569,0.0,0.0,0.0,0.0,0.0,0.0,0.0,80.34815947627001,0.0,0.0,0.0,0.0,0.0,0.0
11,2.75,R9Z8,118.42294797029037,0.0,0.0,13.749385309173768,56.53439176882956,-1.7763568394002505e-15,0.0,0.0,53.45909639464558,0.0,0.0,0.0,75.07668243942979,0.0,0.0,0.0,0.0,0.0,0.0
11,2.75,R9Z9,123.80564435422689,0.0,0.0,8.726829005191078,35.111686820336104,0.0,0.0,0.0,0.0,0.0,0.0,0.0,170.3738223981108,0.0,0.0,0.0,0.0,0.0,0.0
11,2.75,R9Z10,94.09686184548988,0.0,0.0,10.361905925250639,119.4879140464558,-8.881784197001252e-15,0.0,0.0,0.0,0.0,0.0,0.0,0.0,0.0,0.0,0.0,0.0,0.0,0.0
11,2.75,R9Z11,140.64209322014517,0.0,0.0,5.195369491155191,142.07392412091218,3.552713678800501e-15,0.0,0.0,0.0,0.0,0.0,0.0,168.37927217156158,0.0,0.0,0.0,0.0,0.0,0.0
11,2.75,R10Z1,121.17954370144889,0.0,0.0,3.634472614709736,91.51659336506377,6.661338147750939e-15,0.0,0.0,0.0,0.0,0.0,0.0,73.81036969182225,80.0,0.0,571.73438248415,0.0,0.0,0.0
11,2.75,R10Z2,90.80344319018174,0.0,0.0,6.635112152464785,133.60675680536042,-8.881784197001252e-16,0.0,0.0,0.0,0.0,0.0,0.0,175.77959031181254,80.0,0.0,640.0,0.0,0.0,0.0
11,2.75,R10Z3,152.67803164331445,0.0,0.0,0.0,0.0,15.682065817605348,56.32500660583684,0.0,0.0,0.0,0.0,0.0,84.4963647508293,0.0,0.0,0.0,0.0,0.0,0.0
11,2.75,R10Z4,150.66841920165123,0.0,0.0,0.0,0.0,2.7096786224710656,31.88968205199113,0.0,106.91819278929115,0.0,0.0,0.0,85.67011413620499,0.0,0.0,0.0,0.0,0.0,0.0
11,2.75,R10Z5,89.5757633808677,0.0,0.0,0.0,67.50043592499514,3.8922976081485716,28.420000492492747,0.0,106.91819278929115,0.0,0.0,0.0,0.0,0.0,0.0,0.0,0.0,0.0,0.0
11,2.75,R10Z6,77.41865270351892,0.0,0.0,9.846737523578497,35.564696409739604,0.0,0.0,0.0,106.91819278929115,0.0,0.0,0.0,72.6828319493585,0.0,0.0,0.0,0.0,0.0,0.0
11,2.75,R10Z7,122.75903509437754,0.0,0.0,4.396896859564251,94.28523245348133,4.440892098500626e-15,0.0,0.0,106.91819278929115,0.0,0.0,0.0,87.92985197073702,0.0,0.0,0.0,0.0,0.0,0.0
11,2.75,R10Z8,152.8474443594927,0.0,0.0,0.0,1.2528445689696923,2.261590058417861,29.18181169072963,0.0,0.0,0.0,0.0,0.0,85.08678385088756,0.0,0.0,0.0,0.0,0.0,0.0
11,2.75,R10Z9,120.22308565863777,0.0,0.0,0.0,0.0,0.9198203964216523,60.89908455523517,0.0,53.45909639464558,0.0,0.0,0.0,0.0,0.0,0.0,0.0,0.0,0.0,0.0
11,2.75,R11Z1,138.4849342523945,0.0,135.0,0.0,0.0,10.477506045074357,201.0636076140393,0.0,106.91819278929115,0.0,0.0,0.0,166.11091542577736,0.0,0.0,0.0,0.0,0.0,0.0
11,2.75,R11Z2,104.00799714632352,0.0,135.0,0.0,0.0,3.712031102168272,69.08904878713417,0.0,53.45909639464558,0.0,0.0,0.0,72.75249781323345,0.0,0.0,0.0,0.0,0.0,0.0
11,2.75,R11Z3,175.40196708821068,0.0,0.0,0.0,0.0,5.995805994905634,63.4997405076288,0.0,53.45909639464558,0.0,0.0,0.0,0.0,0.0,0.0,0.0,0.0,0.0,0.0
11,2.75,R11Z4,135.20871892726942,0.0,0.0,17.817690888989574,203.31575536084915,-3.552713678800501e-15,0.0,0.0,0.0,0.0,0.0,0.0,84.35100961632737,0.0,0.0,0.0,0.0,0.0,0.0
11,2.75,R11Z5,66.26792687027243,0.0,0.0,0.0,0.0,4.750692145996284,30.26676933275786,0.0,53.45909639464558,0.0,0.0,0.0,92.36010725989426,0.0,0.0,0.0,0.0,0.0,0.0
11,2.75,R11Z6,100.41658459212408,0.0,0.0,0.0,0.0,8.880427863039015,139.04380223994198,0.0,0.0,0.0,0.0,0.0,0.0,0.0,0.0,0.0,0.0,0.0,0.0
11,2.75,R11Z7,105.54349566183983,0.0,0.0,0.0,0.0,4.483338307933453,61.832965086624995,0.0,53.45909639464558,0.0,0.0,0.0,0.0,0.0,0.0,0.0,0.0,0.0,0.0
11,2.75,R11Z8,112.50285217723136,0.0,0.0,8.42952856114377,200.4502297684972,-7.105427357601002e-15,0.0,0.0,53.45909639464558,0.0,0.0,0.0,165.95030818638904,0.0,0.0,0.0,0.0,0.0,0.0
11,2.75,R12Z1,114.69425464571931,0.0,135.0,0.0,65.22557295818997,9.082763196422533,69.95634086327856,0.0,106.91819278929115,0.0,0.0,0.0,143.2598302364576,0.0,0.0,0.0,0.0,0.0,0.0
11,2.75,R12Z2,124.25554982461297,0.0,135.0,0.0,0.0,6.980336427896388,163.91580354119094,0.0,53.45909639464558,0.0,0.0,0.0,91.38003063624188,0.0,0.0,0.0,0.0,0.0,0.0
11,2.75,R12Z3,125.81929521712483,0.0,0.0,29.56709929572049,29.973369869831394,-3.552713678800501e-15,0.0,0.0,53.45909639464558,0.0,0.0,0.0,166.35099143147855,0.0,0.0,0.0,0.0,0.0,0.0
11,2.75,R12Z4,110.97684541474389,0.0,0.0,0.0,0.0,12.972596224130244,16.043269143910443,0.0,0.0,0.0,0.0,0.0,0.0,0.0,0.0,0.0,0.0,0.0,0.0
11,2.75,R12Z5,150.79140080582135,0.0,0.0,0.0,0.0,3.760090028451326,88.39381360089392,0.0,0.0,0.0,0.0,0.0,156.75833401626699,0.0,0.0,0.0,0.0,0.0,0.0
11,2.75,R12Z6,103.60764846163985,0.0,0.0,9.988502166541991,135.04530587823916,-3.552713678800501e-15,0.0,0.0,0.0,0.0,0.0,0.0,0.0,0.0,0.0,0.0,0.0,0.0,0.0
11,2.75,R12Z7,121.72241354416308,0.0,0.0,17.589968216553174,110.74591577862991,0.0,0.0,0.0,106.91819278929115,0.0,0.0,0.0,0.0,0.0,0.0,0.0,0.0,0.0,0.0
11,2.75,R12Z8,158.62479653489416,0.0,0.0,0.0,21.809819747335524,16.81366120841655,68.27923283183836,0.0,0.0,0.0,0.0,0.0,87.41549925976894,0.0,0.0,0.0,0.0,0.0,0.0
11,2.75,R12Z9,168.50459928314288,0.0,0.0,6.950281390606563,92.72266589032873,-6.217248937900877e-15,0.0,0.0,106.91819278929115,0.0,0.0,0.0,173.6317787395275,0.0,0.0,0.0,0.0,0.0,0.0
12,3.0,R1Z1,66.28563107373797,0.0,0.0,0.0,129.92448896472476,0.0,0.0,0.0,77.76248104182146,0.0,0.0,0.0,156.92896815056406,0.0,0.0,602.6691277204873,0.0,0.0,0.0
12,3.0,R1Z2,97.58629494222244,0.0,0.0,1.7893391907327754,17.823511240256426,1.3322676295501878e-15,0.0,0.0,77.76248104182146,0.0,0.0,90.0,85.53292202153705,0.0,0.0,0.0,0.0,0.0,0.0
12,3.0,R1Z3,161.67478020204572,0.0,0.0,6.156365887601709,70.75314111957144,7.105427357601002e-15,0.0,0.0,38.88124052091073,0.0,0.0,90.0,63.303604677717615,0.0,0.0,0.0,0.0,0.0,0.0
12,3.0,R1Z4,109.47732802864275,0.0,0.0,5.224009574493088,28.767759043981023,-1.7763568394002505e-15,0.0,0.0,77.76248104182146,0.0,0.0,0.0,0.0,0.0,0.0,0.0,0.0,0.0,0.0
12,3.0,R1Z5,104.23212160948518,0.0,0.0,4.955597466440061,35.97722032429901,1.7763568394002505e-15,0.0,0.0,77.76248104182146,0.0,0.0,0.0,0.0,0.0,0.0,0.0,0.0,0.0,0.0
12,3.0,R1Z6,84.87590305755636,0.0,0.0,0.0,14.09452260614283,0.0,0.0,0.0,0.0,0.0,0.0,45.0,26.176538114193946,0.0,0.0,0.0,0.0,0.0,0.0
12,3.0,R1Z7,128.9311550819075,0.0,0.0,2.502940856989504,16.058085031085497,4.440892098500626e-16,0.0,0.0,38.88124052091073,0.0,0.0,45.0,48.39684777673035,0.0,0.0,0.0,0.0,0.0,0.0
12,3.0,R1Z8,82.06929285971059,0.0,0.0,2.3491289557051687,62.23497640883491,-4.440892098500626e-15,0.0,0.0,0.0,0.0,0.0,0.0,0.0,0.0,0.0,0.0,0.0,0.0,0.0
12,3.0,R1Z9,126.87594155250378,0.0,0.0,8.25916191272276,94.63386471337202,1.7763568394002505e-15,0.0,0.0,0.0,0.0,0.0,90.0,63.877394401825434,0.0,0.0,0.0,0.0,0.0,0.0
12,3.0,R1Z10,111.73180241956001,0.0,0.0,4.114301186272861,33.56132036675128,-1.7763568394002505e-15,0.0,0.0,0.0,0.0,0.0,90.0,91.32437962844388,0.0,0.0,0.0,0.0,0.0,0.0
12,3.0,R2Z1,123.36194179124114,0.0,135.0,28.701335315914122,101.0591991588274,0.0,0.0,0.0,0.0,0.0,0.0,0.0,77.21035907238333,2.354085651465958,0.0,640.0,0.0,0.0,0.0
12,3.0,R2Z2,99.83516675604182,0.0,135.0,0.0,10.520487192299782,18.36068759444544,51.594863136502795,0.0,0.0,0.0,0.0,0.0,83.45105291482098,80.0,0.0,613.57981040119,0.0,0.0,0.0
12,3.0,R2Z3,117.43090141249624,0.0,0.0,25.788840328291798,64.34953352399424,7.105427357601002e-15,0.0,0.0,38.88124052091073,0.0,0.0,0.0,72.23868772010506,0.0,0.0,0.0,0.0,0.0,0.0
12,3.0,R2Z4,142.3682190465878,0.0,0.0,6.5992752854977255,45.86799764219944,2.6645352591003757e-15,0.0,0.0,77.76248104182146,0.0,0.0,0.0,0.0,0.0,0.0,0.0,0.0,0.0,0.0
12,3.0,R2Z5,107.48774368639917,0.0,0.0,5.694594901138402,93.90900139462897,8.881784197001252e-16,0.0,0.0,38.88124052091073,0.0,0.0,0.0,0.0,0.0,0.0,0.0,0.0,0.0,0.0
12,3.0,R2Z6,92.09706808762616,0.0,0.0,0.0,0.0,18.181536976587303,56.91590619119062,0.0,77.76248104182146,0.0,0.0,0.0,174.41922312553422,0.0,0.0,0.0,0.0,0.0,0.0
12,3.0,R2Z7,136.75760263640726,0.0,0.0,9.38780962722516,46.377757441377206,0.0,0.0,0.0,77.76248104182146,0.0,0.0,0.0,89.11780924301527,0.0,0.0,0.0,0.0,0.0,0.0
12,3.0,R2Z8,149.21958579627457,0.0,0.0,0.0,0.0,20.317431666030615,60.92023768484296,0.0,0.0,0.0,0.0,0.0,91.83271082509616,0.0,0.0,0.0,0.0,0.0,0.0
12,3.0,R2Z9,70.51646357938685,0.0,0.0,1.4467938727414165,61.794988071594744,1.3322676295501878e-15,0.0,0.0,38.88124052091073,0.0,0.0,0.0,83.99173346050013,0.0,0.0,0.0,0.0,0.0,0.0
12,3.0,R3Z1,82.77976929021736,0.0,0.0,0.0,0.0,35.25325675804178,77.49631836379321,0.0,0.0,0.0,0.0,0.0,0.0,0.0,0.0,0.0,0.0,0.0,0.0
12,3.0,R3Z2,83.68044719491051,0.0,0.0,0.0,232.21730869816383,17.390065601025235,7.7826913018361665,0.0,77.76248104182146,0.0,0.0,0.0,167.29925429692022,0.0,0.0,0.0,0.0,0.0,0.0
12,3.0,R3Z3,130.48885433786316,0.0,0.0,6.693278478612726,34.08486844159431,8.881784197001252e-16,0.0,0.0,38.88124052091073,0.0,0.0,0.0,0.0,0.0,0.0,0.0,0.0,0.0,0.0
12,3.0,R4Z1,124.43595154001501,0.0,135.0,0.0,0.0,8.743572598103048,192.21335494198487,0.0,77.76248104182146,0.0,0.0,0.0,82.76892402511874,0.0,0.0,0.0,0.0,0.0,0.0
12,3.0,R4Z2,118.49802618334974,0.0,0.0,30.252047292127813,47.82545104399715,-7.105427357601002e-15,0.0,0.0,77.76248104182146,0.0,0.0,0.0,163.62231697872753,0.0,0.0,0.0,0.0,0.0,0.0
12,3.0,R4Z3,108.58796900209137,0.0,0.0,0.0,28.11549139930355,19.38240895683357,81.42261519621087,0.0,0.0,0.0,0.0,0.0,0.0,0.0,0.0,0.0,0.0,0.0,0.0
12,3.0,R4Z4,150.58833302810876,0.0,0.0,6.7641709689664005,24.383115979620513,0.0,0.0,0.0,0.0,0.0,0.0,0.0,0.0,0.0,0.0,0.0,0.0,0.0,0.0
12,3.0,R4Z5,110.75422832394885,0.0,0.0,9.087012339875493,59.36849831326726,5.329070518200751e-15,0.0,0.0,77.76248104182146,0.0,0.0,0.0,0.0,0.0,0.0,0.0,0.0,0.0,0.0
12,3.0,R4Z6,135.9902960332473,0.0,0.0,0.0,0.0,15.096575187067886,32.663574519230906,0.0,77.76248104182146,0.0,0.0,0.0,155.7244877829115,0.0,0.0,0.0,0.0,0.0,0.0
12,3.0,R4Z7,133.97179483090864,0.0,0.0,0.0,0.0,18.028309493818277,131.22734463903006,0.0,77.76248104182146,0.0,0.0,0.0,0.0,0.0,0.0,0.0,0.0,0.0,0.0
12,3.0,R4Z8,102.18025070017792,0.0,0.0,12.952475144477269,34.58054944607486,3.552713678800501e-15,0.0,0.0,77.76248104182146,0.0,0.0,0.0,0.0,0.0,0.0,0.0,0.0,0.0,0.0
12,3.0,R4Z9,116.25237504732323,0.0,0.0,15.196842798114318,96.42405781970758,1.7763568394002505e-15,0.0,0.0,0.0,0.0,0.0,0.0,90.13498370626637,0.0,0.0,0.0,0.0,0.0,0.0
12,3.0,R4Z10,130.24618985446676,0.0,0.0,4.701149298944472,165.39376497343306,-1.4210854715202004e-14,0.0,0.0,0.0,0.0,0.0,0.0,91.82269164976528,0.0,0.0,0.0,0.0,0.0,0.0
12,3.0,R4Z11,166.99600157213507,0.0,0.0,17.516487017266016,112.79406915064534,7.105427357601002e-15,0.0,0.0,38.88124052091073,0.0,0.0,0.0,84.94865952360342,0.0,0.0,0.0,0.0,0.0,0.0
12,3.0,R5Z1,87.5519397344904,0.0,135.0,20.076055461856107,60.02412162056701,1.115614361231394,0.0,0.0,0.0,0.0,0.0,0.0,74.16342532277693,0.0,0.0,0.0,0.0,0.0,0.0
12,3.0,R5Z2,108.01194163947525,0.0,135.0,0.0,0.0,5.4413404671873105,61.67652800221723,0.0,38.88124052091073,0.0,0.0,0.0,176.45879769026945,0.0,0.0,0.0,0.0,0.0,0.0
12,3.0,R5Z3,137.37612715185608,0.0,0.0,0.0,0.0,17.405282475715563,117.1132855435749,0.0,38.88124052091073,0.0,0.0,0.0,149.6710513969072,0.0,0.0,0.0,0.0,0.0,0.0
12,3.0,R5Z4,111.307373365411,0.0,0.0,0.0,0.0,20.304993438623434,61.12727382768968,0.0,77.76248104182146,0.0,0.0,0.0,0.0,0.0,0.0,0.0,0.0,0.0,0.0
12,3.0,R5Z5,111.73902997529322,0.0,0.0,0.0,0.0,8.150891089456351,141.3230056130293,0.0,38.88124052091073,0.0,0.0,0.0,82.34301822225423,0.0,0.0,0.0,0.0,0.0,0.0
12,3.0,R5Z6,144.18535709895838,0.0,0.0,0.0,0.0,5.512909683087206,115.99229047242149,0.0,77.76248104182146,0.0,0.0,0.0,167.14887361102205,0.0,0.0,0.0,0.0,0.0,0.0
12,3.0,R5Z7,100.47019609508564,0.0,0.0,0.0,0.0,14.84995149019853,69.40099888996811,0.0,0.0,0.0,0.0,0.0,90.68426507460293,0.0,0.0,0.0,0.0,0.0,0.0
12,3.0,R5Z8,109.66458332571817,0.0,0.0,11.917261426061259,134.95681682712205,1.0658141036401503e-14,0.0,0.0,38.88124052091073,0.0,0.0,0.0,168.7848530025525,0.0,0.0,0.0,0.0,0.0,0.0
12,3.0,R5Z9,151.4430897735515,0.0,0.0,28.064047926035357,225.66141073091202,7.105427357601002e-15,0.0,0.0,0.0,0.0,0.0,0.0,87.9385288277596,0.0,0.0,0.0,0.0,0.0,0.0
12,3.0,R6Z1,108.0243832508101,0.0,135.0,0.7878652571071925,29.90455154972434,6.661338147750939e-16,0.0,0.0,0.0,0.0,0.0,0.0,0.0,45.90310559841906,0.0,640.0,0.0,0.0,0.0
12,3.0,R6Z2,128.19977348178242,0.0,135.0,0.0,0.0,18.58846130824927,16.90808881578115,0.0,77.76248104182146,0.0,0.0,0.0,143.25444806362998,2.354085651465958,0.0,640.0,0.0,0.0,0.0
12,3.0,R6Z3,104.62464599114676,0.0,0.0,23.972927645457155,37.18561175585219,0.0,0.0,0.0,38.88124052091073,0.0,0.0,0.0,84.37067105812223,0.0,0.0,0.0,0.0,0.0,0.0
12,3.0,R6Z4,116.24871675058175,0.0,0.0,0.0,0.0,11.692455757213407,135.15288756089447,0.0,38.88124052091073,0.0,0.0,0.0,80.00146603906974,0.0,0.0,0.0,0.0,0.0,0.0
12,3.0,R7Z1,78.2078655010237,0.0,135.0,0.0,0.0,12.113710934528912,240.0,0.0,38.88124052091073,0.0,0.0,0.0,0.0,80.0,0.0,611.0374882449092,0.0,0.0,0.0
12,3.0,R7Z2,86.4262833410609,0.0,135.0,0.0,0.0,23.039215586736233,36.09159883467815,0.0,0.0,0.0,0.0,0.0,170.5569392398189,0.0,0.0,0.0,0.0,0.0,0.0
12,3.0,R7Z3,80.42916185428162,0.0,0.0,0.0,62.007709365102215,5.573318553767908,133.69058834329803,0.0,77.76248104182146,0.0,0.0,0.0,145.65719615820151,0.0,0.0,0.0,0.0,0.0,0.0
12,3.0,R7Z4,147.824704775439,0.0,0.0,0.0,0.0,18.894833437924927,63.69391314371772,0.0,38.88124052091073,0.0,0.0,0.0,71.06792263351262,0.0,0.0,0.0,0.0,0.0,0.0
12,3.0,R7Z5,150.88824884869075,0.0,0.0,6.05400241984924,97.81630778415735,-5.329070518200751e-15,0.0,0.0,77.76248104182146,0.0,0.0,0.0,0.0,0.0,0.0,0.0,0.0,0.0,0.0
12,3.0,R7Z6,118.80312212848479,0.0,0.0,18.977727350823173,105.23772518853332,3.552713678800501e-15,0.0,0.0,77.76248104182146,0.0,0.0,0.0,0.0,0.0,0.0,0.0,0.0,0.0,0.0
12,3.0,R7Z7,130.00779515344706,0.0,0.0,0.0,0.0,10.921128298172514,160.0,0.0,0.0,0.0,0.0,0.0,71.386851374719,0.0,0.0,0.0,0.0,0.0,0.0
12,3.0,R7Z8,129.3105463789646,0.0,0.0,0.0,0.0,19.341691159024556,160.0,0.0,77.76248104182146,0.0,0.0,0.0,151.63112350446514,0.0,0.0,0.0,0.0,0.0,0.0
12,3.0,R7Z9,103.19547033318563,0.0,0.0,16.41225465974395,126.88055261295358,-1.4210854715202004e-14,0.0,0.0,77.76248104182146,0.0,0.0,0.0,82.90583912853215,0.0,0.0,0.0,0.0,0.0,0.0
12,3.0,R8Z1,117.40117632182695,0.0,135.0,0.0,0.0,11.120601130526374,160.0,0.0,38.88124052091073,0.0,0.0,0.0,88.2809838877502,2.354085651465958,0.0,640.0,0.0,0.0,0.0
12,3.0,R8Z2,99.43426657457898,0.0,135.0,22.320569767855005,224.51789654419267,-1.4210854715202004e-14,0.0,0.0,38.88124052091073,0.0,0.0,0.0,153.7931863588794,0.0,0.0,0.0,0.0,0.0,0.0
12,3.0,R8Z3,89.0725680209511,0.0,0.0,0.0,43.52983930975367,11.675732535092793,25.93656745954077,0.0,38.88124052091073,0.0,0.0,0.0,179.92712932518995,0.0,0.0,0.0,0.0,0.0,0.0
12,3.0,R8Z4,77.7121438528212,0.0,0.0,0.0,0.0,10.934753856940826,160.0,0.0,0.0,0.0,0.0,0.0,0.0,0.0,0.0,0.0,0.0,0.0,0.0
12,3.0,R8Z5,163.5847423181042,0.0,0.0,17.20828419914696,142.9245564790669,-3.552713678800501e-15,0.0,0.0,38.88124052091073,0.0,0.0,0.0,89.54116906088345,0.0,0.0,0.0,0.0,0.0,0.0
12,3.0,R8Z6,123.96402024372702,0.0,0.0,0.0,0.0,12.803340861831488,146.07348047438623,0.0,38.88124052091073,0.0,0.0,0.0,0.0,0.0,0.0,0.0,0.0,0.0,0.0
12,3.0,R8Z7,119.1649383066894,0.0,0.0,0.0,0.0,17.213924118840083,57.91107580057246,0.0,0.0,0.0,0.0,0.0,82.95840289926068,0.0,0.0,0.0,0.0,0.0,0.0
12,3.0,R8Z8,139.98643606778006,0.0,0.0,15.653683898940955,235.71667163565735,-3.552713678800501e-15,0.0,0.0,38.88124052091073,0.0,0.0,0.0,88.20267224300633,0.0,0.0,0.0,0.0,0.0,0.0
12,3.0,R9Z1,112.47506923058802,0.0,135.0,0.0,0.0,5.7219635404220766,38.80388740799284,0.0,38.88124052091073,0.0,0.0,0.0,0.0,5.183338975096072,0.0,640.0,0.0,0.0,0.0
12,3.0,R9Z2,119.07129793916361,0.0,135.0,6.296424931868486,87.1397977453785,6.217248937900877e-15,0.0,0.0,38.88124052091073,0.0,0.0,0.0,78.43378008859099,24.75111614306174,0.0,640.0,0.0,0.0,0.0
12,3.0,R9Z3,164.22851058849167,0.0,0.0,8.941058096987618,61.56802432598268,-7.105427357601002e-15,0.0,0.0,77.76248104182146,0.0,0.0,0.0,144.17606062960442,0.0,0.0,0.0,0.0,0.0,0.0
12,3.0,R9Z4,146.72874352541396,0.0,0.0,16.174800691788434,91.18976184984457,-3.552713678800501e-15,0.0,0.0,38.88124052091073,0.0,0.0,0.0,75.62142916811457,0.0,0.0,0.0,0.0,0.0,0.0
12,3.0,R9Z5,121.51390027497342,0.0,0.0,0.0,14.400517144690127,8.465199027050716,198.50766185028243,0.0,38.88124052091073,0.0,0.0,0.0,157.50084594838555,0.0,0.0,0.0,0.0,0.0,0.0
12,3.0,R9Z6,125.62490214090433,0.0,0.0,6.249345292842392,33.45308782114159,2.6645352591003757e-15,0.0,0.0,38.88124052091073,0.0,0.0,0.0,167.45905562165288,0.0,0.0,0.0,0.0,0.0,0.0
12,3.0,R9Z7,135.75289002476194,0.0,0.0,13.513995610324656,60.63216086703318,0.0,0.0,0.0,0.0,0.0,0.0,0.0,80.2583119649389,0.0,0.0,0.0,0.0,0.0,0.0
12,3.0,R9Z8,111.83822619637026,0.0,0.0,11.378841612405978,38.76748477436354,1.7763568394002505e-15,0.0,0.0,38.88124052091073,0.0,0.0,0.0,74.99272963801968,0.0,0.0,0.0,0.0,0.0,0.0
12,3.0,R9Z9,120.70032965634655,0.0,0.0,14.94858545027354,38.90856326609027,0.0,0.0,0.0,0.0,0.0,0.0,0.0,170.18330572618927,0.0,0.0,0.0,0.0,0.0,0.0
12,3.0,R9Z10,86.29402361047357,0.0,0.0,9.305756415488034,99.8508348862909,5.329070518200751e-15,0.0,0.0,0.0,0.0,0.0,0.0,0.0,0.0,0.0,0.0,0.0,0.0,0.0
12,3.0,R9Z11,146.63501961457482,0.0,0.0,4.580116019391312,183.80757932739212,0.0,0.0,0.0,0.0,0.0,0.0,0.0,168.19098586030105,0.0,0.0,0.0,0.0,0.0,0.0
12,3.0,R10Z1,121.87419605520125,0.0,0.0,5.1484748948145835,51.531191312273485,2.6645352591003757e-15,0.0,0.0,0.0,0.0,0.0,0.0,73.72783291598984,80.0,0.0,589.8987566584434,0.0,0.0,0.0
12,3.0,R10Z2,92.36594963098756,0.0,0.0,10.825530495832766,78.50015058349695,3.552713678800501e-15,0.0,0.0,0.0,0.0,0.0,0.0,175.5830287622355,2.354085651465958,0.0,640.0,0.0,0.0,0.0
12,3.0,R10Z3,120.60653782621426,0.0,0.0,0.0,0.0,18.210350536817838,73.49406419424805,0.0,0.0,0.0,0.0,0.0,84.40187860280956,0.0,0.0,0.0,0.0,0.0,0.0
12,3.0,R10Z4,143.1696799676863,0.0,0.0,0.0,0.0,3.8275350817994176,46.45965183346117,0.0,77.76248104182146,0.0,0.0,0.0,85.57431546949297,0.0,0.0,0.0,0.0,0.0,0.0
12,3.0,R10Z5,94.96284616769147,0.0,0.0,4.812971067465583,192.68836289748356,-8.881784197001252e-15,0.0,0.0,77.76248104182146,0.0,0.0,0.0,0.0,0.0,0.0,0.0,0.0,0.0,0.0
12,3.0,R10Z6,98.62044152911892,0.0,0.0,9.581764688821934,24.72535891108876,3.552713678800501e-15,0.0,0.0,77.76248104182146,0.0,0.0,0.0,72.6015560170943,0.0,0.0,0.0,0.0,0.0,0.0
12,3.0,R10Z7,124.79048906801198,0.0,0.0,4.534510296977487,102.05851172186465,-8.881784197001252e-16,0.0,0.0,77.76248104182146,0.0,0.0,0.0,87.83152640332166,0.0,0.0,0.0,0.0,0.0,0.0
12,3.0,R10Z8,130.0163300528184,0.0,0.0,1.9881199800411125,61.426295927514104,-8.881784197001252e-16,0.0,0.0,0.0,0.0,0.0,0.0,84.99163748006833,0.0,0.0,0.0,0.0,0.0,0.0
12,3.0,R10Z9,134.6684617815604,0.0,0.0,0.0,0.0,3.990558276034442,77.47797509056764,0.0,38.88124052091073,0.0,0.0,0.0,0.0,0.0,0.0,0.0,0.0,0.0,0.0
12,3.0,R11Z1,142.24935528517958,0.0,135.0,0.0,0.0,11.537875808896764,236.544268324454,0.0,77.76248104182146,0.0,0.0,0.0,165.9251656531227,0.0,0.0,0.0,0.0,0.0,0.0
12,3.0,R11Z2,110.52865380558109,0.0,135.0,6.524356919118674,22.15237096301027,-1.7763568394002505e-15,0.0,0.0,38.88124052091073,0.0,0.0,0.0,72.67114397869325,0.0,0.0,0.0,0.0,0.0,0.0
12,3.0,R11Z3,169.97600617631534,0.0,0.0,0.0,0.0,7.115799655077783,79.38682804557418,0.0,38.88124052091073,0.0,0.0,0.0,0.0,0.0,0.0,0.0,0.0,0.0,0.0
12,3.0,R11Z4,129.44651065202095,0.0,0.0,20.770399902588693,113.75539241814214,1.0658141036401503e-14,0.0,0.0,0.0,0.0,0.0,0.0,84.2566860083979,0.0,0.0,0.0,0.0,0.0,0.0
12,3.0,R11Z5,68.65202820757168,0.0,0.0,0.0,0.0,5.68115463701555,45.754827389522134,0.0,38.88124052091073,0.0,0.0,0.0,92.25682765974328,0.0,0.0,0.0,0.0,0.0,0.0
12,3.0,R11Z6,99.47487895455951,0.0,0.0,0.0,0.0,7.699725581475272,146.07103209257622,0.0,0.0,0.0,0.0,0.0,0.0,0.0,0.0,0.0,0.0,0.0,0.0
12,3.0,R11Z7,114.54172914588811,0.0,0.0,6.866263307327785,78.84117908517854,-7.105427357601002e-15,0.0,0.0,38.88124052091073,0.0,0.0,0.0,0.0,0.0,0.0,0.0,0.0,0.0,0.0
12,3.0,R11Z8,115.28805776375826,0.0,0.0,4.7582067860018356,128.12334677787453,8.881784197001252e-16,0.0,0.0,38.88124052091073,0.0,0.0,0.0,165.76473800914582,0.0,0.0,0.0,0.0,0.0,0.0
12,3.0,R12Z1,111.45265258754061,0.0,135.0,0.0,74.05322532607903,19.981337670376373,97.55317375202952,0.0,77.76248104182146,0.0,0.0,0.0,143.0996331727742,0.0,0.0,0.0,0.0,0.0,0.0
12,3.0,R12Z2,118.32127473756495,0.0,135.0,3.7320998132907164,119.53093650740482,0.0,0.0,0.0,38.88124052091073,0.0,0.0,0.0,91.27784698459953,0.0,0.0,0.0,0.0,0.0,0.0
12,3.0,R12Z3,116.45579927574649,0.0,0.0,8.305701501536852,34.314957511425824,19.812845144172496,0.0,0.0,38.88124052091073,0.0,0.0,0.0,166.1649731992626,0.0,0.0,0.0,0.0,0.0,0.0
12,3.0,R12Z4,103.50740874803829,0.0,0.0,15.437065314107741,41.998584996735616,3.552713678800501e-15,0.0,0.0,0.0,0.0,0.0,0.0,0.0,0.0,0.0,0.0,0.0,0.0,0.0
12,3.0,R12Z5,141.71061238880134,0.0,0.0,6.037029233122325,105.17332055260967,3.552713678800501e-15,0.0,0.0,0.0,0.0,0.0,0.0,156.58304255615664,0.0,0.0,0.0,0.0,0.0,0.0
12,3.0,R12Z6,111.08390319120006,0.0,0.0,0.0,0.0,10.833701451968041,107.59213315817621,0.0,0.0,0.0,0.0,0.0,0.0,0.0,0.0,0.0,0.0,0.0,0.0
12,3.0,R12Z7,108.94771288984779,0.0,0.0,13.973162560049545,107.8025675910219,1.7763568394002505e-15,0.0,0.0,77.76248104182146,0.0,0.0,0.0,0.0,0.0,0.0,0.0,0.0,0.0,0.0
12,3.0,R12Z8,164.03039503711258,0.0,0.0,0.0,0.0,18.485628307340612,55.726158100360905,0.0,0.0,0.0,0.0,0.0,87.31774885563458,0.0,0.0,0.0,0.0,0.0,0.0
12,3.0,R12Z9,143.98286855754705,0.0,0.0,5.318984834644198,138.59253433397112,-8.881784197001252e-15,0.0,0.0,77.76248104182146,0.0,0.0,0.0,173.43761893164356,0.0,0.0,0.0,0.0,0.0,0.0
13,3.25,R1Z1,69.2873432299428,0.0,0.0,27.553232360535503,149.9065692748542,7.105427357601002e-15,0.0,0.0,66.51257073941568,0.0,0.0,0.0,156.75348588269392,0.0,0.0,602.1522106598188,0.0,0.0,0.0
13,3.25,R1Z2,89.11931376395985,0.0,0.0,0.03918590524121157,110.91270464678298,-2.914335439641036e-16,0.0,0.0,66.51257073941568,0.0,0.0,0.0,85.43727676680308,0.0,0.0,0.0,0.0,0.0,0.0
13,3.25,R1Z3,145.6063947779343,0.0,0.0,8.431986332683692,149.009213389384,1.7763568394002505e-15,0.0,0.0,33.25628536970784,0.0,0.0,38.783074940329115,53.17153556286946,0.0,0.0,0.0,0.0,0.0,0.0
13,3.25,R1Z4,94.2675181966167,0.0,0.0,15.970723088866109,55.42944721061731,1.7763568394002505e-15,0.0,0.0,66.51257073941568,0.0,0.0,0.0,0.0,0.0,0.0,0.0,0.0,0.0,0.0
13,3.25,R1Z5,109.16422761814424,0.0,0.0,13.034067360051223,3.554468420084378,0.0,0.0,0.0,66.51257073941568,0.0,0.0,0.0,0.0,0.0,0.0,0.0,0.0,0.0,0.0
13,3.25,R1Z6,106.99310239813117,0.0,0.0,17.54493553043696,82.38258067758164,7.105427357601002e-15,0.0,0.0,0.0,0.0,0.0,0.0,26.14726679273301,0.0,0.0,0.0,0.0,0.0,0.0
13,3.25,R1Z7,133.6836039040664,0.0,0.0,3.968478047480801,38.55618581289879,1.7763568394002505e-15,0.0,0.0,33.25628536970784,0.0,0.0,0.0,48.34272909675867,0.0,0.0,0.0,0.0,0.0,0.0
13,3.25,R1Z8,85.52771401721834,0.0,0.0,5.682096749653439,39.01202597472174,-1.7763568394002505e-15,0.0,0.0,0.0,0.0,0.0,0.0,0.0,0.0,0.0,0.0,0.0,0.0,0.0
13,3.25,R1Z9,125.7972415400989,0.0,0.0,9.920555654197528,177.04233335127265,3.552713678800501e-15,0.0,0.0,0.0,0.0,0.0,0.0,63.80596495086191,0.0,0.0,0.0,0.0,0.0,0.0
13,3.25,R1Z10,105.62019774087706,0.0,0.0,8.813556961615888,80.0,-7.105427357601002e-15,0.0,0.0,0.0,0.0,0.0,90.0,67.87404980434641,0.0,0.0,0.0,0.0,0.0,0.0
13,3.25,R2Z1,106.67333145311696,0.0,135.0,0.0,0.0,17.34491725737228,90.86504279337774,0.0,0.0,0.0,0.0,0.0,77.1240203353562,2.354085651465958,0.0,640.0,0.0,0.0,0.0
13,3.25,R2Z2,105.23094595393403,0.0,135.0,11.118850614173859,50.9196333634566,1.7763568394002505e-15,0.0,0.0,0.0,0.0,0.0,0.0,83.35773566311003,80.0,0.0,631.7082932138616,0.0,0.0,0.0
13,3.25,R2Z3,104.78963116088329,0.0,0.0,27.86577835228526,58.74877535107727,7.105427357601002e-15,0.0,0.0,33.25628536970784,0.0,0.0,0.0,72.15790844207575,0.0,0.0,0.0,0.0,0.0,0.0
13,3.25,R2Z4,136.82270840840593,0.0,0.0,0.0,0.0,6.126344644767856,175.78905365001984,0.0,66.51257073941568,0.0,0.0,0.0,0.0,0.0,0.0,0.0,0.0,0.0,0.0
13,3.25,R2Z5,117.39661350762766,0.0,0.0,0.0,12.434124440957277,6.915687020666891,70.36441629059709,0.0,33.25628536970784,0.0,0.0,0.0,0.0,0.0,0.0,0.0,0.0,0.0,0.0
13,3.25,R2Z6,93.37357991326299,0.0,0.0,18.59199167819807,137.508067301323,-1.4210854715202004e-14,0.0,0.0,66.51257073941568,0.0,0.0,0.0,174.2241827757828,0.0,0.0,0.0,0.0,0.0,0.0
13,3.25,R2Z7,140.7653373278246,0.0,0.0,0.0,0.0,8.869138574694801,55.41915751623685,0.0,66.51257073941568,0.0,0.0,0.0,89.0181552692596,0.0,0.0,0.0,0.0,0.0,0.0
13,3.25,R2Z8,85.8285414120209,0.0,0.0,28.24993580266818,29.943911820760913,-3.552713678800501e-15,0.0,0.0,0.0,0.0,0.0,0.0,91.73002097407522,0.0,0.0,0.0,0.0,0.0,0.0
13,3.25,R2Z9,85.09425785804042,0.0,0.0,12.995471346716357,190.98134812062023,8.881784197001252e-15,0.0,0.0,33.25628536970784,0.0,0.0,0.0,83.89781160500273,0.0,0.0,0.0,0.0,0.0,0.0
13,3.25,R3Z1,85.05313787374878,0.0,0.0,34.33557198120967,49.02354587898786,0.0,0.0,0.0,0.0,0.0,0.0,0.0,0.0,0.0,0.0,0.0,0.0,0.0,0.0
13,3.25,R3Z2,95.69142627628867,0.0,0.0,0.0,0.0,19.068386505081527,190.10853646847218,0.0,66.51257073941568,0.0,0.0,0.0,167.11217569121092,0.0,0.0,0.0,0.0,0.0,0.0
13,3.25,R3Z3,124.6622466155336,0.0,0.0,7.72491962184932,24.21849330137588,-8.881784197001252e-16,0.0,0.0,33.25628536970784,0.0,0.0,0.0,0.0,0.0,0.0,0.0,0.0,0.0,0.0
13,3.25,R4Z1,138.0663153528508,0.0,135.0,8.867668990582118,49.583645601665026,1.7763568394002505e-15,0.0,0.0,66.51257073941568,0.0,0.0,0.0,82.67636954860447,0.0,0.0,0.0,0.0,0.0,0.0
13,3.25,R4Z2,138.2038282836351,0.0,0.0,24.613480671681444,79.6889430872777,-3.552713678800501e-15,0.0,0.0,66.51257073941568,0.0,0.0,0.0,163.4393500249778,0.0,0.0,0.0,0.0,0.0,0.0
13,3.25,R4Z3,116.77706981658217,0.0,0.0,19.820630311595238,115.20275994196894,1.4210854715202004e-14,0.0,0.0,0.0,0.0,0.0,0.0,0.0,0.0,0.0,0.0,0.0,0.0,0.0
13,3.25,R4Z4,128.84668557489812,0.0,0.0,10.748470449190535,32.918558070430734,0.0,0.0,0.0,0.0,0.0,0.0,0.0,0.0,0.0,0.0,0.0,0.0,0.0,0.0
13,3.25,R4Z5,144.19642286209267,0.0,0.0,0.0,0.0,11.248340119411306,140.0846323255342,0.0,66.51257073941568,0.0,0.0,0.0,0.0,0.0,0.0,0.0,0.0,0.0,0.0
13,3.25,R4Z6,132.08360513058946,0.0,0.0,18.51610404369769,24.366035988043055,3.552713678800501e-15,0.0,0.0,66.51257073941568,0.0,0.0,0.0,155.55035239795922,0.0,0.0,0.0,0.0,0.0,0.0
13,3.25,R4Z7,163.29649757199437,0.0,0.0,16.854172656460975,92.47508815735597,7.105427357601002e-15,0.0,0.0,66.51257073941568,0.0,0.0,0.0,0.0,0.0,0.0,0.0,0.0,0.0,0.0
13,3.25,R4Z8,147.79230042728213,0.0,0.0,17.795338890069686,24.141230928288834,3.552713678800501e-15,0.0,0.0,66.51257073941568,0.0,0.0,0.0,0.0,0.0,0.0,0.0,0.0,0.0,0.0
13,3.25,R4Z9,105.14395491632133,0.0,0.0,0.0,106.52817599906504,16.88748823393984,32.1676313176915,0.0,0.0,0.0,0.0,0.0,90.03419230018233,0.0,0.0,0.0,0.0,0.0,0.0
13,3.25,R4Z10,129.18725038583838,0.0,0.0,6.108953624561309,225.06099959237847,5.329070518200751e-15,0.0,0.0,0.0,0.0,0.0,0.0,91.72001300246045,0.0,0.0,0.0,0.0,0.0,0.0
13,3.25,R4Z11,157.4280660442353,0.0,0.0,14.399085005910806,46.00094454989433,-1.7763568394002505e-15,0.0,0.0,33.25628536970784,0.0,0.0,0.0,84.85366760718792,0.0,0.0,0.0,0.0,0.0,0.0
13,3.25,R5Z1,95.44702186923236,0.0,135.0,0.0,0.0,27.52351321039699,49.48922279340113,0.0,0.0,0.0,0.0,0.0,74.08049375047364,0.0,0.0,0.0,0.0,0.0,0.0
13,3.25,R5Z2,85.26285745095332,0.0,135.0,9.993133869896447,32.3120283494222,1.7763568394002505e-15,0.0,0.0,33.25628536970784,0.0,0.0,0.0,176.26147663240957,0.0,0.0,0.0,0.0,0.0,0.0
13,3.25,R5Z3,137.90180934238924,0.0,0.0,21.731867763440164,169.28644265180378,-7.105427357601002e-15,0.0,0.0,33.25628536970784,0.0,0.0,0.0,149.50368513022505,0.0,0.0,0.0,0.0,0.0,0.0
13,3.25,R5Z4,141.50146184175046,0.0,0.0,21.080061022494434,65.35375660687355,-3.552713678800501e-15,0.0,0.0,66.51257073941568,0.0,0.0,0.0,0.0,0.0,0.0,0.0,0.0,0.0,0.0
13,3.25,R5Z5,109.86748179817604,0.0,0.0,0.0,0.0,9.155249134585663,115.50485026210038,0.0,33.25628536970784,0.0,0.0,0.0,82.25094000526722,0.0,0.0,0.0,0.0,0.0,0.0
13,3.25,R5Z6,114.36317736759308,0.0,0.0,6.993478235518538,54.1430043195345,2.6645352591003757e-15,0.0,0.0,66.51257073941568,0.0,0.0,0.0,166.96196316511217,0.0,0.0,0.0,0.0,0.0,0.0
13,3.25,R5Z7,112.34422044412557,0.0,0.0,0.0,6.846068909766345,20.304084775517392,53.93110913908985,0.0,0.0,0.0,0.0,0.0,90.5828594470571,0.0,0.0,0.0,0.0,0.0,0.0
13,3.25,R5Z8,94.58666136783822,0.0,0.0,16.74837496541886,122.05479415716655,1.0658141036401503e-14,0.0,0.0,33.25628536970784,0.0,0.0,0.0,168.59611315970463,0.0,0.0,0.0,0.0,0.0,0.0
13,3.25,R5Z9,128.3028250562645,0.0,0.0,20.457861321219838,152.53373740799228,7.105427357601002e-15,0.0,0.0,0.0,0.0,0.0,0.0,87.84019355764521,0.0,0.0,0.0,0.0,0.0,0.0
13,3.25,R6Z1,97.61907658425957,0.0,135.0,0.0,0.0,21.605002417543773,22.942771027958454,0.0,0.0,0.0,0.0,0.0,0.0,2.354085651465958,0.0,640.0,0.0,0.0,0.0
13,3.25,R6Z2,158.6134147194059,0.0,135.0,15.69681678790046,47.85502215606272,-1.7763568394002505e-15,0.0,0.0,66.51257073941568,0.0,0.0,0.0,143.09425701843958,2.354085651465958,0.0,640.0,0.0,0.0,0.0
13,3.25,R6Z3,108.56643128611081,0.0,0.0,25.407582609679224,95.9025434112202,0.0,0.0,0.0,33.25628536970784,0.0,0.0,0.0,84.27632546423034,0.0,0.0,0.0,0.0,0.0,0.0
13,3.25,R6Z4,135.4396075719448,0.0,0.0,0.0,0.0,9.228573222789292,68.84814936213648,0.0,33.25628536970784,0.0,0.0,0.0,79.9120062098303,0.0,0.0,0.0,0.0,0.0,0.0
13,3.25,R7Z1,73.24111537089334,0.0,135.0,0.0,0.0,16.07933683504008,98.67270576368814,0.0,33.25628536970784,0.0,0.0,0.0,0.0,80.0,0.0,629.1681516399865,0.0,0.0,0.0
13,3.25,R7Z2,91.93239540362697,0.0,135.0,0.0,0.0,13.091287495420888,55.352640201097444,0.0,0.0,0.0,0.0,0.0,170.36621780163242,0.0,0.0,0.0,0.0,0.0,0.0
13,3.25,R7Z3,82.94659479866685,0.0,0.0,0.0,0.0,6.017271670890149,134.0449686955002,0.0,66.51257073941568,0.0,0.0,0.0,145.4943182943203,0.0,0.0,0.0,0.0,0.0,0.0
13,3.25,R7Z4,153.79346701777754,0.0,0.0,17.401838388146132,162.93149646211305,7.105427357601002e-15,0.0,0.0,33.25628536970784,0.0,0.0,0.0,70.988452537051,0.0,0.0,0.0,0.0,0.0,0.0
13,3.25,R7Z5,153.62086722202847,0.0,0.0,0.0,0.0,5.22976861368459,157.56028577998833,0.0,66.51257073941568,0.0,0.0,0.0,0.0,0.0,0.0,0.0,0.0,0.0,0.0
13,3.25,R7Z6,112.88773658477601,0.0,0.0,27.2488039797083,91.29651527586411,0.0,0.0,0.0,66.51257073941568,0.0,0.0,0.0,0.0,0.0,0.0,0.0,0.0,0.0,0.0
13,3.25,R7Z7,104.80506514040788,0.0,0.0,20.469651965872444,94.91049019783794,7.105427357601002e-15,0.0,0.0,0.0,0.0,0.0,0.0,71.30702464340878,0.0,0.0,0.0,0.0,0.0,0.0
13,3.25,R7Z8,162.53792129755877,0.0,0.0,0.0,0.0,8.060611159100526,47.27351784552175,0.0,66.51257073941568,0.0,0.0,0.0,151.46156543149846,0.0,0.0,0.0,0.0,0.0,0.0
13,3.25,R7Z9,117.54124055867798,0.0,0.0,14.787037789919282,85.61110640675449,1.7763568394002505e-15,0.0,0.0,66.51257073941568,0.0,0.0,0.0,82.81313154980141,0.0,0.0,0.0,0.0,0.0,0.0
13,3.25,R8Z1,137.19048826632832,0.0,135.0,0.0,0.0,8.961985382441954,101.34245708924118,0.0,33.25628536970784,0.0,0.0,0.0,88.18226567501355,2.354085651465958,0.0,640.0,0.0,0.0,0.0
13,3.25,R8Z2,114.32776234778424,0.0,135.0,0.0,135.71835458067804,10.621799742281793,20.847623257027863,0.0,33.25628536970784,0.0,0.0,0.0,153.62121060804583,0.0,0.0,0.0,0.0,0.0,0.0
13,3.25,R8Z3,80.92972545541382,0.0,0.0,0.0,0.0,19.646402945312303,159.92093130366163,0.0,33.25628536970784,0.0,0.0,0.0,179.72592988395579,0.0,0.0,0.0,0.0,0.0,0.0
13,3.25,R8Z4,69.53893848474509,0.0,0.0,8.472116715342864,97.08522753680106,5.329070518200751e-15,0.0,0.0,0.0,0.0,0.0,0.0,0.0,0.0,0.0,0.0,0.0,0.0,0.0
13,3.25,R8Z5,144.25083688474632,0.0,0.0,0.0,0.0,11.04189931785509,89.24859182585496,0.0,33.25628536970784,0.0,0.0,0.0,89.44104167459061,0.0,0.0,0.0,0.0,0.0,0.0
13,3.25,R8Z6,130.93834831854915,0.0,0.0,5.825916776049851,98.52725638537274,-2.6645352591003757e-15,0.0,0.0,33.25628536970784,0.0,0.0,0.0,0.0,0.0,0.0,0.0,0.0,0.0,0.0
13,3.25,R8Z7,107.23788624485218,0.0,0.0,0.0,0.0,8.774560662514977,60.28647152490372,0.0,0.0,0.0,0.0,0.0,82.86563654228266,0.0,0.0,0.0,0.0,0.0,0.0
13,3.25,R8Z8,161.23185120907834,0.0,0.0,0.0,132.83333865047183,17.51254581156836,94.86676645253729,0.0,33.25628536970784,0.0,0.0,0.0,88.1040416004945,0.0,0.0,0.0,0.0,0.0,0.0
13,3.25,R9Z1,109.86641296916356,0.0,135.0,0.0,0.0,6.777321517699812,67.50395715021136,0.0,33.25628536970784,0.0,0.0,0.0,0.0,2.354085651465958,0.0,640.0,0.0,0.0,0.0
13,3.25,R9Z2,119.90682195079451,0.0,135.0,0.0,0.7240619384698377,7.395497525552806,118.60086086243314,0.0,33.25628536970784,0.0,0.0,0.0,78.34607328869431,2.354085651465958,0.0,640.0,0.0,0.0,0.0
13,3.25,R9Z3,158.9653924910874,0.0,0.0,11.412313869017055,51.88227016838712,-3.552713678800501e-15,0.0,0.0,66.51257073941568,0.0,0.0,0.0,144.01483901201505,0.0,0.0,0.0,0.0,0.0,0.0
13,3.25,R9Z4,142.5181436631103,0.0,0.0,0.0,79.75912788283708,15.62278418610963,34.14962039058028,0.0,33.25628536970784,0.0,0.0,0.0,75.53686721600086,0.0,0.0,0.0,0.0,0.0,0.0
13,3.25,R9Z5,133.69612324596386,0.0,0.0,0.0,0.0,17.359788809942483,223.30603271163525,0.0,33.25628536970784,0.0,0.0,0.0,157.32472419110763,0.0,0.0,0.0,0.0,0.0,0.0
13,3.25,R9Z6,105.6477020322886,0.0,0.0,7.192259100004222,70.75958521621403,-2.6645352591003757e-15,0.0,0.0,33.25628536970784,0.0,0.0,0.0,167.27179832172794,0.0,0.0,0.0,0.0,0.0,0.0
13,3.25,R9Z7,126.6347831508746,0.0,0.0,8.422832495236577,43.364682096665646,1.7763568394002505e-15,0.0,0.0,0.0,0.0,0.0,0.0,80.16856492355438,0.0,0.0,0.0,0.0,0.0,0.0
13,3.25,R9Z8,116.68313015641037,0.0,0.0,16.37844458786101,67.67609988107438,0.0,0.0,0.0,33.25628536970784,0.0,0.0,0.0,74.90887071493019,0.0,0.0,0.0,0.0,0.0,0.0
13,3.25,R9Z9,106.00509989767995,0.0,0.0,16.65722682636624,68.64794563860343,0.0,0.0,0.0,0.0,0.0,0.0,0.0,169.9930020952254,0.0,0.0,0.0,0.0,0.0,0.0
13,3.25,R9Z10,108.05964150198753,0.0,0.0,10.429195760496384,151.57719441234275,-8.881784197001252e-15,0.0,0.0,0.0,0.0,0.0,0.0,0.0,0.0,0.0,0.0,0.0,0.0,0.0
13,3.25,R9Z11,138.58931794693225,0.0,0.0,7.76503195633633,106.97882292213036,-2.6645352591003757e-15,0.0,0.0,0.0,0.0,0.0,0.0,168.00291009594784,0.0,0.0,0.0,0.0,0.0,0.0
13,3.25,R10Z1,111.13856356280588,0.0,0.0,7.914636392019162,134.44031548847516,8.881784197001252e-16,0.0,0.0,0.0,0.0,0.0,0.0,73.64538843503948,80.0,0.0,608.0475510154287,0.0,0.0,0.0
13,3.25,R10Z2,98.36718871573134,0.0,0.0,12.237552025245165,121.85554319107426,-1.7763568394002505e-15,0.0,0.0,0.0,0.0,0.0,0.0,175.38668701316377,2.354085651465958,0.0,640.0,0.0,0.0,0.0
13,3.25,R10Z3,129.2417634199502,0.0,0.0,0.0,0.0,12.49422733410471,73.00875746273061,0.0,0.0,0.0,0.0,0.0,84.30749811178696,0.0,0.0,0.0,0.0,0.0,0.0
13,3.25,R10Z4,139.3194180824883,0.0,0.0,0.0,0.0,5.939322528652357,42.25820556678563,0.0,66.51257073941568,0.0,0.0,0.0,85.47862392747243,0.0,0.0,0.0,0.0,0.0,0.0
13,3.25,R10Z5,89.32231876717883,0.0,0.0,5.298185412323335,154.0542637535053,1.2434497875801753e-14,0.0,0.0,66.51257073941568,0.0,0.0,0.0,0.0,0.0,0.0,0.0,0.0,0.0,0.0
13,3.25,R10Z6,95.3662184282659,0.0,0.0,0.0,0.0,18.479611543624653,56.501222978960186,0.0,66.51257073941568,0.0,0.0,0.0,72.52037096980234,0.0,0.0,0.0,0.0,0.0,0.0
13,3.25,R10Z7,105.53304354465745,0.0,0.0,0.0,104.8525160166195,4.302875160366669,20.678107719102925,0.0,66.51257073941568,0.0,0.0,0.0,87.73331078624729,0.0,0.0,0.0,0.0,0.0,0.0
13,3.25,R10Z8,137.90151140434293,0.0,0.0,6.4445331527208936,57.562854669175366,-5.329070518200751e-15,0.0,0.0,0.0,0.0,0.0,0.0,84.89659750452545,0.0,0.0,0.0,0.0,0.0,0.0
13,3.25,R10Z9,149.19323673934653,0.0,0.0,0.0,0.0,6.823526612440709,75.54022468755927,0.0,33.25628536970784,0.0,0.0,0.0,0.0,0.0,0.0,0.0,0.0,0.0,0.0
13,3.25,R11Z1,133.08440886669527,0.0,135.0,14.254547121403093,74.99957411730452,0.0,0.0,0.0,66.51257073941568,0.0,0.0,0.0,165.7396235909484,0.0,0.0,0.0,0.0,0.0,0.0
13,3.25,R11Z2,99.79869344912292,0.0,135.0,0.0,0.0,7.915088857341247,44.25186081153376,0.0,33.25628536970784,0.0,0.0,0.0,72.58988111623778,0.0,0.0,0.0,0.0,0.0,0.0
13,3.25,R11Z3,174.58734072213426,0.0,0.0,7.000488281768817,33.82086087249861,0.0,0.0,0.0,33.25628536970784,0.0,0.0,0.0,0.0,0.0,0.0,0.0,0.0,0.0,0.0
13,3.25,R11Z4,122.62504049226096,0.0,0.0,20.799177276770493,127.32246560077046,1.0658141036401503e-14,0.0,0.0,0.0,0.0,0.0,0.0,84.16246787570878,0.0,0.0,0.0,0.0,0.0,0.0
13,3.25,R11Z5,65.08725755577643,0.0,0.0,6.771494346879102,48.93627981050205,-3.552713678800501e-15,0.0,0.0,33.25628536970784,0.0,0.0,0.0,92.15366354966831,0.0,0.0,0.0,0.0,0.0,0.0
13,3.25,R11Z6,123.28399106867656,0.0,0.0,0.0,25.720675204499003,5.816879618213746,52.49118878839849,0.0,0.0,0.0,0.0,0.0,0.0,0.0,0.0,0.0,0.0,0.0,0.0
13,3.25,R11Z7,116.4863893915108,0.0,0.0,3.8927691347909814,92.69318189935217,3.9968028886505635e-15,0.0,0.0,33.25628536970784,0.0,0.0,0.0,0.0,0.0,0.0,0.0,0.0,0.0,0.0
13,3.25,R11Z8,114.09092458366501,0.0,0.0,0.0,0.0,15.341304434686515,179.7034808996472,0.0,33.25628536970784,0.0,0.0,0.0,165.57937534155448,0.0,0.0,0.0,0.0,0.0,0.0
13,3.25,R12Z1,109.32963404106972,0.0,135.0,25.11559353229572,93.8355929548847,3.552713678800501e-15,0.0,0.0,66.51257073941568,0.0,0.0,0.0,142.93961524583256,0.0,0.0,0.0,0.0,0.0,0.0
13,3.25,R12Z2,131.10630895541092,0.0,135.0,5.302376767910545,129.49751880574152,9.769962616701378e-15,0.0,0.0,33.25628536970784,0.0,0.0,0.0,91.17577759751357,0.0,0.0,0.0,0.0,0.0,0.0
13,3.25,R12Z3,111.67478199658967,0.0,0.0,19.13052092285386,31.07017892808726,3.552713678800501e-15,0.0,0.0,33.25628536970784,0.0,0.0,0.0,165.97916297772585,0.0,0.0,0.0,0.0,0.0,0.0
13,3.25,R12Z4,101.24538366227574,0.0,0.0,12.401495124018503,48.1329663403337,-3.552713678800501e-15,0.0,0.0,0.0,0.0,0.0,0.0,0.0,0.0,0.0,0.0,0.0,0.0,0.0
13,3.25,R12Z5,154.8438097500648,0.0,0.0,7.076308141155636,41.468147963108024,-1.7763568394002505e-15,0.0,0.0,0.0,0.0,0.0,0.0,156.40794711175533,0.0,0.0,0.0,0.0,0.0,0.0
13,3.25,R12Z6,118.47527154391378,0.0,0.0,11.771813072998917,43.84791338798071,1.7763568394002505e-15,0.0,0.0,0.0,0.0,0.0,0.0,0.0,0.0,0.0,0.0,0.0,0.0,0.0
13,3.25,R12Z7,114.78959116849744,0.0,0.0,19.391462401691527,30.42879150427686,-3.552713678800501e-15,0.0,0.0,66.51257073941568,0.0,0.0,0.0,0.0,0.0,0.0,0.0,0.0,0.0,0.0
13,3.25,R12Z8,175.98051711208552,0.0,0.0,9.358953727758916,111.74265484086982,3.552713678800501e-15,0.0,0.0,0.0,0.0,0.0,45.0,75.54600355721018,0.0,0.0,0.0,0.0,0.0,0.0
13,3.25,R12Z9,140.84334389583069,0.0,0.0,6.1249547658583054,89.19083218093351,5.329070518200751e-15,0.0,0.0,66.51257073941568,0.0,0.0,7.075689924277718,171.4080686502762,0.0,0.0,0.0,0.0,0.0,0.0
14,3.5,R1Z1,63.9188509659272,0.0,0.0,0.0,133.41876187448847,0.0,0.0,0.0,81.00493956052999,0.0,0.0,0.0,156.57819984389926,0.0,0.0,601.6357369655603,0.0,0.0,0.0
14,3.5,R1Z2,91.14683663909597,0.0,0.0,1.0885874699540636,187.78830732114844,-1.3322676295501878e-14,0.0,0.0,81.00493956052999,0.0,38.862667364201414,0.0,94.70444844925208,0.0,0.0,0.0,0.0,0.0,0.0
14,3.5,R1Z3,179.26974151913245,0.0,0.0,17.995364107864305,104.25151463521678,-7.105427357601002e-15,0.0,0.0,40.502469780264995,0.0,0.0,0.0,53.11207769631574,0.0,0.0,0.0,0.0,0.0,0.0
14,3.5,R1Z4,99.78247552850203,0.0,0.0,18.851952804229512,114.2896108961472,1.0658141036401503e-14,0.0,0.0,81.00493956052999,0.0,0.0,0.0,0.0,0.0,0.0,0.0,0.0,0.0,0.0
14,3.5,R1Z5,101.60079095384168,0.0,0.0,17.096356706634538,13.640039585084082,0.0,0.0,0.0,81.00493956052999,0.0,0.0,0.0,0.0,0.0,0.0,0.0,0.0,0.0,0.0
14,3.5,R1Z6,106.89898584459819,0.0,0.0,9.931991332111892,122.23098216015663,8.881784197001252e-15,0.0,0.0,0.0,0.0,0.0,0.0,26.118028203264988,0.0,0.0,0.0,0.0,0.0,0.0
14,3.5,R1Z7,139.67633676310126,0.0,0.0,1.6647247291987384,69.51491116722279,6.217248937900877e-15,0.0,0.0,40.502469780264995,0.0,0.0,0.0,48.288670933776345,0.0,0.0,0.0,0.0,0.0,0.0
14,3.5,R1Z8,73.71354096962959,0.0,0.0,4.429859878145507,122.94535793093495,5.329070518200751e-15,0.0,0.0,0.0,0.0,0.0,0.0,0.0,0.0,0.0,0.0,0.0,0.0,0.0
14,3.5,R1Z9,106.98589785016878,0.0,0.0,11.834474035958067,151.84356451054987,-1.7763568394002505e-15,0.0,0.0,0.0,0.0,0.0,0.0,63.73461537426573,0.0,0.0,0.0,0.0,0.0,0.0
14,3.5,R1Z10,114.13154007029496,0.0,0.0,16.516943760338222,50.493101284066015,3.552713678800501e-15,0.0,0.0,0.0,0.0,90.0,0.0,89.48075702943362,0.0,0.0,0.0,0.0,0.0,0.0
14,3.5,R2Z1,126.21894868924467,0.0,135.0,21.971313848969032,85.16503327803238,7.105427357601002e-15,0.0,0.0,0.0,0.0,0.0,0.0,77.03777814466821,2.354085651465958,0.0,640.0,0.0,0.0,0.0
14,3.5,R2Z2,104.01577594678376,0.0,135.0,0.0,0.0,20.791414045923222,49.042608991503435,0.0,0.0,0.0,0.0,0.0,83.26452276130438,37.88215773023513,0.0,640.0,0.0,0.0,0.0
14,3.5,R2Z3,118.37368190325112,0.0,0.0,27.640862754251373,53.830260160175456,-3.552713678800501e-15,0.0,0.0,40.502469780264995,0.0,0.0,0.0,72.07721949364634,0.0,0.0,0.0,0.0,0.0,0.0
14,3.5,R2Z4,156.34169783063405,0.0,0.0,0.0,97.69183699241862,9.23161387532257,108.66935057294825,0.0,81.00493956052999,0.0,0.0,0.0,0.0,0.0,0.0,0.0,0.0,0.0,0.0
14,3.5,R2Z5,110.82868644121776,0.0,0.0,12.610500566935404,16.6141700818073,0.0,0.0,0.0,40.502469780264995,0.0,0.0,0.0,0.0,0.0,0.0,0.0,0.0,0.0,0.0
14,3.5,R2Z6,81.81777996092909,0.0,0.0,22.511954738139295,94.91755198976963,0.0,0.0,0.0,81.00493956052999,0.0,0.0,0.0,174.02936052548938,0.0,0.0,0.0,0.0,0.0,0.0
14,3.5,R2Z7,126.6409977217505,0.0,0.0,0.0,0.0,7.460152618784207,30.26347523505069,0.0,81.00493956052999,0.0,0.0,0.0,88.91861273130523,0.0,0.0,0.0,0.0,0.0,0.0
14,3.5,R2Z8,127.90417033778716,0.0,0.0,26.656274287152677,50.49956750958089,-7.105427357601002e-15,0.0,0.0,0.0,0.0,0.0,0.0,91.62744595365666,0.0,0.0,0.0,0.0,0.0,0.0
14,3.5,R2Z9,73.82512285008745,0.0,0.0,0.0,0.0,10.195655941845235,139.58153157127316,0.0,40.502469780264995,0.0,0.0,0.0,83.80399477549511,0.0,0.0,0.0,0.0,0.0,0.0
14,3.5,R3Z1,96.62995881279953,0.0,0.0,0.0,0.0,23.040003175066364,12.558694313032941,0.0,0.0,0.0,0.0,0.0,0.0,0.0,0.0,0.0,0.0,0.0,0.0
14,3.5,R3Z2,110.53098592243353,0.0,0.0,28.464351439050915,102.41866728868365,-3.552713678800501e-15,0.0,0.0,81.00493956052999,0.0,0.0,0.0,166.92530628191952,0.0,0.0,0.0,0.0,0.0,0.0
14,3.5,R3Z3,116.1554446860273,0.0,0.0,0.0,0.0,9.471957818240302,47.01384577945397,0.0,40.502469780264995,0.0,0.0,0.0,0.0,0.0,0.0,0.0,0.0,0.0,0.0
14,3.5,R4Z1,129.52643011095424,0.0,135.0,8.37142839414551,139.78718440324417,8.881784197001252e-15,0.0,0.0,81.00493956052999,0.0,0.0,0.0,82.58391856903937,0.0,0.0,0.0,0.0,0.0,0.0
14,3.5,R4Z2,152.956295998558,0.0,0.0,18.53318658831654,53.418169849711475,8.26888055840287,0.0,0.0,81.00493956052999,0.0,0.0,0.0,163.25658766988423,0.0,0.0,0.0,0.0,0.0,0.0
14,3.5,R4Z3,114.25854865501883,0.0,0.0,0.0,0.0,9.278682302295055,233.8206393705605,0.0,0.0,0.0,0.0,0.0,0.0,0.0,0.0,0.0,0.0,0.0,0.0
14,3.5,R4Z4,129.41738988988374,0.0,0.0,0.0,0.0,10.384828808791521,28.617584550728576,0.0,0.0,0.0,0.0,0.0,0.0,0.0,0.0,0.0,0.0,0.0,0.0
14,3.5,R4Z5,113.8437154379604,0.0,0.0,0.0,101.43572575739368,12.662870002238277,138.5642742426063,0.0,81.00493956052999,0.0,0.0,0.0,0.0,0.0,0.0,0.0,0.0,0.0,0.0
14,3.5,R4Z6,124.13359549493003,0.0,0.0,22.455521780626796,37.74984372874809,0.0,0.0,0.0,81.00493956052999,0.0,0.0,0.0,155.37641173596109,0.0,0.0,0.0,0.0,0.0,0.0
14,3.5,R4Z7,148.4224547922119,0.0,0.0,15.707270726061523,92.54067493866863,-1.7763568394002505e-15,0.0,0.0,81.00493956052999,0.0,0.0,0.0,0.0,0.0,0.0,0.0,0.0,0.0,0.0
14,3.5,R4Z8,128.62074104399449,0.0,0.0,9.39528682817869,40.975819061752354,3.552713678800501e-15,0.0,0.0,81.00493956052999,0.0,0.0,0.0,0.0,0.0,0.0,0.0,0.0,0.0,0.0
14,3.5,R4Z9,111.53519318931134,0.0,0.0,0.0,0.0,12.961529852703691,240.0,0.0,0.0,0.0,0.0,0.0,89.93351360180756,0.0,0.0,0.0,0.0,0.0,0.0
14,3.5,R4Z10,126.49393269667263,0.0,0.0,4.113052168687204,132.80167880045212,1.1546319456101628e-14,0.0,0.0,0.0,0.0,0.0,0.0,91.6174491732297,0.0,0.0,0.0,0.0,0.0,0.0
14,3.5,R4Z11,158.31644220303247,0.0,0.0,15.145673323754139,99.84064921179245,-1.7763568394002505e-15,0.0,0.0,40.502469780264995,0.0,0.0,0.0,84.75878191333359,0.0,0.0,0.0,0.0,0.0,0.0
14,3.5,R5Z1,83.94763899297016,0.0,135.0,0.0,0.0,30.63013571119129,62.65924638472514,0.0,0.0,0.0,0.0,0.0,73.99765491452462,0.0,0.0,0.0,0.0,0.0,0.0
14,3.5,R5Z2,107.86257148059396,0.0,135.0,0.0,0.0,7.755917854153146,67.20070352310648,0.0,40.502469780264995,0.0,0.0,0.0,176.06437622435794,0.0,0.0,0.0,0.0,0.0,0.0
14,3.5,R5Z3,156.6143578840319,0.0,0.0,26.89407965241699,168.04964561897947,0.0,0.0,0.0,40.502469780264995,0.0,0.0,0.0,149.3365060170837,0.0,0.0,0.0,0.0,0.0,0.0
14,3.5,R5Z4,112.35376863624823,0.0,0.0,21.69944428031475,60.688791003600485,0.0,0.0,0.0,81.00493956052999,0.0,0.0,0.0,0.0,0.0,0.0,0.0,0.0,0.0,0.0
14,3.5,R5Z5,117.39881470466742,0.0,0.0,0.0,0.0,9.518493115124008,136.64367062278444,0.0,40.502469780264995,0.0,0.0,0.0,82.15896475266295,0.0,0.0,0.0,0.0,0.0,0.0
14,3.5,R5Z6,136.23246576424532,0.0,0.0,0.0,72.32281755150069,10.291591270839566,73.31207315839012,0.0,81.00493956052999,0.0,0.0,0.0,166.77526172757928,0.0,0.0,0.0,0.0,0.0,0.0
14,3.5,R5Z7,92.51067208246525,0.0,0.0,0.0,0.0,20.930452675312942,57.8733164375323,0.0,0.0,0.0,0.0,0.0,90.48156721405981,0.0,0.0,0.0,0.0,0.0,0.0
14,3.5,R5Z8,107.118917734896,0.0,0.0,18.389740075330536,107.44762293182316,3.552713678800501e-15,0.0,0.0,40.502469780264995,0.0,0.0,0.0,168.4075843709155,0.0,0.0,0.0,0.0,0.0,0.0
14,3.5,R5Z9,125.26777844795555,0.0,0.0,0.0,0.0,27.086715052509174,75.2496415186604,0.0,0.0,0.0,0.0,0.0,87.74196824872163,0.0,0.0,0.0,0.0,0.0,0.0
14,3.5,R6Z1,98.82237683835498,0.0,135.0,0.0,0.0,32.15535916862742,29.74950276227494,0.0,0.0,0.0,0.0,0.0,0.0,2.354085651465958,0.0,640.0,0.0,0.0,0.0
14,3.5,R6Z2,144.32369226877395,0.0,135.0,0.0,0.0,26.69438698774744,69.51949854224111,0.0,81.00493956052999,0.0,0.0,0.0,142.93424510326088,2.354085651465958,0.0,640.0,0.0,0.0,0.0
14,3.5,R6Z3,110.54239562123587,0.0,0.0,25.468434916442078,132.89423927714034,0.0,0.0,0.0,40.502469780264995,0.0,0.0,0.0,84.18208537016412,0.0,0.0,0.0,0.0,0.0,0.0
14,3.5,R6Z4,142.2488683382964,0.0,0.0,6.192869487423195,126.7975569013775,-3.552713678800501e-15,0.0,0.0,40.502469780264995,0.0,0.0,0.0,79.82264641702072,0.0,0.0,0.0,0.0,0.0,0.0
14,3.5,R7Z1,108.16246373373484,0.0,135.0,0.0,0.0,16.496697150496,97.03687800298225,0.0,40.502469780264995,595.9394580021076,0.0,0.0,0.0,48.7660849185168,0.0,640.0,0.0,0.0,0.0
14,3.5,R7Z2,122.22051556787908,0.0,135.0,0.0,0.0,0.027715634542763296,38.24024995809659,0.0,0.0,0.0,0.0,0.0,170.17570963337883,0.0,0.0,0.0,0.0,0.0,0.0
14,3.5,R7Z3,79.37422098292451,0.0,0.0,10.759138607313986,147.2100215438331,-5.329070518200751e-15,0.0,0.0,81.00493956052999,0.0,0.0,0.0,145.331622564925,0.0,0.0,0.0,0.0,0.0,0.0
14,3.5,R7Z4,127.90093168520183,0.0,0.0,10.013096437753518,157.23645770744403,1.2434497875801753e-14,0.0,0.0,40.502469780264995,0.0,0.0,0.0,70.90907130622661,0.0,0.0,0.0,0.0,0.0,0.0
14,3.5,R7Z5,158.7644264285618,0.0,0.0,0.0,0.0,2.5166529286896275,157.29772265439954,0.0,81.00493956052999,0.0,0.0,0.0,0.0,0.0,0.0,0.0,0.0,0.0,0.0
14,3.5,R7Z6,102.48979255322445,0.0,0.0,0.0,0.0,14.411973730167647,151.79400564417426,0.0,81.00493956052999,0.0,0.0,0.0,0.0,0.0,0.0,0.0,0.0,0.0,0.0
14,3.5,R7Z7,126.38111457748731,0.0,0.0,0.0,0.0,12.975811425623647,76.69035585773484,0.0,0.0,0.0,0.0,0.0,71.22728717653465,0.0,0.0,0.0,0.0,0.0,0.0
14,3.5,R7Z8,138.74202463577285,0.0,0.0,18.625370076066076,94.64673662166393,-3.552713678800501e-15,0.0,0.0,81.00493956052999,0.0,0.0,0.0,151.29219696301033,0.0,0.0,0.0,0.0,0.0,0.0
14,3.5,R7Z9,115.06560803163373,0.0,0.0,0.0,0.0,17.13225173683647,137.71281058656737,0.0,81.00493956052999,0.0,0.0,0.0,82.72052763922294,0.0,0.0,0.0,0.0,0.0,0.0
14,3.5,R8Z1,125.81501135712628,0.0,135.0,14.613553536518083,109.18024595358483,3.552713678800501e-15,0.0,0.0,40.502469780264995,0.0,0.0,0.0,88.08365785168465,2.354085651465958,0.0,640.0,0.0,0.0,0.0
14,3.5,R8Z2,122.25399571043053,0.0,135.0,0.0,0.0,24.939434970593744,136.32848621701305,0.0,40.502469780264995,0.0,0.0,0.0,153.4494271652044,0.0,0.0,0.0,0.0,0.0,0.0
14,3.5,R8Z3,83.06899159136363,0.0,0.0,0.0,0.0,13.654921722591876,73.93142114898141,0.0,40.502469780264995,0.0,0.0,0.0,179.52495542944433,0.0,0.0,0.0,0.0,0.0,0.0
14,3.5,R8Z4,77.16721912413533,0.0,0.0,0.0,0.0,11.340341053258955,118.11047180671098,0.0,0.0,0.0,0.0,0.0,0.0,0.0,0.0,0.0,0.0,0.0,0.0
14,3.5,R8Z5,164.40670786998368,0.0,0.0,15.71746641864435,120.93888736934211,1.0658141036401503e-14,0.0,0.0,40.502469780264995,0.0,0.0,0.0,89.34102625348196,0.0,0.0,0.0,0.0,0.0,0.0
14,3.5,R8Z6,145.70184571199312,0.0,0.0,0.0,101.27242524526227,7.36347017359057,24.76988226437095,0.0,40.502469780264995,0.0,0.0,0.0,0.0,0.0,0.0,0.0,0.0,0.0,0.0
14,3.5,R8Z7,82.59542539611694,0.0,0.0,31.53878287773547,43.20449359753769,3.552713678800501e-15,0.0,0.0,0.0,0.0,0.0,0.0,82.77297391918435,0.0,0.0,0.0,0.0,0.0,0.0
14,3.5,R8Z8,140.10033399050437,0.0,0.0,0.0,0.0,22.5827831775863,173.8290118904498,0.0,40.502469780264995,0.0,0.0,0.0,88.00552124946698,0.0,0.0,0.0,0.0,0.0,0.0
14,3.5,R9Z1,107.7358380767278,0.0,135.0,0.0,0.0,7.809948969217203,46.8318941518983,0.0,40.502469780264995,0.0,0.0,0.0,0.0,2.354085651465958,0.0,640.0,0.0,0.0,0.0
14,3.5,R9Z2,107.03675356502818,0.0,135.0,0.0,57.80500879272454,6.443754558416496,34.91853540672947,0.0,40.502469780264995,0.0,0.0,0.0,78.25846456494212,2.354085651465958,0.0,640.0,0.0,0.0,0.0
14,3.5,R9Z3,163.71344784629335,0.0,0.0,0.0,0.0,16.394420358088674,33.682878155370574,0.0,81.00493956052999,0.0,0.0,0.0,143.85379767685166,0.0,0.0,0.0,0.0,0.0,0.0
14,3.5,R9Z4,128.9073693879032,0.0,0.0,16.234050405181762,183.9087611341684,-1.0658141036401503e-14,0.0,0.0,40.502469780264995,0.0,0.0,0.0,75.45239982337675,0.0,0.0,0.0,0.0,0.0,0.0
14,3.5,R9Z5,126.06721286245491,0.0,0.0,0.0,0.0,11.123855116200739,153.8715414412937,0.0,40.502469780264995,0.0,0.0,0.0,157.14879937799975,0.0,0.0,0.0,0.0,0.0,0.0
14,3.5,R9Z6,116.54958863985661,0.0,0.0,0.0,43.000971440561955,5.581958576365586,32.15875921659679,0.0,40.502469780264995,0.0,0.0,0.0,167.08475041804166,0.0,0.0,0.0,0.0,0.0,0.0
14,3.5,R9Z7,116.43214719565641,0.0,0.0,0.0,0.0,14.645948893887946,62.75171053802946,0.0,0.0,0.0,0.0,0.0,80.07891823976824,0.0,0.0,0.0,0.0,0.0,0.0
14,3.5,R9Z8,117.49786653317204,0.0,0.0,0.0,0.0,14.42353679996422,71.55131706443547,0.0,40.502469780264995,0.0,0.0,0.0,74.825105565184,0.0,0.0,0.0,0.0,0.0,0.0
14,3.5,R9Z9,116.80391399551108,0.0,0.0,0.0,0.0,13.182884329199808,50.09041335975091,0.0,0.0,0.0,0.0,0.0,169.80291126699092,0.0,0.0,0.0,0.0,0.0,0.0
14,3.5,R9Z10,83.41557270038886,0.0,0.0,13.799807746910489,202.78134985796538,5.329070518200751e-15,0.0,0.0,0.0,0.0,0.0,0.0,0.0,0.0,0.0,0.0,0.0,0.0,0.0
14,3.5,R9Z11,144.5958803329729,0.0,0.0,8.306028091112097,213.60802672815277,5.329070518200751e-15,0.0,0.0,0.0,0.0,0.0,0.0,167.81504464306258,0.0,0.0,0.0,0.0,0.0,0.0
14,3.5,R10Z1,125.8216176428326,0.0,0.0,0.0,0.0,10.30632287982742,107.01178010253716,0.0,0.0,0.0,0.0,0.0,73.5630361457645,80.0,0.0,626.1807789181156,0.0,0.0,0.0
14,3.5,R10Z2,90.77119491950249,0.0,0.0,0.0,0.0,11.223736484593683,93.81825488546106,0.0,0.0,595.9394580021076,0.0,0.0,175.19056481881037,2.354085651465958,0.0,640.0,0.0,0.0,0.0
14,3.5,R10Z3,115.19490743162308,0.0,0.0,13.968441884974567,141.92353900365862,8.27877948997821,0.0,0.0,0.0,0.0,0.0,0.0,84.21322315961292,0.0,0.0,0.0,0.0,0.0,0.0
14,3.5,R10Z4,150.6088672569689,0.0,0.0,5.0800402281430195,30.5165043923732,2.6645352591003757e-15,0.0,0.0,81.00493956052999,0.0,0.0,0.0,85.38303939035357,0.0,0.0,0.0,0.0,0.0,0.0
14,3.5,R10Z5,97.19530206072983,0.0,0.0,0.0,0.0,6.601055180944892,128.76595920685781,0.0,81.00493956052999,0.0,0.0,0.0,0.0,0.0,0.0,0.0,0.0,0.0,0.0
14,3.5,R10Z6,68.26553246454094,0.0,0.0,19.608677129830347,52.98271070276865,-7.105427357601002e-15,0.0,0.0,81.00493956052999,0.0,0.0,0.0,72.43927670585259,0.0,0.0,0.0,0.0,0.0,0.0
14,3.5,R10Z7,112.77811468189176,0.0,0.0,7.393729608196878,123.43154538449662,9.769962616701378e-15,0.0,0.0,81.00493956052999,0.0,0.0,0.0,87.63520499656443,0.0,0.0,0.0,0.0,0.0,0.0
14,3.5,R10Z8,135.60871112296888,0.0,0.0,7.418495173347118,41.90061183151414,-2.6645352591003757e-15,0.0,0.0,0.0,0.0,0.0,0.0,84.80166380528479,0.0,0.0,0.0,0.0,0.0,0.0
14,3.5,R10Z9,146.9256384613661,0.0,0.0,8.137869786948272,86.18377412695253,3.552713678800501e-15,0.0,0.0,40.502469780264995,0.0,0.0,0.0,0.0,0.0,0.0,0.0,0.0,0.0,0.0
14,3.5,R11Z1,129.89212179829224,0.0,135.0,15.007735472654332,114.67712404560461,1.2434497875801753e-14,0.0,0.0,81.00493956052999,0.0,0.0,0.0,165.55428900698698,0.0,0.0,0.0,0.0,0.0,0.0
14,3.5,R11Z2,119.57870069360636,0.0,135.0,10.27334803152268,56.2778720218278,-3.552713678800501e-15,0.0,0.0,40.502469780264995,0.0,0.0,0.0,72.50870912413954,0.0,0.0,0.0,0.0,0.0,0.0
14,3.5,R11Z3,168.08369199300822,0.0,0.0,10.60590210223652,46.80910321660007,1.7763568394002505e-15,0.0,0.0,40.502469780264995,0.0,0.0,0.0,0.0,0.0,0.0,0.0,0.0,0.0,0.0
14,3.5,R11Z4,125.25276782726276,0.0,0.0,0.0,52.78920334713018,18.848390862525388,105.05893889478921,0.0,0.0,0.0,0.0,0.0,84.06835510031472,0.0,0.0,0.0,0.0,0.0,0.0
14,3.5,R11Z5,56.31615668356415,0.0,0.0,4.723994856125536,63.74408464015347,0.0,0.0,0.0,40.502469780264995,0.0,0.0,0.0,92.05061480052518,0.0,0.0,0.0,0.0,0.0,0.0
14,3.5,R11Z6,110.38031926828359,0.0,0.0,0.0,0.0,8.609935178412872,96.7432651660642,0.0,0.0,0.0,0.0,0.0,0.0,0.0,0.0,0.0,0.0,0.0,0.0
14,3.5,R11Z7,109.84788070579388,0.0,0.0,4.068850700593956,113.41571678722585,-4.440892098500626e-15,0.0,0.0,40.502469780264995,0.0,0.0,0.0,0.0,0.0,0.0,0.0,0.0,0.0,0.0
14,3.5,R11Z8,106.64450734772815,0.0,0.0,0.0,0.0,14.04758787890633,140.59564462127418,0.0,40.502469780264995,0.0,0.0,0.0,165.39421995157204,0.0,0.0,0.0,0.0,0.0,0.0
14,3.5,R12Z1,102.95919475665997,0.0,135.0,0.0,0.0,23.7182686915797,112.577662589256,0.0,81.00493956052999,0.0,0.0,0.0,142.77977625531707,0.0,0.0,0.0,0.0,0.0,0.0
14,3.5,R12Z2,142.33476972092092,0.0,135.0,0.0,0.0,8.74766893076914,133.33028488494583,0.0,40.502469780264995,0.0,0.0,0.0,91.07382234721024,0.0,0.0,0.0,0.0,0.0,0.0
14,3.5,R12Z3,121.46174139821872,0.0,0.0,0.0,0.0,24.509407583541673,62.01915733764551,0.0,40.502469780264995,0.0,0.0,0.0,165.79356053426508,0.0,0.0,0.0,0.0,0.0,0.0
14,3.5,R12Z4,106.55238775473131,0.0,0.0,7.031734515688669,26.127682672615947,9.099246717369127,0.0,0.0,0.0,0.0,0.0,0.0,0.0,0.0,0.0,0.0,0.0,0.0,0.0
14,3.5,R12Z5,149.12238787050754,0.0,0.0,0.0,0.0,7.4312487474520585,56.56937226079777,0.0,0.0,0.0,0.0,0.0,156.2330474638729,0.0,0.0,0.0,0.0,0.0,0.0
14,3.5,R12Z6,106.75498529129932,0.0,0.0,2.3584892064782537,138.41765490836693,-5.329070518200751e-15,0.0,0.0,0.0,0.0,0.0,0.0,0.0,0.0,0.0,0.0,0.0,0.0,0.0
14,3.5,R12Z7,108.7020200912063,0.0,0.0,5.730258994031999,61.052890486295,1.7763568394002505e-15,0.0,0.0,81.00493956052999,0.0,0.0,0.0,0.0,0.0,0.0,0.0,0.0,0.0,0.0
14,3.5,R12Z8,196.21206982432224,0.0,0.0,14.038624978626146,89.17627844548944,0.0,0.0,0.0,0.0,0.0,0.0,0.0,75.46152594807924,0.0,0.0,0.0,0.0,0.0,0.0
14,3.5,R12Z9,150.12676988712786,0.0,0.0,3.751356483109106,170.37645347087164,8.881784197001252e-16,0.0,0.0,81.00493956052999,0.0,0.0,0.0,171.21639545588462,0.0,0.0,0.0,0.0,0.0,0.0
15,3.75,R1Z1,68.97473325058169,0.0,0.0,29.156820711188836,36.420943772953756,-7.105427357601002e-15,0.0,0.0,82.52437301632443,0.0,0.0,0.0,156.40310981475136,0.0,0.0,601.1197062574308,0.0,0.0,0.0
15,3.75,R1Z2,87.18412586328276,0.0,0.0,2.6644709277600214,146.11304479079502,-3.9968028886505635e-15,0.0,0.0,82.52437301632443,0.0,0.0,0.0,94.5985473426105,0.0,0.0,0.0,0.0,0.0,0.0
15,3.75,R1Z3,139.23055489497887,0.0,0.0,23.950888545420057,85.00103455868518,3.552713678800501e-15,0.0,0.0,41.262186508162216,0.0,0.0,0.0,53.05268631717596,0.0,0.0,0.0,0.0,0.0,0.0
15,3.75,R1Z4,101.37841595827332,0.0,0.0,20.336995047326994,112.09996724719362,-3.552713678800501e-15,0.0,0.0,82.52437301632443,0.0,0.0,0.0,0.0,0.0,0.0,0.0,0.0,0.0,0.0
15,3.75,R1Z5,132.67509729141193,0.0,0.0,8.948864548313765,47.78027784680495,0.0,0.0,0.0,82.52437301632443,0.0,0.0,0.0,0.0,0.0,0.0,0.0,0.0,0.0,0.0
15,3.75,R1Z6,100.99202190318815,0.0,0.0,18.300419833087588,116.00799858867468,3.552713678800501e-15,0.0,0.0,0.0,0.0,0.0,0.0,26.08882230918807,0.0,0.0,0.0,0.0,0.0,0.0
15,3.75,R1Z7,136.10282764201074,0.0,0.0,1.3413882806805546,50.90058549789202,-8.881784197001252e-16,0.0,0.0,41.262186508162216,0.0,45.0,0.0,59.07597614287363,0.0,0.0,0.0,0.0,0.0,0.0
15,3.75,R1Z8,80.20384394301706,0.0,0.0,6.201876502092546,144.97087367015897,9.769962616701378e-15,0.0,0.0,0.0,0.0,0.0,0.0,0.0,0.0,0.0,0.0,0.0,0.0,0.0
15,3.75,R1Z9,134.62702522943616,0.0,0.0,16.49748819385698,137.93338688313992,0.0,0.0,0.0,0.0,0.0,60.5038721738013,0.0,78.23980794352474,0.0,0.0,0.0,0.0,0.0,0.0
15,3.75,R1Z10,108.22882558522164,0.0,0.0,18.349547137351706,56.98859937460483,3.552713678800501e-15,0.0,0.0,0.0,0.0,0.0,0.0,89.38069719752804,0.0,0.0,0.0,0.0,0.0,0.0
15,3.75,R2Z1,122.16417521536788,0.0,135.0,29.267576759849362,97.36604612174605,-7.105427357601002e-15,0.0,0.0,0.0,0.0,0.0,0.0,76.95163239235859,2.354085651465958,0.0,640.0,0.0,0.0,0.0
15,3.75,R2Z2,98.53375549586939,0.0,135.0,21.201179633812544,49.50741590000813,3.552713678800501e-15,0.0,0.0,0.0,0.0,0.0,0.0,83.17141409271707,2.354085651465958,0.0,640.0,0.0,0.0,0.0
15,3.75,R2Z3,94.67017383634054,0.0,0.0,0.0,0.0,47.951871020408454,6.3959522930269355,0.0,41.262186508162216,0.0,0.0,0.0,71.99662077380779,0.0,0.0,0.0,0.0,0.0,0.0
15,3.75,R2Z4,148.16248306149436,0.0,0.0,11.590237326297114,161.87843467917867,7.105427357601002e-15,0.0,0.0,82.52437301632443,0.0,0.0,0.0,0.0,0.0,0.0,0.0,0.0,0.0,0.0
15,3.75,R2Z5,114.41951896571176,0.0,0.0,7.121848847992723,112.4878198672753,0.0,0.0,0.0,41.262186508162216,0.0,0.0,0.0,0.0,0.0,0.0,0.0,0.0,0.0,0.0
15,3.75,R2Z6,76.55334559625838,0.0,0.0,0.0,0.0,17.831258521240574,106.34569115503385,0.0,82.52437301632443,0.0,0.0,0.0,173.8347561307692,0.0,0.0,0.0,0.0,0.0,0.0
15,3.75,R2Z7,123.53466066828894,0.0,0.0,0.0,0.0,9.878612369456642,57.03204231062466,0.0,82.52437301632443,0.0,0.0,0.0,88.81918150454163,0.0,0.0,0.0,0.0,0.0,0.0
15,3.75,R2Z8,109.3587733940258,0.0,0.0,0.0,0.0,33.122870237483404,37.18787183953598,0.0,0.0,0.0,0.0,0.0,91.52498563543377,0.0,0.0,0.0,0.0,0.0,0.0
15,3.75,R2Z9,79.91466767873652,0.0,0.0,0.0,145.97821277875192,9.142376785851457,22.909794048855787,0.0,41.262186508162216,0.0,0.0,0.0,83.71028285453434,0.0,0.0,0.0,0.0,0.0,0.0
15,3.75,R3Z1,108.58189489341879,0.0,0.0,0.0,0.0,35.406057284766696,26.47121480081776,0.0,0.0,0.0,0.0,0.0,0.0,0.0,0.0,0.0,0.0,0.0,0.0
15,3.75,R3Z2,116.21447577180139,0.0,0.0,0.0,0.0,29.330466149781532,33.77106666147216,0.0,82.52437301632443,0.0,0.0,0.0,166.7386458351168,0.0,0.0,0.0,0.0,0.0,0.0
15,3.75,R3Z3,114.83566766261264,0.0,0.0,0.0,0.0,13.827681260229692,26.222115359038494,0.0,41.262186508162216,0.0,0.0,0.0,0.0,0.0,0.0,0.0,0.0,0.0,0.0
15,3.75,R4Z1,129.20283338894959,0.0,135.0,8.621539660600206,137.31367190463402,3.552713678800501e-15,0.0,0.0,82.52437301632443,0.0,0.0,0.0,82.49157097069032,0.0,0.0,0.0,0.0,0.0,0.0
15,3.75,R4Z2,132.37423871119748,0.0,0.0,32.71643787442862,59.61871091398571,0.0,0.0,0.0,82.52437301632443,595.9394580021076,0.0,0.0,163.07402968465894,0.0,0.0,0.0,0.0,0.0,0.0
15,3.75,R4Z3,117.15689296613837,0.0,0.0,0.0,0.0,19.621454862542876,129.70963180791804,0.0,0.0,0.0,0.0,0.0,0.0,0.0,0.0,0.0,0.0,0.0,0.0
15,3.75,R4Z4,148.65489883490773,0.0,0.0,11.709964173116958,41.46998007667307,1.7763568394002505e-15,0.0,0.0,0.0,0.0,0.0,0.0,0.0,0.0,0.0,0.0,0.0,0.0,0.0
15,3.75,R4Z5,119.91836595607022,0.0,0.0,0.0,97.43437095813881,11.92161760067989,50.34995883891911,0.0,82.52437301632443,0.0,0.0,0.0,0.0,0.0,0.0,0.0,0.0,0.0,0.0
15,3.75,R4Z6,120.02900495746758,0.0,0.0,25.04305058374321,68.94124193366709,7.105427357601002e-15,0.0,0.0,82.52437301632443,0.0,0.0,0.0,155.20266557917253,0.0,0.0,0.0,0.0,0.0,0.0
15,3.75,R4Z7,149.20457430923585,0.0,0.0,18.368006885249486,144.42400336425783,7.105427357601002e-15,0.0,0.0,82.52437301632443,0.0,0.0,0.0,0.0,0.0,0.0,0.0,0.0,0.0,0.0
15,3.75,R4Z8,144.77819499988348,0.0,0.0,2.6436500772467397,37.750616677946915,18.66427973148787,0.0,0.0,82.52437301632443,0.0,0.0,0.0,0.0,0.0,0.0,0.0,0.0,0.0,0.0
15,3.75,R4Z9,119.92932881971169,0.0,0.0,17.431407986335046,124.35747606174203,-7.105427357601002e-15,0.0,0.0,0.0,0.0,0.0,0.0,89.83294748510924,0.0,0.0,0.0,0.0,0.0,0.0
15,3.75,R4Z10,125.10963579759851,0.0,0.0,0.0,0.0,7.781163641803447,189.05921863713485,0.0,0.0,0.0,0.0,0.0,91.51500003368034,0.0,0.0,0.0,0.0,0.0,0.0
15,3.75,R4Z11,144.9112705586229,0.0,0.0,0.0,10.400130793544008,12.4985142807506,86.48182533085661,0.0,41.262186508162216,0.0,0.0,0.0,84.66400232325948,0.0,0.0,0.0,0.0,0.0,0.0
15,3.75,R5Z1,79.63190811405887,0.0,135.0,0.0,0.0,36.91307177254446,62.66800354091302,0.0,0.0,0.0,0.0,0.0,73.91490871122954,0.0,0.0,0.0,0.0,0.0,0.0
15,3.75,R5Z2,109.74173806444573,0.0,135.0,0.0,0.0,7.820627743849403,56.057910800676254,0.0,41.262186508162216,0.0,0.0,0.0,175.86749621937793,0.0,0.0,0.0,0.0,0.0,0.0
15,3.75,R5Z3,162.31879635515256,0.0,0.0,0.0,0.0,21.39799696246216,180.86276094503395,0.0,41.262186508162216,0.0,0.0,0.0,149.16951384820297,0.0,0.0,0.0,0.0,0.0,0.0
15,3.75,R5Z4,124.44020809400106,0.0,0.0,27.098539533035137,74.69856058305075,0.0,0.0,0.0,82.52437301632443,0.0,0.0,0.0,0.0,0.0,0.0,0.0,0.0,0.0,0.0
15,3.75,R5Z5,129.9409543453851,0.0,0.0,10.571002159585063,107.57163843310937,3.552713678800501e-15,0.0,0.0,41.262186508162216,0.0,0.0,0.0,82.06709234930382,0.0,0.0,0.0,0.0,0.0,0.0
15,3.75,R5Z6,157.8917832462391,0.0,0.0,0.0,0.0,9.139357444713063,127.9926198004526,0.0,82.52437301632443,0.0,0.0,0.0,166.58876906470448,0.0,0.0,0.0,0.0,0.0,0.0
15,3.75,R5Z7,107.11875307876173,0.0,0.0,19.046144157471232,53.32877831603167,0.0,0.0,0.0,0.0,0.0,0.0,0.0,90.38038824881016,0.0,0.0,0.0,0.0,0.0,0.0
15,3.75,R5Z8,115.25042357847629,0.0,0.0,19.96349394388035,52.815550179830566,3.552713678800501e-15,0.0,0.0,41.262186508162216,0.0,0.0,0.0,168.21926640017864,0.0,0.0,0.0,0.0,0.0,0.0
15,3.75,R5Z9,144.11215068478543,0.0,0.0,0.0,68.78546746515642,28.166214085035048,133.7342927403888,0.0,0.0,0.0,0.0,0.0,87.64385277802725,0.0,0.0,0.0,0.0,0.0,0.0
15,3.75,R6Z1,102.17764883434621,0.0,135.0,35.16280163893536,48.86487771575561,0.0,0.0,0.0,0.0,0.0,0.0,0.0,0.0,2.354085651465958,0.0,640.0,0.0,0.0,0.0
15,3.75,R6Z2,124.60269117966874,0.0,135.0,0.0,0.0,18.21904383847457,29.79282539977797,0.0,82.52437301632443,0.0,0.0,0.0,142.7744121177858,2.354085651465958,0.0,640.0,0.0,0.0,0.0
15,3.75,R6Z3,106.10971459157818,0.0,0.0,0.0,0.0,17.824669408217858,90.80151507580794,0.0,41.262186508162216,0.0,0.0,0.0,84.08795065795074,0.0,0.0,0.0,0.0,0.0,0.0
15,3.75,R6Z4,125.1406139568083,0.0,0.0,0.0,0.0,15.75688970425224,99.68882001225684,0.0,41.262186508162216,0.0,0.0,0.0,79.73338654877756,0.0,0.0,0.0,0.0,0.0,0.0
15,3.75,R7Z1,94.39555501332022,0.0,135.0,0.0,0.0,9.752667428623594,183.41605203358318,0.0,41.262186508162216,0.0,0.0,0.0,0.0,2.354085651465958,0.0,640.0,0.0,0.0,0.0
15,3.75,R7Z2,112.08830112668477,0.0,135.0,0.0,0.0,12.30383552508399,42.941396618406515,0.0,0.0,0.0,0.0,0.0,169.98541449657384,0.0,0.0,0.0,0.0,0.0,0.0
15,3.75,R7Z3,80.6529975130266,0.0,0.0,11.929122560458438,125.96371474576364,-7.105427357601002e-15,0.0,0.0,82.52437301632443,0.0,0.0,0.0,145.16910876634785,0.0,0.0,0.0,0.0,0.0,0.0
15,3.75,R7Z4,151.78850487304769,0.0,0.0,16.616762133925363,136.58390391299514,-3.552713678800501e-15,0.0,0.0,41.262186508162216,0.0,0.0,0.0,70.82977884166746,0.0,0.0,0.0,0.0,0.0,0.0
15,3.75,R7Z5,158.91440412442054,0.0,0.0,0.0,0.0,11.238247129412192,99.40678678795592,0.0,82.52437301632443,0.0,0.0,0.0,0.0,0.0,0.0,0.0,0.0,0.0,0.0
15,3.75,R7Z6,113.19989589365696,0.0,0.0,17.42030494324149,67.20928793620126,3.552713678800501e-15,0.0,0.0,82.52437301632443,0.0,0.0,0.0,0.0,0.0,0.0,0.0,0.0,0.0,0.0
15,3.75,R7Z7,112.67647084184416,0.0,0.0,0.0,0.0,20.96937200087864,84.55026711451721,0.0,0.0,0.0,0.0,0.0,71.14763887427866,0.0,0.0,0.0,0.0,0.0,0.0
15,3.75,R7Z8,130.906018704159,0.0,0.0,38.03502522158021,96.13671284750774,7.105427357601002e-15,0.0,0.0,82.52437301632443,0.0,0.0,0.0,151.12301788697988,0.0,0.0,0.0,0.0,0.0,0.0
15,3.75,R7Z9,121.80530167801832,0.0,0.0,0.0,0.0,20.279717174978973,56.59467962290404,0.0,82.52437301632443,0.0,0.0,0.0,82.62802728087216,0.0,0.0,0.0,0.0,0.0,0.0
15,3.75,R8Z1,124.44831649956787,0.0,135.0,0.0,0.0,17.578364713169602,116.43489092229508,0.0,41.262186508162216,0.0,0.0,0.0,87.98516029432302,2.354085651465958,0.0,640.0,0.0,0.0,0.0
15,3.75,R8Z2,121.24764446818628,0.0,135.0,11.887974236680662,146.96626542919464,7.105427357601002e-15,0.0,0.0,41.262186508162216,0.0,0.0,0.0,153.27783581531108,0.0,0.0,0.0,0.0,0.0,0.0
15,3.75,R8Z3,99.95618553757186,0.0,0.0,0.0,39.98689463038477,20.805567921564656,108.13609856083181,0.0,41.262186508162216,0.0,0.0,0.0,179.32420571006926,0.0,0.0,0.0,0.0,0.0,0.0
15,3.75,R8Z4,83.10003892038073,0.0,0.0,20.254119850260423,81.55302346914516,3.552713678800501e-15,0.0,0.0,0.0,0.0,0.0,0.0,0.0,0.0,0.0,0.0,0.0,0.0,0.0
15,3.75,R8Z5,149.8121826520096,0.0,0.0,0.0,0.0,14.488336455963127,64.17737760987464,0.0,41.262186508162216,0.0,0.0,0.0,89.24112267235495,0.0,0.0,0.0,0.0,0.0,0.0
15,3.75,R8Z6,140.99541100597722,0.0,0.0,13.279783786033605,67.39726599619702,0.0,0.0,0.0,41.262186508162216,0.0,0.0,0.0,0.0,0.0,0.0,0.0,0.0,0.0,0.0
15,3.75,R8Z7,100.14027554942103,0.0,0.0,24.31359967571592,64.52339572574107,7.105427357601002e-15,0.0,0.0,0.0,0.0,0.0,0.0,82.68041491396768,0.0,0.0,0.0,0.0,0.0,0.0
15,3.75,R8Z8,176.18882290998792,0.0,0.0,0.0,55.47749835470631,34.04908435629167,52.81132872038836,0.0,41.262186508162216,0.0,0.0,0.0,87.90711106659282,0.0,0.0,0.0,0.0,0.0,0.0
15,3.75,R9Z1,114.01428791887568,0.0,135.0,6.365204477487282,56.03660239678713,-2.6645352591003757e-15,0.0,0.0,41.262186508162216,0.0,0.0,0.0,0.0,2.354085651465958,0.0,640.0,0.0,0.0,0.0
15,3.75,R9Z2,124.44782683854609,0.0,135.0,0.0,0.0,9.909227784968516,127.79963864238209,0.0,41.262186508162216,0.0,0.0,0.0,78.17095380766297,2.354085651465958,0.0,640.0,0.0,0.0,0.0
15,3.75,R9Z3,152.73824200086835,0.0,0.0,0.0,0.0,10.68255616635891,72.58247728881926,0.0,82.52437301632443,0.0,0.0,0.0,143.69293642251748,0.0,0.0,0.0,0.0,0.0,0.0
15,3.75,R9Z4,138.70783049126334,0.0,0.0,21.8840583388112,142.57951270366692,1.0658141036401503e-14,0.0,0.0,41.262186508162216,0.0,0.0,0.0,75.36802688450324,0.0,0.0,0.0,0.0,0.0,0.0
15,3.75,R9Z5,130.57566860317178,0.0,0.0,0.0,0.0,14.716183967512464,120.59577338686208,0.0,41.262186508162216,0.0,0.0,0.0,156.97307128883355,0.0,0.0,0.0,0.0,0.0,0.0
15,3.75,R9Z6,120.03863263774964,0.0,0.0,8.085634419482027,58.07981859078506,3.552713678800501e-15,0.0,0.0,41.262186508162216,0.0,0.0,0.0,166.89791167644142,0.0,0.0,0.0,0.0,0.0,0.0
15,3.75,R9Z7,120.10754721535066,0.0,0.0,21.269443154221932,70.81836548331765,-7.105427357601002e-15,0.0,0.0,0.0,0.0,0.0,0.0,79.98937180135785,0.0,0.0,0.0,0.0,0.0,0.0
15,3.75,R9Z8,113.14143631208262,0.0,0.0,21.30546857781826,56.624793337916444,-3.552713678800501e-15,0.0,0.0,41.262186508162216,0.0,0.0,0.0,74.74143408392119,0.0,0.0,0.0,0.0,0.0,0.0
15,3.75,R9Z9,118.58377499824297,0.0,0.0,0.0,0.0,13.889013363003402,61.2268488339126,0.0,0.0,0.0,0.0,0.0,169.613033003524,0.0,0.0,0.0,0.0,0.0,0.0
15,3.75,R9Z10,104.54737766190381,0.0,0.0,11.922352613415313,147.00538010856062,0.0,0.0,0.0,0.0,0.0,0.0,0.0,0.0,0.0,0.0,0.0,0.0,0.0,0.0
15,3.75,R9Z11,121.98737444560574,0.0,0.0,0.0,120.21475975622147,7.525826303550188,119.78524024377853,0.0,0.0,0.0,0.0,0.0,167.62738926646927,0.0,0.0,0.0,0.0,0.0,0.0
15,3.75,R10Z1,123.58536671844556,0.0,0.0,9.622071752081524,90.4076843279335,-3.552713678800501e-15,0.0,0.0,0.0,0.0,0.0,0.0,73.48077594507366,61.56629555382387,0.0,640.0,0.0,0.0,0.0
15,3.75,R10Z2,102.22502559608552,0.0,0.0,13.765994822353122,168.55458775914371,-7.105427357601002e-15,0.0,0.0,0.0,0.0,0.0,0.0,174.99466193366325,2.354085651465958,0.0,640.0,0.0,0.0,0.0
15,3.75,R10Z3,121.81749734663349,0.0,0.0,27.50373086263795,116.73014514554936,7.105427357601002e-15,0.0,0.0,0.0,0.0,0.0,0.0,84.11905362827105,0.0,0.0,0.0,0.0,0.0,0.0
15,3.75,R10Z4,146.66006037488438,0.0,0.0,5.717121175585582,41.49607818903693,-3.552713678800501e-15,0.0,0.0,82.52437301632443,0.0,0.0,0.0,85.28756173848059,0.0,0.0,0.0,0.0,0.0,0.0
15,3.75,R10Z5,92.137719185142,0.0,0.0,0.0,0.0,6.90459118263836,138.1353017075738,0.0,82.52437301632443,0.0,0.0,0.0,0.0,0.0,0.0,0.0,0.0,0.0,0.0
15,3.75,R10Z6,68.41851200346807,0.0,0.0,0.0,0.0,11.142199652464713,43.51509645812541,0.0,82.52437301632443,0.0,0.0,0.0,72.35827312372861,0.0,0.0,0.0,0.0,0.0,0.0
15,3.75,R10Z7,118.8517662744345,0.0,0.0,0.0,0.0,2.9174068249835834,127.2636439496582,0.0,82.52437301632443,0.0,0.0,0.0,87.53720891146108,0.0,0.0,0.0,0.0,0.0,0.0
15,3.75,R10Z8,134.1550363076709,0.0,0.0,0.0,0.0,8.370031852872554,48.61444274237037,0.0,0.0,0.0,0.0,0.0,84.70683626350528,0.0,0.0,0.0,0.0,0.0,0.0
15,3.75,R10Z9,148.24614226251845,0.0,0.0,5.673736986686549,66.14046516405834,0.0,0.0,0.0,41.262186508162216,0.0,0.0,0.0,0.0,0.0,0.0,0.0,0.0,0.0,0.0
15,3.75,R11Z1,139.9772341221204,0.0,135.0,0.0,0.0,20.213049150537344,140.00912211724966,0.0,82.52437301632443,0.0,0.0,0.0,165.36916166923055,0.0,0.0,0.0,0.0,0.0,0.0
15,3.75,R11Z2,111.0159140995863,0.0,135.0,9.247567084005738,53.59057976366791,1.7763568394002505e-15,0.0,0.0,41.262186508162216,0.0,0.0,0.0,72.42762790078483,0.0,0.0,0.0,0.0,0.0,0.0
15,3.75,R11Z3,187.73787963117718,0.0,0.0,0.0,0.0,8.384780273101034,54.24826805040142,0.0,41.262186508162216,0.0,0.0,0.0,0.0,0.0,0.0,0.0,0.0,0.0,0.0
15,3.75,R11Z4,137.967295962373,0.0,0.0,27.938051341332454,191.1454487353167,3.552713678800501e-15,0.0,0.0,0.0,0.0,0.0,0.0,83.97434756440228,0.0,0.0,0.0,0.0,0.0,0.0
15,3.75,R11Z5,92.80236076874219,0.0,0.0,7.035446901384617,56.325338680614514,-2.6645352591003757e-15,0.0,0.0,41.262186508162216,0.0,0.0,0.0,91.94768128331414,0.0,0.0,0.0,0.0,0.0,0.0
15,3.75,R11Z6,112.8707304135297,0.0,0.0,0.0,0.0,7.7931301124471855,102.25917488405676,0.0,0.0,0.0,0.0,0.0,0.0,0.0,0.0,0.0,0.0,0.0,0.0
15,3.75,R11Z7,107.28440711017474,0.0,0.0,0.0,0.0,10.326766778326006,68.51174462100144,0.0,41.262186508162216,0.0,0.0,0.0,0.0,0.0,0.0,0.0,0.0,0.0,0.0
15,3.75,R11Z8,113.75305997649842,0.0,0.0,0.0,86.56411311668286,17.036828339033427,119.8826514476459,0.0,41.262186508162216,0.0,0.0,0.0,165.20927160741502,0.0,0.0,0.0,0.0,0.0,0.0
15,3.75,R12Z1,109.88040376177489,0.0,135.0,9.014559571671626,117.79278483160442,0.0,0.0,0.0,82.52437301632443,0.0,0.0,0.0,142.62011600113613,0.0,0.0,0.0,0.0,0.0,0.0
15,3.75,R12Z2,129.95925453217342,0.0,135.0,0.0,0.0,2.701425495637766,72.345961161731,0.0,41.262186508162216,0.0,0.0,0.0,90.97198110605865,0.0,0.0,0.0,0.0,0.0,0.0
15,3.75,R12Z3,102.43454369483524,0.0,0.0,0.0,0.0,23.620151696147452,42.35959478536707,0.0,41.262186508162216,0.0,0.0,0.0,165.6081656365372,0.0,0.0,0.0,0.0,0.0,0.0
15,3.75,R12Z4,116.95205460602436,0.0,0.0,0.0,0.0,37.74328782066188,43.00875024064156,0.0,0.0,0.0,0.0,0.0,0.0,0.0,0.0,0.0,0.0,0.0,0.0
15,3.75,R12Z5,144.08932343415225,0.0,0.0,7.778118023440186,76.83390848414592,8.881784197001252e-16,0.0,0.0,0.0,0.0,0.0,0.0,156.05834339356437,0.0,0.0,0.0,0.0,0.0,0.0
15,3.75,R12Z6,111.31939178765151,0.0,0.0,0.0,125.49098928485463,15.623428815070623,44.591538694326175,0.0,0.0,0.0,0.0,0.0,0.0,0.0,0.0,0.0,0.0,0.0,0.0
15,3.75,R12Z7,100.76328076137408,0.0,0.0,23.318175899781238,87.91091253310321,0.0,0.0,0.0,82.52437301632443,0.0,0.0,0.0,0.0,0.0,0.0,0.0,0.0,0.0,0.0
15,3.75,R12Z8,197.6817210800085,0.0,0.0,0.0,0.0,9.31853160973178,65.45543884039935,0.0,0.0,0.0,0.0,0.0,75.37714280412327,0.0,0.0,0.0,0.0,0.0,0.0
15,3.75,R12Z9,128.26692139331024,0.0,0.0,6.243796012341676,149.26181492436302,-1.3322676295501878e-14,0.0,0.0,82.52437301632443,0.0,0.0,0.0,171.02493659570578,0.0,0.0,0.0,0.0,0.0,0.0
16,4.0,R1Z1,76.17188732042379,0.0,0.0,23.39882690114098,109.56469087204022,1.4210854715202004e-14,0.0,0.0,99.24537865358074,0.0,0.0,0.0,156.22821557606687,0.0,0.0,600.6041181554755,0.0,0.0,0.0
16,4.0,R1Z2,99.87872996019557,0.0,0.0,4.182777197232497,195.66246362112003,3.552713678800501e-15,0.0,0.0,99.24537865358074,0.0,90.0,0.0,116.17537050300925,0.0,0.0,0.0,0.0,0.0,0.0
16,4.0,R1Z3,163.38437320272658,0.0,0.0,22.824515994271238,85.21423355280211,3.552713678800501e-15,0.0,0.0,49.62268932679037,0.0,90.0,0.0,74.6759671966261,0.0,0.0,0.0,0.0,0.0,0.0
16,4.0,R1Z4,87.42173862554219,0.0,0.0,21.891256374080797,143.30549393186573,-1.0658141036401503e-14,0.0,0.0,99.24537865358074,0.0,0.0,0.0,0.0,0.0,0.0,0.0,0.0,0.0,0.0
16,4.0,R1Z5,122.05430665836978,0.0,0.0,8.963454073367572,56.17408229834929,-5.329070518200751e-15,0.0,0.0,99.24537865358074,0.0,0.0,0.0,0.0,0.0,0.0,0.0,0.0,0.0,0.0
16,4.0,R1Z6,90.03252301184597,0.0,0.0,6.320746284248358,112.31929347507317,2.6645352591003757e-15,0.0,0.0,0.0,0.0,2.91036377057695,0.0,26.760807635102633,0.0,0.0,0.0,0.0,0.0,0.0
16,4.0,R1Z7,128.40791140401922,0.0,0.0,7.132838990663259,58.18863211821338,5.329070518200751e-15,0.0,0.0,49.62268932679037,0.0,45.0,0.0,69.85121869200054,0.0,0.0,0.0,0.0,0.0,0.0
16,4.0,R1Z8,72.72396043261105,0.0,0.0,6.667454357634,158.27839036379075,-8.881784197001252e-15,0.0,0.0,0.0,0.0,0.0,0.0,0.0,0.0,0.0,0.0,0.0,0.0,0.0
16,4.0,R1Z9,130.313853026117,0.0,0.0,15.723354626430535,92.76249236650693,-1.7763568394002505e-15,0.0,0.0,0.0,0.0,0.0,0.0,78.15231804859037,0.0,0.0,0.0,0.0,0.0,0.0
16,4.0,R1Z10,117.9785635493523,0.0,0.0,17.442689624375816,48.429228831523375,-7.105427357601002e-15,0.0,0.0,0.0,0.0,0.0,0.0,89.28074925526546,0.0,0.0,0.0,0.0,0.0,0.0
16,4.0,R2Z1,117.69620993217532,0.0,135.0,46.78881360025012,94.75018341155489,1.4210854715202004e-14,0.0,0.0,0.0,0.0,0.0,0.0,76.8655829705873,2.354085651465958,0.0,640.0,0.0,0.0,0.0
16,4.0,R2Z2,97.01700460576905,0.0,135.0,23.252401057118078,56.410015938997915,-3.552713678800501e-15,0.0,0.0,0.0,0.0,0.0,0.0,83.07840954079168,2.354085651465958,0.0,640.0,0.0,0.0,0.0
16,4.0,R2Z3,113.35896957724862,0.0,0.0,0.0,0.0,21.298968488149203,55.13009531233928,0.0,49.62268932679037,0.0,0.0,0.0,71.91611218166403,0.0,0.0,0.0,0.0,0.0,0.0
16,4.0,R2Z4,151.19732667053535,0.0,0.0,8.107982169196987,142.32994812150287,-1.7763568394002505e-15,0.0,0.0,99.24537865358074,0.0,0.0,0.0,0.0,0.0,0.0,0.0,0.0,0.0,0.0
16,4.0,R2Z5,114.62923519313303,0.0,0.0,0.0,26.94546384421659,13.131072242207454,53.89954287565027,0.0,49.62268932679037,0.0,0.0,0.0,0.0,0.0,0.0,0.0,0.0,0.0,0.0
16,4.0,R2Z6,109.06309577174905,0.0,0.0,20.42062878456435,36.77769389783077,0.0,0.0,0.0,99.24537865358074,0.0,0.0,0.0,173.64036934801018,0.0,0.0,0.0,0.0,0.0,0.0
16,4.0,R2Z7,134.55980252808524,0.0,0.0,0.0,0.0,10.955614957221187,53.91142664219669,0.0,99.24537865358074,0.0,0.0,0.0,88.71986146449757,0.0,0.0,0.0,0.0,0.0,0.0
16,4.0,R2Z8,130.97148621601264,0.0,0.0,0.0,0.0,34.25436061824396,60.08587976195918,0.0,0.0,0.0,0.0,0.0,91.4226398911434,0.0,0.0,0.0,0.0,0.0,0.0
16,4.0,R2Z9,63.064867369464146,0.0,0.0,0.0,0.0,9.391140852250818,166.2049300810786,0.0,49.62268932679037,0.0,0.0,0.0,83.6166757248088,0.0,0.0,0.0,0.0,0.0,0.0
16,4.0,R3Z1,99.69525420443196,0.0,0.0,0.0,0.0,20.22073921698785,53.73072183310893,0.0,0.0,0.0,0.0,0.0,0.0,0.0,0.0,0.0,0.0,0.0,0.0
16,4.0,R3Z2,109.2138821033933,0.0,0.0,0.0,0.0,27.41512630383653,168.9830204364792,0.0,99.24537865358074,0.0,0.0,0.0,166.5521941171353,0.0,0.0,0.0,0.0,0.0,0.0
16,4.0,R3Z3,127.31307924516086,0.0,0.0,12.23613993880955,38.99684203456389,3.552713678800501e-15,0.0,0.0,49.62268932679037,0.0,0.0,0.0,0.0,0.0,0.0,0.0,0.0,0.0,0.0
16,4.0,R4Z1,119.07964471640594,0.0,135.0,0.0,0.0,11.991928260548846,110.95731607550984,0.0,99.24537865358074,0.0,0.0,0.0,82.39932663795362,0.0,0.0,0.0,0.0,0.0,0.0
16,4.0,R4Z2,154.59815720344676,0.0,0.0,0.0,0.0,33.5627657587545,9.221827574347651,0.0,99.24537865358074,0.0,0.0,0.0,162.89167584076995,0.0,0.0,0.0,0.0,0.0,0.0
16,4.0,R4Z3,115.4154364847469,0.0,0.0,0.0,0.0,15.215945851461871,211.39249168322476,0.0,0.0,0.0,0.0,0.0,0.0,0.0,0.0,0.0,0.0,0.0,0.0
16,4.0,R4Z4,132.5150397822674,0.0,0.0,9.740936684057786,80.0,5.329070518200751e-15,0.0,0.0,0.0,0.0,0.0,0.0,0.0,0.0,0.0,0.0,0.0,0.0,0.0
16,4.0,R4Z5,132.8685919343552,0.0,0.0,9.122834671243623,174.43036114652207,-7.105427357601002e-15,0.0,0.0,99.24537865358074,0.0,0.0,0.0,0.0,0.0,0.0,0.0,0.0,0.0,0.0
16,4.0,R4Z6,133.57621440717236,0.0,0.0,0.0,0.0,21.077476114401993,49.206644189512005,0.0,99.24537865358074,0.0,0.0,0.0,155.02911371009253,0.0,0.0,0.0,0.0,0.0,0.0
16,4.0,R4Z7,127.6759948027967,0.0,0.0,20.48492988517222,240.0,3.552713678800501e-15,0.0,0.0,99.24537865358074,0.0,0.0,0.0,0.0,0.0,0.0,0.0,0.0,0.0,0.0
16,4.0,R4Z8,130.4518096109833,0.0,0.0,0.0,0.0,18.72971743250609,74.39893068050664,0.0,99.24537865358074,0.0,0.0,0.0,0.0,0.0,0.0,0.0,0.0,0.0,0.0
16,4.0,R4Z9,123.40187565906105,0.0,0.0,17.23882754363234,171.93204371917943,0.0,0.0,0.0,0.0,0.0,0.0,0.0,89.73249382419546,0.0,0.0,0.0,0.0,0.0,0.0
16,4.0,R4Z10,127.25219164679358,0.0,0.0,0.0,0.0,8.737382631363225,53.28013004265716,0.0,0.0,0.0,0.0,0.0,91.4126654555632,0.0,0.0,0.0,0.0,0.0,0.0
16,4.0,R4Z11,159.2896851303089,0.0,0.0,0.0,51.81116120963428,10.937548878643268,27.66980209476519,0.0,49.62268932679037,0.0,0.0,0.0,84.56932871831744,0.0,0.0,0.0,0.0,0.0,0.0
16,4.0,R5Z1,85.61573322495849,0.0,135.0,0.0,0.0,30.15114662770451,68.71149148625564,0.0,0.0,0.0,0.0,0.0,73.83225503700405,0.0,0.0,0.0,0.0,0.0,0.0
16,4.0,R5Z2,114.37978177669524,0.0,135.0,0.0,0.0,7.1546654640777865,37.59714698543092,0.0,49.62268932679037,0.0,0.0,0.0,175.67083637100876,0.0,0.0,0.0,0.0,0.0,0.0
16,4.0,R5Z3,156.9215259798084,0.0,0.0,0.0,23.598908124806798,32.38024832405277,160.12972198810118,0.0,49.62268932679037,0.0,0.0,0.0,149.0027084145366,0.0,0.0,0.0,0.0,0.0,0.0
16,4.0,R5Z4,143.8814073703165,0.0,0.0,24.131628642458978,53.31955974464654,0.0,0.0,0.0,99.24537865358074,0.0,0.0,0.0,0.0,0.0,0.0,0.0,0.0,0.0,0.0
16,4.0,R5Z5,128.0635291733255,0.0,0.0,11.025958361607309,54.655775137853865,-5.329070518200751e-15,0.0,0.0,49.62268932679037,0.0,0.0,0.0,81.975322680181,0.0,0.0,0.0,0.0,0.0,0.0
16,4.0,R5Z6,123.35554596530643,0.0,0.0,0.0,0.0,10.601306846112939,84.73811196087594,0.0,99.24537865358074,0.0,0.0,0.0,166.40248494303026,0.0,0.0,0.0,0.0,0.0,0.0
16,4.0,R5Z7,115.4801418194888,0.0,0.0,0.0,0.0,21.36818673572127,27.092288995135018,0.0,0.0,0.0,0.0,0.0,90.27932242464908,0.0,0.0,0.0,0.0,0.0,0.0
16,4.0,R5Z8,104.53727574619674,0.0,0.0,0.0,0.0,18.81289369936078,135.78604362578955,0.0,49.62268932679037,0.0,0.0,0.0,168.03115901175158,0.0,0.0,0.0,0.0,0.0,0.0
16,4.0,R5Z9,158.59414919854925,0.0,0.0,23.110628147947835,175.27370275162247,0.0,0.0,0.0,0.0,0.0,0.0,0.0,87.54584702273796,0.0,0.0,0.0,0.0,0.0,0.0
16,4.0,R6Z1,118.04298647433559,0.0,135.0,15.884952854033571,32.164594076771834,-3.552713678800501e-15,0.0,0.0,0.0,0.0,0.0,0.0,0.0,2.354085651465958,0.0,640.0,0.0,0.0,0.0
16,4.0,R6Z2,152.86831900499826,0.0,135.0,27.273580393742538,28.441374788432707,3.552713678800501e-15,0.0,0.0,99.24537865358074,0.0,0.0,0.0,142.61475786193026,2.354085651465958,0.0,640.0,0.0,0.0,0.0
16,4.0,R6Z3,116.47736048827565,0.0,0.0,25.132782014620688,65.71007296869692,0.0,0.0,0.0,49.62268932679037,0.0,0.0,0.0,83.99392120974936,0.0,0.0,0.0,0.0,0.0,0.0
16,4.0,R6Z4,134.22549886803313,0.0,0.0,0.0,0.0,10.297665701198955,141.0504326238336,0.0,49.62268932679037,0.0,0.0,0.0,79.64422649336241,0.0,0.0,0.0,0.0,0.0,0.0
16,4.0,R7Z1,102.17165681340244,0.0,135.0,0.0,0.0,20.965404718497343,169.27415211872105,0.0,49.62268932679037,0.0,0.0,0.0,0.0,2.354085651465958,0.0,640.0,0.0,0.0,0.0
16,4.0,R7Z2,106.85770297996301,0.0,135.0,0.0,0.0,23.61406018984868,24.915216276838503,0.0,0.0,0.0,0.0,0.0,169.79533215299986,0.0,0.0,0.0,0.0,0.0,0.0
16,4.0,R7Z3,72.54540125713464,0.0,0.0,0.0,0.0,8.536778806352592,151.2945651591649,0.0,99.24537865358074,0.0,0.0,0.0,145.00677669514883,0.0,0.0,0.0,0.0,0.0,0.0
16,4.0,R7Z4,151.4128293682591,0.0,0.0,0.0,0.0,21.102464986629208,29.771607367923632,0.0,49.62268932679037,0.0,0.0,0.0,70.7505750441127,0.0,0.0,0.0,0.0,0.0,0.0
16,4.0,R7Z5,155.15409889145968,0.0,0.0,0.0,0.0,10.580654698633573,41.571276431483426,0.0,99.24537865358074,0.0,0.0,0.0,0.0,0.0,0.0,0.0,0.0,0.0,0.0
16,4.0,R7Z6,121.15953827132037,0.0,0.0,0.0,0.0,18.102436571303095,96.66241807601729,0.0,99.24537865358074,0.0,0.0,0.0,0.0,0.0,0.0,0.0,0.0,0.0,0.0
16,4.0,R7Z7,109.37753119193924,0.0,0.0,0.0,0.0,22.39435727450098,122.67702195003258,0.0,0.0,0.0,0.0,0.0,71.0680796369345,0.0,0.0,0.0,0.0,0.0,0.0
16,4.0,R7Z8,149.04428378510357,0.0,0.0,0.0,0.0,22.893382273570477,100.9686818532959,0.0,99.24537865358074,0.0,0.0,0.0,150.95402799162326,0.0,0.0,0.0,0.0,0.0,0.0
16,4.0,R7Z9,105.96228057105024,0.0,0.0,24.31328368101903,102.83448540248465,0.5287415785152412,0.0,0.0,99.24537865358074,0.0,0.0,0.0,82.53563035895414,0.0,0.0,0.0,0.0,0.0,0.0
16,4.0,R8Z1,148.48089841472066,0.0,135.0,0.0,0.0,22.54704609291843,115.41421893176692,0.0,49.62268932679037,0.0,0.0,0.0,87.88677287962625,2.354085651465958,0.0,640.0,0.0,0.0,0.0
16,4.0,R8Z2,126.4609880067051,0.0,135.0,19.474763672524773,205.16112131251433,3.552713678800501e-15,0.0,0.0,49.62268932679037,0.0,0.0,0.0,153.10643634356222,0.0,0.0,0.0,0.0,0.0,0.0
16,4.0,R8Z3,84.70894185075461,0.0,0.0,12.94480402800528,80.5193412786808,14.027423750280917,0.0,0.0,49.62268932679037,0.0,0.0,0.0,179.1236804745256,0.0,0.0,0.0,0.0,0.0,0.0
16,4.0,R8Z4,71.37734268915138,0.0,0.0,0.0,71.37734268915138,24.258011273997422,88.62265731084862,0.0,0.0,0.0,0.0,0.0,0.0,0.0,0.0,0.0,0.0,0.0,0.0
16,4.0,R8Z5,162.03984287798227,0.0,0.0,0.0,39.93033887750954,16.123176710656683,56.037591055793314,0.0,49.62268932679037,0.0,0.0,0.0,89.14133080614707,0.0,0.0,0.0,0.0,0.0,0.0
16,4.0,R8Z6,124.27811627081974,0.0,0.0,8.073791874507108,119.10945967396833,3.552713678800501e-15,0.0,0.0,49.62268932679037,0.0,0.0,0.0,0.0,0.0,0.0,0.0,0.0,0.0,0.0
16,4.0,R8Z7,83.40375796494239,0.0,0.0,0.0,0.0,29.628011011833046,47.565965211947166,0.0,0.0,0.0,0.0,0.0,82.5879594107643,0.0,0.0,0.0,0.0,0.0,0.0
16,4.0,R8Z8,164.61853034712692,0.0,0.0,0.0,0.0,25.42754059752463,194.8898610651206,0.0,49.62268932679037,0.0,0.0,0.0,87.80881092867897,0.0,0.0,0.0,0.0,0.0,0.0
16,4.0,R9Z1,106.01672344545219,0.0,135.0,0.0,0.0,4.697949463529359,35.02478254643084,0.0,49.62268932679037,0.0,0.0,0.0,0.0,2.354085651465958,0.0,640.0,0.0,0.0,0.0
16,4.0,R9Z2,118.53525343824731,0.0,135.0,7.724799686073084,131.93781033558852,1.1546319456101628e-14,0.0,0.0,49.62268932679037,0.0,0.0,0.0,78.08354090730808,2.354085651465958,0.0,640.0,0.0,0.0,0.0
16,4.0,R9Z3,159.16583259304065,0.0,0.0,0.0,0.0,20.779842624509445,65.33942017577108,0.0,99.24537865358074,0.0,0.0,0.0,143.53225504764123,0.0,0.0,0.0,0.0,0.0,0.0
16,4.0,R9Z4,119.87734945737463,0.0,0.0,14.80119213370105,193.49740720676184,-1.4210854715202004e-14,0.0,0.0,49.62268932679037,0.0,0.0,0.0,75.28374829375954,0.0,0.0,0.0,0.0,0.0,0.0
16,4.0,R9Z5,120.61676531004274,0.0,0.0,0.0,70.99407598325237,13.215812252390545,94.42626707581687,0.0,49.62268932679037,0.0,0.0,0.0,156.79753970362694,0.0,0.0,0.0,0.0,0.0,0.0
16,4.0,R9Z6,130.85797574941563,0.0,0.0,0.0,0.0,5.667505544608765,33.152315997365875,0.0,49.62268932679037,0.0,0.0,0.0,166.71128186303648,0.0,0.0,0.0,0.0,0.0,0.0
16,4.0,R9Z7,131.8919610504118,0.0,0.0,21.972001457233432,69.39457643831757,0.0,0.0,0.0,0.0,0.0,0.0,0.0,79.89992549622607,0.0,0.0,0.0,0.0,0.0,0.0
16,4.0,R9Z8,113.78166061458096,0.0,0.0,17.959469969063058,38.66355409727898,3.552713678800501e-15,0.0,0.0,49.62268932679037,0.0,0.0,0.0,74.65785616639911,0.0,0.0,0.0,0.0,0.0,0.0
16,4.0,R9Z9,110.93039585969717,0.0,0.0,0.0,0.0,21.37037361705983,40.66885014838006,0.0,0.0,0.0,0.0,0.0,169.4233670671289,0.0,0.0,0.0,0.0,0.0,0.0
16,4.0,R9Z10,101.73519369209707,0.0,0.0,13.240168492836744,186.36306129956094,1.2434497875801753e-14,0.0,0.0,0.0,0.0,0.0,0.0,0.0,0.0,0.0,0.0,0.0,0.0,0.0
16,4.0,R9Z11,152.79190301562278,0.0,0.0,0.0,76.79229051943874,8.19283331256673,128.65378462709072,0.0,0.0,0.0,0.0,0.0,167.43994373125483,0.0,0.0,0.0,0.0,0.0,0.0
16,4.0,R10Z1,120.40830571118214,0.0,0.0,0.0,0.0,7.604541803760252,107.22818814251383,0.0,0.0,0.0,0.0,0.0,73.39860772999097,2.354085651465958,0.0,640.0,0.0,0.0,0.0
16,4.0,R10Z2,89.02609090964187,0.0,0.0,0.0,155.3471784585702,12.506165329725308,3.705813930313724,0.0,0.0,0.0,0.0,0.0,174.79897811248483,2.354085651465958,0.0,640.0,0.0,0.0,0.0
16,4.0,R10Z3,133.9806306673779,0.0,0.0,0.0,0.0,24.974575633005045,81.27482137907941,0.0,0.0,0.0,0.0,0.0,84.02498939987686,0.0,0.0,0.0,0.0,0.0,0.0
16,4.0,R10Z4,133.03065953329917,0.0,0.0,0.0,0.0,6.90521635545942,30.41262691428081,0.0,99.24537865358074,0.0,0.0,0.0,85.19219085233149,0.0,0.0,0.0,0.0,0.0,0.0
16,4.0,R10Z5,90.22317263802299,0.0,0.0,0.0,26.02622103929876,9.626661194016688,136.01013847467306,0.0,99.24537865358074,0.0,0.0,0.0,0.0,0.0,0.0,0.0,0.0,0.0,0.0
16,4.0,R10Z6,85.82904393788867,0.0,0.0,0.0,0.0,10.04704453518885,48.04453569478674,0.0,99.24537865358074,0.0,0.0,0.0,72.2773601220275,0.0,0.0,0.0,0.0,0.0,0.0
16,4.0,R10Z7,98.27685276505274,0.0,0.0,8.41753488468244,102.11447461389892,-1.7763568394002505e-15,0.0,0.0,99.24537865358074,0.0,0.0,0.0,87.43932240826258,0.0,0.0,0.0,0.0,0.0,0.0
16,4.0,R10Z8,124.94158474233714,0.0,0.0,0.0,0.0,7.458659963419835,51.82724870603195,0.0,0.0,0.0,0.0,0.0,84.61211476047875,0.0,0.0,0.0,0.0,0.0,0.0
16,4.0,R10Z9,135.23907924953005,0.0,0.0,0.0,0.0,4.757897978674578,81.8669100776306,0.0,49.62268932679037,0.0,0.0,0.0,0.0,0.0,0.0,0.0,0.0,0.0,0.0
16,4.0,R11Z1,164.19412197480833,0.0,135.0,18.234927051960966,179.888361497282,-7.105427357601002e-15,0.0,0.0,99.24537865358074,0.0,0.0,0.0,165.1842413459308,0.0,0.0,0.0,0.0,0.0,0.0
16,4.0,R11Z2,109.77289115470907,0.0,135.0,0.0,0.0,11.196878915441483,58.28170518962365,0.0,49.62268932679037,0.0,0.0,0.0,72.34663734467354,0.0,0.0,0.0,0.0,0.0,0.0
16,4.0,R11Z3,168.75630591877342,0.0,0.0,0.0,0.0,8.386416730848886,57.73423553530396,0.0,49.62268932679037,0.0,0.0,0.0,0.0,0.0,0.0,0.0,0.0,0.0,0.0
16,4.0,R11Z4,142.113210594679,0.0,0.0,0.0,0.0,18.65705603871001,97.96012324541249,0.0,0.0,0.0,0.0,0.0,83.8804451502898,0.0,0.0,0.0,0.0,0.0,0.0
16,4.0,R11Z5,82.48478875472037,0.0,0.0,0.0,0.0,8.519744356748022,38.78819433641179,0.0,49.62268932679037,0.0,0.0,0.0,91.84486286917969,0.0,0.0,0.0,0.0,0.0,0.0
16,4.0,R11Z6,101.9090010125864,0.0,0.0,10.473246676643242,133.95397073887636,-1.2434497875801753e-14,0.0,0.0,0.0,0.0,0.0,0.0,0.0,0.0,0.0,0.0,0.0,0.0,0.0
16,4.0,R11Z7,145.81943127878552,0.0,0.0,0.0,0.0,5.791759422707208,88.7851998138446,0.0,49.62268932679037,0.0,0.0,0.0,0.0,0.0,0.0,0.0,0.0,0.0,0.0
16,4.0,R11Z8,98.42133340617049,0.0,0.0,0.6803789146808299,177.54712827383807,18.43411088170057,0.0,0.0,49.62268932679037,0.0,0.0,0.0,165.02453007755912,0.0,0.0,0.0,0.0,0.0,0.0
16,4.0,R12Z1,112.68263567175386,0.0,135.0,0.0,0.0,29.633927593892434,92.5223378828496,0.0,99.24537865358074,0.0,0.0,0.0,142.46063428342185,0.0,0.0,0.0,0.0,0.0,0.0
16,4.0,R12Z2,110.02549032359478,0.0,135.0,0.0,0.0,7.867077602815546,134.02599231221143,0.0,49.62268932679037,0.0,0.0,0.0,90.87025374657067,0.0,0.0,0.0,0.0,0.0,0.0
16,4.0,R12Z3,114.18264582315521,0.0,0.0,35.60043254282027,14.87007400099888,0.0,0.0,0.0,49.62268932679037,0.0,0.0,2.9523995370233536,164.65705316713493,0.0,0.0,0.0,0.0,0.0,0.0
16,4.0,R12Z4,128.73540802014344,0.0,0.0,29.09246210061997,43.373001322987875,-3.552713678800501e-15,0.0,0.0,0.0,0.0,0.0,0.0,0.0,0.0,0.0,0.0,0.0,0.0,0.0
16,4.0,R12Z5,139.5202718986269,0.0,0.0,4.275507153250771,68.25373615479864,-4.440892098500626e-15,0.0,0.0,0.0,0.0,0.0,0.0,155.8838346821295,0.0,0.0,0.0,0.0,0.0,0.0
16,4.0,R12Z6,142.89791478207022,0.0,0.0,14.111059523600716,83.19045336032734,0.0,0.0,0.0,0.0,0.0,0.0,0.0,0.0,0.0,0.0,0.0,0.0,0.0,0.0
16,4.0,R12Z7,115.65758991971502,0.0,0.0,17.447800755234823,25.769756025495383,0.0,0.0,0.0,99.24537865358074,0.0,0.0,0.0,0.0,0.0,0.0,0.0,0.0,0.0,0.0
16,4.0,R12Z8,168.5147288590088,0.0,0.0,13.113441275160213,53.80014186706758,1.7763568394002505e-15,0.0,0.0,0.0,0.0,0.0,0.0,75.29285401970873,0.0,0.0,0.0,0.0,0.0,0.0
16,4.0,R12Z9,130.85023248655307,0.0,0.0,7.812983661548351,60.22350681987145,1.7763568394002505e-15,0.0,0.0,99.24537865358074,0.0,0.0,0.0,170.83369183006528,0.0,0.0,0.0,0.0,0.0,0.0
17,4.25,R1Z1,75.37104144570533,0.0,0.0,15.501228611988068,148.79533979441982,-7.105427357601002e-15,0.0,0.0,83.87557699415255,0.0,0.0,0.0,156.05351690890754,0.0,0.0,600.0889722800651,0.0,0.0,0.0
17,4.25,R1Z2,92.53136076512658,0.0,0.0,6.0453070400620845,117.6013066874163,7.105427357601002e-15,0.0,0.0,83.87557699415255,0.0,0.0,0.0,116.04546002359437,0.0,0.0,0.0,0.0,0.0,0.0
17,4.25,R1Z3,169.25476845304598,0.0,0.0,20.427897055167392,4.855753054500729,3.552713678800501e-15,0.0,0.0,41.937788497076276,0.0,0.0,90.0,51.24425408303405,0.0,0.0,0.0,0.0,0.0,0.0
17,4.25,R1Z4,88.96524277034315,0.0,0.0,19.970972094293987,0.0,0.0,0.0,0.0,83.87557699415255,0.0,0.0,0.0,0.0,0.0,0.0,0.0,0.0,0.0,0.0
17,4.25,R1Z5,106.25512297527024,0.0,0.0,16.68984181579247,54.23757524501425,3.552713678800501e-15,0.0,0.0,83.87557699415255,0.0,0.0,0.0,0.0,0.0,0.0,0.0,0.0,0.0,0.0
17,4.25,R1Z6,105.41285769030867,0.0,0.0,7.594645000604473,92.10115726218787,-2.6645352591003757e-15,0.0,0.0,0.0,0.0,0.0,0.0,26.730882967469956,0.0,0.0,0.0,0.0,0.0,0.0
17,4.25,R1Z7,133.75704344496026,0.0,0.0,13.725843161049326,30.222120845084675,-3.552713678800501e-15,0.0,0.0,41.937788497076276,0.0,0.0,45.0,58.099004945723976,0.0,0.0,0.0,0.0,0.0,0.0
17,4.25,R1Z8,78.83106603271028,0.0,0.0,3.176536261889879,142.22647749577513,-1.3322676295501878e-15,0.0,0.0,0.0,0.0,0.0,0.0,0.0,0.0,0.0,0.0,0.0,0.0,0.0
17,4.25,R1Z9,121.3320261216079,0.0,0.0,17.25710165004574,81.67654585925978,0.0,0.0,0.0,0.0,0.0,0.0,28.13517792471562,70.76597045791888,0.0,0.0,0.0,0.0,0.0,0.0
17,4.25,R1Z10,119.73541042287505,0.0,0.0,15.45291082225977,2.534010479033655,-1.7763568394002505e-15,0.0,0.0,0.0,0.0,0.0,90.0,65.83270467459245,0.0,0.0,0.0,0.0,0.0,0.0
17,4.25,R2Z1,121.01040291889552,0.0,135.0,41.37861277374998,94.36447954764978,-7.105427357601002e-15,0.0,0.0,0.0,0.0,0.0,0.0,76.7796297716349,2.354085651465958,0.0,640.0,0.0,0.0,0.0
17,4.25,R2Z2,97.89564520862426,0.0,135.0,26.433052535867503,41.32416146296721,3.552713678800501e-15,0.0,0.0,0.0,0.0,0.0,0.0,82.98550898910212,2.354085651465958,0.0,640.0,0.0,0.0,0.0
17,4.25,R2Z3,121.5891320286938,0.0,0.0,39.75798438914356,43.09384344917663,7.105427357601002e-15,0.0,0.0,41.937788497076276,0.0,0.0,0.0,71.83569361643181,0.0,0.0,0.0,0.0,0.0,0.0
17,4.25,R2Z4,155.88934919612805,0.0,0.0,0.0,0.0,9.126026985250872,190.00300281502103,0.0,83.87557699415255,0.0,0.0,0.0,0.0,0.0,0.0,0.0,0.0,0.0,0.0
17,4.25,R2Z5,113.90266797482323,0.0,0.0,0.0,0.0,12.55808995894728,96.98644309671599,0.0,41.937788497076276,0.0,0.0,0.0,0.0,0.0,0.0,0.0,0.0,0.0,0.0
17,4.25,R2Z6,80.06154502447082,0.0,0.0,0.0,0.0,20.704978129217473,123.8425676444816,0.0,83.87557699415255,0.0,0.0,0.0,173.4461999338727,0.0,0.0,0.0,0.0,0.0,0.0
17,4.25,R2Z7,116.53167573245449,0.0,0.0,0.0,0.0,8.911059810480536,54.803551506716545,0.0,83.87557699415255,0.0,0.0,0.0,88.62065248684102,0.0,0.0,0.0,0.0,0.0,0.0
17,4.25,R2Z8,124.40270938300797,0.0,0.0,0.0,0.0,32.35071699955251,56.78018925936129,0.0,0.0,0.0,0.0,0.0,91.32040859266586,0.0,0.0,0.0,0.0,0.0,0.0
17,4.25,R2Z9,67.08451526061229,0.0,0.0,7.884688947933427,184.9785889177375,-2.6645352591003757e-15,0.0,0.0,41.937788497076276,0.0,0.0,0.0,83.52317326913807,0.0,0.0,0.0,0.0,0.0,0.0
17,4.25,R3Z1,93.64341766078148,0.0,0.0,48.891175038716746,46.11595323278582,0.0,0.0,0.0,0.0,0.0,0.0,0.0,0.0,0.0,0.0,0.0,0.0,0.0,0.0
17,4.25,R3Z2,103.27441637398621,0.0,0.0,29.08044671097791,108.63782405180773,1.0658141036401503e-14,0.0,0.0,83.87557699415255,0.0,0.0,0.0,166.3659508945686,0.0,0.0,0.0,0.0,0.0,0.0
17,4.25,R3Z3,105.34373528822533,0.0,0.0,8.88903828144122,30.175233735971364,1.7763568394002505e-15,0.0,0.0,41.937788497076276,0.0,0.0,0.0,0.0,0.0,0.0,0.0,0.0,0.0,0.0
17,4.25,R4Z1,136.0432903986714,0.0,135.0,6.0870503023619875,118.62478557184143,2.6645352591003757e-15,0.0,0.0,83.87557699415255,0.0,0.0,0.0,82.30718545535483,0.0,0.0,0.0,0.0,0.0,0.0
17,4.25,R4Z2,149.98085861440416,0.0,0.0,0.0,0.0,34.94379474584839,39.95838712054732,0.0,83.87557699415255,0.0,0.0,0.0,162.70952590994085,0.0,0.0,0.0,0.0,0.0,0.0
17,4.25,R4Z3,101.04839258072703,0.0,0.0,13.342379874560173,36.67855623795719,-3.552713678800501e-15,0.0,0.0,0.0,0.0,0.0,0.0,0.0,0.0,0.0,0.0,0.0,0.0,0.0
17,4.25,R4Z4,109.62051979358779,0.0,0.0,0.0,0.0,11.486709595735968,58.15319927289924,0.0,0.0,0.0,0.0,0.0,0.0,0.0,0.0,0.0,0.0,0.0,0.0
17,4.25,R4Z5,128.892909174588,0.0,0.0,11.925210680706051,48.460787165952716,-1.7763568394002505e-15,0.0,0.0,83.87557699415255,0.0,0.0,0.0,0.0,0.0,0.0,0.0,0.0,0.0,0.0
17,4.25,R4Z6,114.34434957493437,0.0,0.0,24.520437961546918,60.36794104111664,-7.105427357601002e-15,0.0,0.0,83.87557699415255,0.0,0.0,0.0,154.85575591146326,0.0,0.0,0.0,0.0,0.0,0.0
17,4.25,R4Z7,158.24375087330094,0.0,0.0,23.911346783922937,148.51868295749875,7.105427357601002e-15,0.0,0.0,83.87557699415255,0.0,0.0,0.0,0.0,0.0,0.0,0.0,0.0,0.0,0.0
17,4.25,R4Z8,133.49438512898374,0.0,0.0,22.58976616400087,47.323643261558495,-3.552713678800501e-15,0.0,0.0,83.87557699415255,0.0,0.0,0.0,0.0,0.0,0.0,0.0,0.0,0.0,0.0
17,4.25,R4Z9,126.86626282694195,0.0,0.0,23.758395687424148,41.02790109720757,0.0,0.0,0.0,0.0,0.0,0.0,0.0,89.63215249331508,0.0,0.0,0.0,0.0,0.0,0.0
17,4.25,R4Z10,121.032647904241,0.0,0.0,0.0,100.31945672694091,9.189880377737321,27.230343492352716,0.0,0.0,0.0,0.0,0.0,91.31044531077255,0.0,0.0,0.0,0.0,0.0,0.0
17,4.25,R4Z11,138.89469169103862,0.0,0.0,0.0,0.0,23.97478642761166,68.7358430820636,0.0,41.937788497076276,0.0,0.0,0.0,84.47476097999198,0.0,0.0,0.0,0.0,0.0,0.0
17,4.25,R5Z1,109.8450424018449,0.0,135.0,0.0,0.0,37.76141640533067,63.26444070909787,0.0,0.0,0.0,0.0,0.0,73.74969378837957,0.0,0.0,0.0,0.0,0.0,0.0
17,4.25,R5Z2,108.12643820198139,0.0,135.0,0.0,0.0,8.162233553048733,42.60951174313661,0.0,41.937788497076276,0.0,0.0,0.0,175.4743964330653,0.0,0.0,0.0,0.0,0.0,0.0
17,4.25,R5Z3,172.1562596059348,0.0,0.0,0.0,0.0,24.008615991522174,148.98690793428642,0.0,41.937788497076276,0.0,0.0,0.0,148.83608950727222,0.0,0.0,0.0,0.0,0.0,0.0
17,4.25,R5Z4,151.13081337061692,0.0,0.0,30.304431661656,21.186843735025644,3.552713678800501e-15,0.0,0.0,83.87557699415255,0.0,0.0,0.0,0.0,0.0,0.0,0.0,0.0,0.0,0.0
17,4.25,R5Z5,120.49177503284388,0.0,0.0,11.780708759812313,131.71222746426767,0.0,0.0,0.0,41.937788497076276,0.0,0.0,0.0,81.88365563041422,0.0,0.0,0.0,0.0,0.0,0.0
17,4.25,R5Z6,118.42631458796038,0.0,0.0,0.0,0.0,10.85235671637808,80.75750473996621,0.0,83.87557699415255,0.0,0.0,0.0,166.21640912936013,0.0,0.0,0.0,0.0,0.0,0.0
17,4.25,R5Z7,110.28419698467384,0.0,0.0,16.89536237119978,68.9497699314972,-3.552713678800501e-15,0.0,0.0,0.0,0.0,0.0,0.0,90.1783696150591,0.0,0.0,0.0,0.0,0.0,0.0
17,4.25,R5Z8,105.72437991039027,0.0,0.0,16.39132303114586,116.32946769539002,-1.4210854715202004e-14,0.0,0.0,41.937788497076276,0.0,0.0,0.0,167.84326197015542,0.0,0.0,0.0,0.0,0.0,0.0
17,4.25,R5Z9,130.29151830753653,0.0,0.0,20.06602049529951,122.25811801518012,6.665813491092564,0.0,0.0,0.0,0.0,0.0,0.0,87.44795086016698,0.0,0.0,0.0,0.0,0.0,0.0
17,4.25,R6Z1,104.40279587040808,0.0,135.0,0.0,0.0,21.14119941361321,41.518324749238374,0.0,0.0,0.0,0.0,0.0,0.0,2.354085651465958,0.0,640.0,0.0,0.0,0.0
17,4.25,R6Z2,135.23499810944026,0.0,135.0,27.45803548546084,44.217118290498064,-7.105427357601002e-15,0.0,0.0,83.87557699415255,0.0,0.0,0.0,142.4552821358339,2.354085651465958,0.0,640.0,0.0,0.0,0.0
17,4.25,R6Z3,113.99141047160532,0.0,0.0,38.833361580168514,49.92734195342831,7.105427357601002e-15,0.0,0.0,41.937788497076276,0.0,0.0,0.0,83.89999690785086,0.0,0.0,0.0,0.0,0.0,0.0
17,4.25,R6Z4,137.2372804985851,0.0,0.0,0.0,0.0,11.204489140756206,30.1589239227598,0.0,41.937788497076276,0.0,0.0,0.0,79.55516613916184,0.0,0.0,0.0,0.0,0.0,0.0
17,4.25,R7Z1,92.39474492801456,0.0,135.0,16.072752841464748,1.0261648189556305,0.0,0.0,0.0,41.937788497076276,0.0,0.0,0.0,0.0,2.354085651465958,0.0,640.0,0.0,0.0,0.0
17,4.25,R7Z2,94.05450907727254,0.0,135.0,27.038744450862197,45.968357294293725,-7.105427357601002e-15,0.0,0.0,0.0,0.0,0.0,0.0,169.6054623647057,0.0,0.0,0.0,0.0,0.0,0.0
17,4.25,R7Z3,75.00260657887978,0.0,0.0,0.0,0.0,10.45454274430039,71.4069308407307,0.0,83.87557699415255,0.0,0.0,0.0,144.8446261481154,0.0,0.0,0.0,0.0,0.0,0.0
17,4.25,R7Z4,136.8775142410793,0.0,0.0,0.0,40.58437091085932,28.518235924278613,141.72151646398692,0.0,41.937788497076276,0.0,0.0,0.0,70.67145981441243,0.0,0.0,0.0,0.0,0.0,0.0
17,4.25,R7Z5,149.97775802630508,0.0,0.0,0.0,0.0,9.075555004291457,95.92259826224388,0.0,83.87557699415255,0.0,0.0,0.0,0.0,0.0,0.0,0.0,0.0,0.0,0.0
17,4.25,R7Z6,112.35922847023578,0.0,0.0,25.82825044158656,84.28469984054277,-3.552713678800501e-15,0.0,0.0,83.87557699415255,0.0,0.0,0.0,0.0,0.0,0.0,0.0,0.0,0.0,0.0
17,4.25,R7Z7,137.66205110442246,0.0,0.0,0.0,0.0,16.38315431365339,28.465984227240373,0.0,0.0,0.0,0.0,0.0,70.98860936490735,0.0,0.0,0.0,0.0,0.0,0.0
17,4.25,R7Z8,142.64757864018506,0.0,0.0,17.475896896987642,25.851116799307007,0.0,0.0,0.0,83.87557699415255,0.0,0.0,0.0,150.78522706539346,0.0,0.0,0.0,0.0,0.0,0.0
17,4.25,R7Z9,110.29888993525731,0.0,0.0,0.0,0.0,4.312731662287805,74.09152403755263,0.0,83.87557699415255,0.0,0.0,0.0,82.44333675780342,0.0,0.0,0.0,0.0,0.0,0.0
17,4.25,R8Z1,121.89836845849314,0.0,135.0,21.327338670145366,76.48995019216072,3.552713678800501e-15,0.0,0.0,41.937788497076276,0.0,0.0,0.0,87.78849548442979,2.354085651465958,0.0,640.0,0.0,0.0,0.0
17,4.25,R8Z2,119.24926924739809,0.0,135.0,0.0,0.0,30.035011996461296,176.3624883113432,0.0,41.937788497076276,0.0,0.0,0.0,152.9352285353945,0.0,0.0,0.0,0.0,0.0,0.0
17,4.25,R8Z3,84.28390023738741,0.0,0.0,0.0,0.0,18.404907381103676,138.2951168757758,0.0,41.937788497076276,0.0,0.0,0.0,178.9233794717894,0.0,0.0,0.0,0.0,0.0,0.0
17,4.25,R8Z4,94.85041933657969,0.0,0.0,0.0,75.8605777805191,24.233747637540468,2.294514078746886,0.0,0.0,0.0,0.0,0.0,0.0,0.0,0.0,0.0,0.0,0.0,0.0
17,4.25,R8Z5,155.431058282689,0.0,0.0,0.0,0.0,25.494206875445293,73.42753315614297,0.0,41.937788497076276,0.0,0.0,0.0,89.04165052993562,0.0,0.0,0.0,0.0,0.0,0.0
17,4.25,R8Z6,114.22496679694709,0.0,0.0,0.0,0.0,8.327473039793219,113.26830717584818,0.0,41.937788497076276,0.0,0.0,0.0,0.0,0.0,0.0,0.0,0.0,0.0,0.0
17,4.25,R8Z7,106.94922851710777,0.0,0.0,15.092516376919505,80.0,-1.7763568394002505e-15,0.0,0.0,0.0,0.0,0.0,0.0,82.49560729383542,0.0,0.0,0.0,0.0,0.0,0.0
17,4.25,R8Z8,149.66758006959944,0.0,0.0,34.07790716238401,114.26640887766754,-7.105427357601002e-15,0.0,0.0,41.937788497076276,0.0,0.0,0.0,87.71062071267015,0.0,0.0,0.0,0.0,0.0,0.0
17,4.25,R9Z1,102.99837425419486,0.0,135.0,11.053705138900497,78.4517006106229,0.0,0.0,0.0,41.937788497076276,0.0,0.0,0.0,0.0,2.354085651465958,0.0,640.0,0.0,0.0,0.0
17,4.25,R9Z2,116.74215045359514,0.0,135.0,0.0,0.0,11.256927356230953,134.20781831899325,0.0,41.937788497076276,0.0,0.0,0.0,77.99622575445116,2.354085651465958,0.0,640.0,0.0,0.0,0.0
17,4.25,R9Z3,165.03721978383004,0.0,0.0,11.770279559973716,63.7842903104885,3.552713678800501e-15,0.0,0.0,83.87557699415255,0.0,0.0,0.0,143.37175335107676,0.0,0.0,0.0,0.0,0.0,0.0
17,4.25,R9Z4,147.0224518407095,0.0,0.0,0.0,0.0,25.417269563906302,141.9870581019705,0.0,41.937788497076276,0.0,0.0,0.0,75.19956394564302,0.0,0.0,0.0,0.0,0.0,0.0
17,4.25,R9Z5,117.23166050847489,0.0,0.0,10.919766703610009,176.95337426244984,-1.7763568394002505e-15,0.0,0.0,41.937788497076276,0.0,0.0,0.0,156.6222044026438,0.0,0.0,0.0,0.0,0.0,0.0
17,4.25,R9Z6,124.54898511925889,0.0,0.0,0.0,0.0,6.845858529443167,55.36696743314975,0.0,41.937788497076276,0.0,0.0,0.0,166.52486074419755,0.0,0.0,0.0,0.0,0.0,0.0
17,4.25,R9Z7,119.27192443255528,0.0,0.0,25.091981507497945,29.69094205997901,-3.552713678800501e-15,0.0,0.0,0.0,0.0,0.0,0.0,79.81057921240115,0.0,0.0,0.0,0.0,0.0,0.0
17,4.25,R9Z8,122.77357871430058,0.0,0.0,12.340545811770234,54.85343610041269,-7.105427357601002e-15,0.0,0.0,41.937788497076276,0.0,0.0,0.0,74.57437170799221,0.0,0.0,0.0,0.0,0.0,0.0
17,4.25,R9Z9,139.09462132423252,0.0,0.0,19.785886760583566,80.0,0.0,0.0,0.0,0.0,0.0,0.0,0.0,169.2339132203757,0.0,0.0,0.0,0.0,0.0,0.0
17,4.25,R9Z10,94.25213272014345,0.0,0.0,0.0,85.36764585553546,11.625940632133492,43.685248252864525,0.0,0.0,0.0,0.0,0.0,0.0,0.0,0.0,0.0,0.0,0.0,0.0
17,4.25,R9Z11,131.79664104338264,0.0,0.0,9.161615763751016,113.2116634456757,-5.329070518200751e-15,0.0,0.0,0.0,0.0,0.0,0.0,167.2527078027689,0.0,0.0,0.0,0.0,0.0,0.0
17,4.25,R10Z1,106.87712226441796,0.0,0.0,0.0,0.0,9.150666032289399,105.71254200118511,0.0,0.0,0.0,0.0,0.0,73.31653139765562,2.354085651465958,0.0,640.0,0.0,0.0,0.0
17,4.25,R10Z2,94.35837000219652,0.0,0.0,5.205361588644607,124.83087359040435,8.881784197001252e-16,0.0,0.0,0.0,0.0,0.0,0.0,174.6035131103118,2.354085651465958,0.0,640.0,0.0,0.0,0.0
17,4.25,R10Z3,117.00056159652738,0.0,0.0,0.0,0.0,27.7583902545759,93.43669882330643,0.0,0.0,0.0,0.0,0.0,83.93103035667772,0.0,0.0,0.0,0.0,0.0,0.0
17,4.25,R10Z4,154.53158747633142,0.0,0.0,8.633281469809091,63.72555998731946,-3.552713678800501e-15,0.0,0.0,83.87557699415255,0.0,0.0,0.0,85.0969266125179,0.0,0.0,0.0,0.0,0.0,0.0
17,4.25,R10Z5,86.74186527269173,0.0,0.0,0.0,0.0,7.33187550721608,113.83605552398764,0.0,83.87557699415255,0.0,0.0,0.0,0.0,0.0,0.0,0.0,0.0,0.0,0.0
17,4.25,R10Z6,68.30062103004083,0.0,0.0,24.26900284450921,60.55564048846545,-3.552713678800501e-15,0.0,0.0,83.87557699415255,0.0,0.0,0.0,72.19653759945977,0.0,0.0,0.0,0.0,0.0,0.0
17,4.25,R10Z7,123.19607390658456,0.0,0.0,1.839907000347921,88.69251332544255,4.730994967298726,0.0,0.0,83.87557699415255,0.0,0.0,0.0,87.34154536443145,0.0,0.0,0.0,0.0,0.0,0.0
17,4.25,R10Z8,134.50361576334888,0.0,0.0,11.147129005912547,33.65448380030945,-3.552713678800501e-15,0.0,0.0,0.0,0.0,0.0,0.0,84.51749917762974,0.0,0.0,0.0,0.0,0.0,0.0
17,4.25,R10Z9,138.54860259873863,0.0,0.0,9.55812081818381,64.25324505088726,5.329070518200751e-15,0.0,0.0,41.937788497076276,0.0,0.0,0.0,0.0,0.0,0.0,0.0,0.0,0.0,0.0
17,4.25,R11Z1,143.63570532041598,0.0,135.0,0.0,0.0,23.776063533987486,96.63155745483672,0.0,83.87557699415255,0.0,0.0,0.0,164.99952780559843,0.0,0.0,0.0,0.0,0.0,0.0
17,4.25,R11Z2,117.89863862773095,0.0,135.0,0.0,0.0,8.624286030525464,51.13448745794132,0.0,41.937788497076276,0.0,0.0,0.0,72.26573735441909,0.0,0.0,0.0,0.0,0.0,0.0
17,4.25,R11Z3,185.15729924559986,0.0,0.0,10.714905829994848,37.01535604753132,0.0,0.0,0.0,41.937788497076276,0.0,0.0,0.0,0.0,0.0,0.0,0.0,0.0,0.0,0.0
17,4.25,R11Z4,153.8478931069499,0.0,0.0,21.07626623337498,155.36816981769383,3.552713678800501e-15,0.0,0.0,0.0,0.0,0.0,0.0,83.78664774042723,0.0,0.0,0.0,0.0,0.0,0.0
17,4.25,R11Z5,74.36489866126023,0.0,0.0,7.614224224723827,51.97559844784931,2.6645352591003757e-15,0.0,0.0,41.937788497076276,0.0,0.0,0.0,91.74215942941042,0.0,0.0,0.0,0.0,0.0,0.0
17,4.25,R11Z6,116.54360096096084,0.0,0.0,0.0,0.0,11.733772884838311,75.91574394405951,0.0,0.0,0.0,0.0,0.0,0.0,0.0,0.0,0.0,0.0,0.0,0.0
17,4.25,R11Z7,121.87124242694934,0.0,0.0,0.0,82.0911357027993,11.567457006499657,27.147143504529325,0.0,41.937788497076276,0.0,0.0,0.0,0.0,0.0,0.0,0.0,0.0,0.0,0.0
17,4.25,R11Z8,100.18046494506751,0.0,0.0,0.0,0.0,19.018645144144674,108.09464497454115,0.0,41.937788497076276,0.0,0.0,0.0,164.8399951307389,0.0,0.0,0.0,0.0,0.0,0.0
17,4.25,R12Z1,109.01864568788719,0.0,135.0,35.40762032242145,101.74170748346575,0.0,0.0,0.0,83.87557699415255,0.0,0.0,0.0,142.30133090252988,0.0,0.0,0.0,0.0,0.0,0.0
17,4.25,R12Z2,133.52517033184267,0.0,135.0,0.0,0.0,7.617630875109427,168.24954961769194,0.0,41.937788497076276,0.0,0.0,0.0,90.7686401414007,0.0,0.0,0.0,0.0,0.0,0.0
17,4.25,R12Z3,133.2207223023016,0.0,0.0,0.0,0.0,30.584356664916275,36.52089734019131,0.0,41.937788497076276,0.0,0.0,0.0,164.47292914305507,0.0,0.0,0.0,0.0,0.0,0.0
17,4.25,R12Z4,121.97323335329122,0.0,0.0,24.566916423166425,39.65508073770987,7.105427357601002e-15,0.0,0.0,0.0,0.0,0.0,0.0,0.0,0.0,0.0,0.0,0.0,0.0,0.0
17,4.25,R12Z5,144.7157835181957,0.0,0.0,9.550379847518712,74.97169794018265,-5.329070518200751e-15,0.0,0.0,0.0,0.0,0.0,0.0,155.70952111111265,0.0,0.0,0.0,0.0,0.0,0.0
17,4.25,R12Z6,126.65685033631515,0.0,0.0,16.732659343388192,91.85590781501591,0.22640711455951745,0.0,0.0,0.0,0.0,0.0,0.0,0.0,0.0,0.0,0.0,0.0,0.0,0.0
17,4.25,R12Z7,99.84172808055374,0.0,0.0,0.0,0.0,26.331163478526978,61.02378969414989,0.0,83.87557699415255,0.0,0.0,0.0,0.0,0.0,0.0,0.0,0.0,0.0,0.0
17,4.25,R12Z8,170.13146780897816,0.0,0.0,10.092088029199829,101.86043169311837,1.7763568394002505e-15,0.0,0.0,0.0,0.0,0.0,0.0,75.2086594893202,0.0,0.0,0.0,0.0,0.0,0.0
17,4.25,R12Z9,125.63890971440729,0.0,0.0,10.747356537299467,114.09864520754685,-3.552713678800501e-15,0.0,0.0,83.87557699415255,0.0,0.0,0.0,170.64266091955673,0.0,0.0,0.0,0.0,0.0,0.0
18,4.5,R1Z1,89.77747025003367,0.0,0.0,4.694380035100792,91.91451436157774,-2.6645352591003757e-15,0.0,0.0,113.16823939664654,0.0,0.0,0.0,155.87901359457993,0.0,0.0,599.5742682518966,0.0,0.0,0.0
18,4.5,R1Z2,104.32479124755805,0.0,0.0,7.621642903643902,123.0305373441654,-1.1546319456101628e-14,0.0,0.0,113.16823939664654,0.0,0.0,81.22897550426359,94.84290538662832,0.0,0.0,0.0,0.0,0.0,0.0
18,4.5,R1Z3,161.1092691998061,0.0,0.0,9.166382838732368,51.85111267230653,0.0,0.0,0.0,56.58411969832327,0.0,0.0,0.0,51.186951355387386,0.0,0.0,0.0,0.0,0.0,0.0
18,4.5,R1Z4,95.30605012648378,0.0,0.0,12.472654396140385,107.18837235543369,-7.105427357601002e-15,0.0,0.0,113.16823939664654,0.0,0.0,0.0,0.0,0.0,0.0,0.0,0.0,0.0,0.0
18,4.5,R1Z5,84.0358340540031,0.0,0.0,18.768082413740686,20.7172906933203,0.0,0.0,0.0,113.16823939664654,0.0,0.0,0.0,0.0,0.0,0.0,0.0,0.0,0.0,0.0
18,4.5,R1Z6,87.49780593543238,0.0,0.0,30.494686434230758,12.401614843753237,3.552713678800501e-15,0.0,0.0,0.0,0.0,0.0,0.0,26.70099176241977,0.0,0.0,0.0,0.0,0.0,0.0
18,4.5,R1Z7,133.43234563023208,0.0,0.0,10.420690851395612,7.487265178956513,-1.7763568394002505e-15,0.0,0.0,56.58411969832327,0.0,0.0,0.0,58.0340370480246,0.0,0.0,0.0,0.0,0.0,0.0
18,4.5,R1Z8,85.76424331658838,0.0,0.0,6.917641092822237,79.0635189090651,5.329070518200751e-15,0.0,0.0,0.0,0.0,0.0,0.0,0.0,0.0,0.0,0.0,0.0,0.0,0.0
18,4.5,R1Z9,100.59626485425152,0.0,0.0,21.18308202751014,86.70757078742108,-3.552713678800501e-15,0.0,0.0,0.0,0.0,0.0,0.0,70.68683801264547,0.0,0.0,0.0,0.0,0.0,0.0
18,4.5,R1Z10,127.74576702457503,0.0,0.0,28.84041388856174,29.936467721396234,0.0,0.0,0.0,0.0,0.0,0.0,0.0,65.75908874215837,0.0,0.0,0.0,0.0,0.0,0.0
18,4.5,R2Z1,122.49030536169366,0.0,135.0,0.0,0.0,27.540606202989668,86.60392329500823,0.0,0.0,0.0,0.0,0.0,76.69377268790241,2.354085651465958,0.0,640.0,0.0,0.0,0.0
18,4.5,R2Z2,94.44454239228229,0.0,135.0,0.0,0.0,19.512232157879062,30.776255100037755,0.0,0.0,0.0,0.0,0.0,82.89271232135245,2.354085651465958,0.0,640.0,0.0,0.0,0.0
18,4.5,R2Z3,88.01074557609518,0.0,0.0,42.55389109035446,35.930256102084364,7.105427357601002e-15,0.0,0.0,56.58411969832327,0.0,0.0,0.0,71.75536497744056,0.0,0.0,0.0,0.0,0.0,0.0
18,4.5,R2Z4,145.56484136334856,0.0,0.0,13.913483688213574,130.94474218578583,1.4210854715202004e-14,0.0,0.0,113.16823939664654,0.0,0.0,0.0,0.0,0.0,0.0,0.0,0.0,0.0,0.0
18,4.5,R2Z5,138.02081925386534,0.0,0.0,11.503297611557315,81.95521315115155,-5.329070518200751e-15,0.0,0.0,56.58411969832327,0.0,0.0,0.0,0.0,0.0,0.0,0.0,0.0,0.0,0.0
18,4.5,R2Z6,94.47503373647342,0.0,0.0,0.0,0.0,18.690233631435316,127.74815216892782,0.0,113.16823939664654,0.0,0.0,0.0,173.25224764528915,0.0,0.0,0.0,0.0,0.0,0.0
18,4.5,R2Z7,128.2793758150963,0.0,0.0,0.0,0.0,13.323929185999521,48.52577079613102,0.0,113.16823939664654,0.0,0.0,0.0,88.52155444737897,0.0,0.0,0.0,0.0,0.0,0.0
18,4.5,R2Z8,131.45285301018708,0.0,0.0,0.0,0.0,43.09182284346144,43.20487986214538,0.0,0.0,0.0,0.0,0.0,91.21829161202469,0.0,0.0,0.0,0.0,0.0,0.0
18,4.5,R2Z9,88.57018651776897,0.0,0.0,0.0,0.0,10.244345919366301,140.65185194052808,0.0,56.58411969832327,0.0,0.0,0.0,83.42977537047275,0.0,0.0,0.0,0.0,0.0,0.0
18,4.5,R3Z1,89.0570769449775,0.0,0.0,49.2276271619955,69.66667088137956,0.0,0.0,0.0,0.0,0.0,0.0,0.0,0.0,0.0,0.0,0.0,0.0,0.0,0.0
18,4.5,R3Z2,113.35864152515511,0.0,0.0,41.99573989040789,106.20365856579673,-1.4210854715202004e-14,0.0,0.0,113.16823939664654,595.9394580021076,0.0,0.0,166.17991593427152,0.0,0.0,0.0,0.0,0.0,0.0
18,4.5,R3Z3,126.80849149020916,0.0,0.0,0.0,0.0,9.690785500213414,26.801865100205077,0.0,56.58411969832327,0.0,0.0,0.0,0.0,0.0,0.0,0.0,0.0,0.0,0.0
18,4.5,R4Z1,131.63661393188283,0.0,135.0,0.0,0.0,11.724633466471117,185.1713517563547,0.0,113.16823939664654,0.0,0.0,0.0,82.21514730754863,0.0,0.0,0.0,0.0,0.0,0.0
18,4.5,R4Z2,137.308974056332,0.0,0.0,0.0,0.0,35.26131776343077,38.88512869434329,0.0,113.16823939664654,0.0,0.0,0.0,162.52757966415047,0.0,0.0,0.0,0.0,0.0,0.0
18,4.5,R4Z3,124.45312209540667,0.0,0.0,0.0,55.118966201716546,21.306387538586844,40.468076140752814,0.0,0.0,0.0,0.0,0.0,0.0,0.0,0.0,0.0,0.0,0.0,0.0
18,4.5,R4Z4,141.56094121966535,0.0,0.0,11.179366777855925,44.506329341263196,-1.7763568394002505e-15,0.0,0.0,0.0,0.0,0.0,0.0,0.0,0.0,0.0,0.0,0.0,0.0,0.0
18,4.5,R4Z5,136.5291763336206,0.0,0.0,0.0,0.0,14.00660898481357,119.39747890595322,0.0,113.16823939664654,0.0,0.0,0.0,0.0,0.0,0.0,0.0,0.0,0.0,0.0
18,4.5,R4Z6,115.4799284016816,0.0,0.0,0.0,0.0,31.13186634657211,21.351970169388743,0.0,113.16823939664654,0.0,0.0,0.0,154.68259196626983,0.0,0.0,0.0,0.0,0.0,0.0
18,4.5,R4Z7,153.5862602419039,0.0,0.0,25.85203026823092,138.8128586558122,3.552713678800501e-15,0.0,0.0,113.16823939664654,0.0,0.0,0.0,0.0,0.0,0.0,0.0,0.0,0.0,0.0
18,4.5,R4Z8,137.50368961095288,0.0,0.0,18.692516654890085,55.20951636945573,0.0,0.0,0.0,113.16823939664654,0.0,0.0,0.0,0.0,0.0,0.0,0.0,0.0,0.0,0.0
18,4.5,R4Z9,128.18995081291604,0.0,0.0,0.0,0.0,26.932784535287023,121.37415352582114,0.0,0.0,0.0,0.0,0.0,89.53192336685757,0.0,0.0,0.0,0.0,0.0,0.0
18,4.5,R4Z10,135.2160652694444,0.0,0.0,0.0,0.0,6.785383239528148,127.37281347591909,0.0,0.0,0.0,0.0,0.0,91.20833947134592,0.0,0.0,0.0,0.0,0.0,0.0
18,4.5,R4Z11,130.3434088865173,0.0,0.0,24.53291133756656,125.48311558557845,0.0,0.0,0.0,56.58411969832327,0.0,0.0,0.0,84.38029898990017,0.0,0.0,0.0,0.0,0.0,0.0
18,4.5,R5Z1,102.1507945378903,0.0,135.0,31.242887165860722,52.82925468448859,-3.552713678800501e-15,0.0,0.0,0.0,0.0,0.0,0.0,73.6672248620033,0.0,0.0,0.0,0.0,0.0,0.0
18,4.5,R5Z2,98.2020903931372,0.0,135.0,0.0,0.0,10.24636448181566,27.535398033753783,0.0,56.58411969832327,0.0,0.0,0.0,175.27817615963767,0.0,0.0,0.0,0.0,0.0,0.0
18,4.5,R5Z3,181.3247456872536,0.0,0.0,0.0,36.894298181605706,26.091183511127102,62.466423552089935,0.0,56.58411969832327,0.0,0.0,0.0,148.66965691783085,0.0,0.0,0.0,0.0,0.0,0.0
18,4.5,R5Z4,147.03838724905393,0.0,0.0,0.0,0.0,30.195266788818472,63.2144299068745,0.0,113.16823939664654,0.0,0.0,0.0,0.0,0.0,0.0,0.0,0.0,0.0,0.0
18,4.5,R5Z5,124.19812034870043,0.0,0.0,0.0,0.0,12.496747243540794,104.90252767094306,0.0,56.58411969832327,0.0,0.0,0.0,81.79209108525176,0.0,0.0,0.0,0.0,0.0,0.0
18,4.5,R5Z6,113.20461599491647,0.0,0.0,10.324898783126585,66.72774255007846,1.7763568394002505e-15,0.0,0.0,113.16823939664654,0.0,0.0,0.0,166.03054139075837,0.0,0.0,0.0,0.0,0.0,0.0
18,4.5,R5Z7,120.57202356211718,0.0,0.0,22.149026764646607,56.86744047491173,0.0,0.0,0.0,0.0,0.0,0.0,0.0,90.07752969366422,0.0,0.0,0.0,0.0,0.0,0.0
18,4.5,R5Z8,110.6402158924223,0.0,0.0,0.0,0.0,22.186204856724913,73.47988356295366,0.0,56.58411969832327,0.0,0.0,0.0,167.65557504017454,0.0,0.0,0.0,0.0,0.0,0.0
18,4.5,R5Z9,126.57226912640677,0.0,0.0,20.602636780248048,95.53690738347544,7.105427357601002e-15,0.0,0.0,0.0,0.0,0.0,0.0,87.35016416776475,0.0,0.0,0.0,0.0,0.0,0.0
18,4.5,R6Z1,97.6321949342693,0.0,135.0,0.0,0.0,30.687688153973657,52.248126174418665,0.0,0.0,0.0,0.0,0.0,0.0,2.354085651465958,0.0,640.0,0.0,0.0,0.0
18,4.5,R6Z2,128.6216468136071,0.0,135.0,0.0,0.0,27.7964127161043,44.27606626297431,0.0,113.16823939664654,0.0,0.0,0.0,142.29598473985988,2.354085651465958,0.0,640.0,0.0,0.0,0.0
18,4.5,R6Z3,130.59729606256153,0.0,0.0,0.0,0.0,37.14675873045432,38.04334004978081,0.0,56.58411969832327,0.0,0.0,0.0,83.80617763467778,0.0,0.0,0.0,0.0,0.0,0.0
18,4.5,R6Z4,142.07604440481347,0.0,0.0,6.383062424523104,135.59091711983626,-9.769962616701378e-15,0.0,0.0,56.58411969832327,0.0,0.0,0.0,79.46620537468723,0.0,0.0,0.0,0.0,0.0,0.0
18,4.5,R7Z1,78.96668021284205,0.0,135.0,0.0,0.0,26.034834882343084,112.5426021769339,0.0,56.58411969832327,0.0,0.0,0.0,0.0,2.354085651465958,0.0,640.0,0.0,0.0,0.0
18,4.5,R7Z2,102.20920445874455,0.0,135.0,29.69339843102513,44.02499955029886,3.552713678800501e-15,0.0,0.0,0.0,0.0,0.0,0.0,169.41580489400616,0.0,0.0,0.0,0.0,0.0,0.0
18,4.5,R7Z3,89.23386149067579,0.0,0.0,0.0,0.0,6.813819989298205,154.64173589790494,0.0,113.16823939664654,0.0,0.0,0.0,144.68265692226228,0.0,0.0,0.0,0.0,0.0,0.0
18,4.5,R7Z4,132.83917505486522,0.0,0.0,0.0,0.0,42.2261080781093,121.10610538105698,0.0,56.58411969832327,0.0,0.0,0.0,70.59243305352767,0.0,0.0,0.0,0.0,0.0,0.0
18,4.5,R7Z5,156.79367879124774,0.0,0.0,11.011536192450421,149.71801756452962,-8.881784197001252e-15,0.0,0.0,113.16823939664654,0.0,0.0,0.0,0.0,0.0,0.0,0.0,0.0,0.0,0.0
18,4.5,R7Z6,113.48047401476578,0.0,0.0,0.0,0.0,32.795297477913394,94.74328467289497,0.0,113.16823939664654,0.0,0.0,0.0,0.0,0.0,0.0,0.0,0.0,0.0,0.0
18,4.5,R7Z7,110.56399415556419,0.0,0.0,0.0,0.0,14.746572919161848,99.28330225139567,0.0,0.0,0.0,0.0,0.0,70.90922795871376,0.0,0.0,0.0,0.0,0.0,0.0
18,4.5,R7Z8,129.3514017978174,0.0,0.0,0.0,0.0,39.55754942196239,77.38771898651761,0.0,113.16823939664654,0.0,0.0,0.0,150.61661489698002,0.0,0.0,0.0,0.0,0.0,0.0
18,4.5,R7Z9,123.46299108314571,0.0,0.0,0.0,0.0,26.046502008212883,104.14518591647254,0.0,113.16823939664654,0.0,0.0,0.0,82.3511463618839,0.0,0.0,0.0,0.0,0.0,0.0
18,4.5,R8Z1,134.06862700277898,0.0,135.0,0.0,0.0,25.650083637786388,24.115201827948848,0.0,56.58411969832327,0.0,0.0,0.0,87.69032798570683,2.354085651465958,0.0,640.0,0.0,0.0,0.0
18,4.5,R8Z2,115.63244418576006,0.0,135.0,24.864425820336315,0.0,0.0,0.0,0.0,56.58411969832327,0.0,0.0,0.0,152.7642121764844,0.0,0.0,0.0,0.0,0.0,0.0
18,4.5,R8Z3,92.13751753254651,0.0,0.0,0.0,8.452159269323175,28.489455701583186,104.77596205049657,0.0,56.58411969832327,0.0,0.0,0.0,178.72330245111738,0.0,0.0,0.0,0.0,0.0,0.0
18,4.5,R8Z4,99.7636129332596,0.0,0.0,17.529304237754488,39.97552068153076,0.0,0.0,0.0,0.0,0.0,0.0,0.0,0.0,0.0,0.0,0.0,0.0,0.0,0.0
18,4.5,R8Z5,156.8087028317186,0.0,0.0,25.996864281306443,143.58774543096328,0.0,0.0,0.0,56.58411969832327,0.0,0.0,0.0,88.94208171893763,0.0,0.0,0.0,0.0,0.0,0.0
18,4.5,R8Z6,149.35581520311976,0.0,0.0,14.059451841636147,0.0,0.0,0.0,0.0,56.58411969832327,0.0,0.0,0.0,0.0,0.0,0.0,0.0,0.0,0.0,0.0
18,4.5,R8Z7,132.69698609950123,0.0,0.0,40.06211261561976,45.93438272646929,-7.105427357601002e-15,0.0,0.0,0.0,0.0,0.0,0.0,82.40335844757169,0.0,0.0,0.0,0.0,0.0,0.0
18,4.5,R8Z8,156.26180456765186,0.0,0.0,0.0,6.731830235385928,30.465612752240915,233.26816976461407,0.0,56.58411969832327,0.0,0.0,0.0,87.61254029564867,0.0,0.0,0.0,0.0,0.0,0.0
18,4.5,R9Z1,116.72233299344778,0.0,135.0,0.0,0.0,9.24671140392435,71.53225723507278,0.0,56.58411969832327,0.0,0.0,0.0,0.0,2.354085651465958,0.0,640.0,0.0,0.0,0.0
18,4.5,R9Z2,134.02233260457083,0.0,135.0,0.0,0.0,8.786329789151019,71.75294331568767,0.0,56.58411969832327,0.0,0.0,0.0,77.90900823978828,2.354085651465958,0.0,640.0,0.0,0.0,0.0
18,4.5,R9Z3,136.27853657504036,0.0,0.0,16.074562297898964,34.28719899187887,-3.552713678800501e-15,0.0,0.0,113.16823939664654,0.0,0.0,0.0,143.21143113190288,0.0,0.0,0.0,0.0,0.0,0.0
18,4.5,R9Z4,149.57749010291474,0.0,0.0,0.0,0.0,22.811222596512938,206.92767804528404,0.0,56.58411969832327,0.0,0.0,0.0,75.11547373476897,0.0,0.0,0.0,0.0,0.0,0.0
18,4.5,R9Z5,135.8748460055782,0.0,0.0,17.633915122599817,109.65897603488608,-3.552713678800501e-15,0.0,0.0,56.58411969832327,0.0,0.0,0.0,156.44706516639377,0.0,0.0,0.0,0.0,0.0,0.0
18,4.5,R9Z6,131.5182621641237,0.0,0.0,6.441249704277929,54.02492915610786,2.6645352591003757e-15,0.0,0.0,56.58411969832327,0.0,0.0,0.0,166.3386480865567,0.0,0.0,0.0,0.0,0.0,0.0
18,4.5,R9Z7,90.80127263006273,0.0,0.0,22.954175017808794,57.387474347701385,0.0,0.0,0.0,0.0,0.0,0.0,0.0,79.72133283803652,0.0,0.0,0.0,0.0,0.0,0.0
18,4.5,R9Z8,121.98706860867455,0.0,0.0,19.088230729697777,58.81174002070512,3.552713678800501e-15,0.0,0.0,56.58411969832327,0.0,0.0,0.0,74.49098060419196,0.0,0.0,0.0,0.0,0.0,0.0
18,4.5,R9Z9,111.91028935331722,0.0,0.0,0.0,0.0,16.658263094011932,75.23347097534615,0.0,0.0,0.0,0.0,0.0,169.04467122609995,0.0,0.0,0.0,0.0,0.0,0.0
18,4.5,R9Z10,99.96506687818946,0.0,0.0,0.0,193.16718003097657,20.54542528748169,1.397169390336785,0.0,0.0,0.0,0.0,0.0,0.0,0.0,0.0,0.0,0.0,0.0,0.0
18,4.5,R9Z11,142.22864226970893,0.0,0.0,0.0,0.0,11.342448461210955,152.08308239245608,0.0,0.0,0.0,0.0,0.0,167.06568124662348,0.0,0.0,0.0,0.0,0.0,0.0
18,4.5,R10Z1,130.78155236159077,0.0,0.0,0.0,0.0,12.663254417416892,82.22126749374647,0.0,0.0,0.0,0.0,0.0,73.2345468453218,2.354085651465958,0.0,640.0,0.0,0.0,0.0
18,4.5,R10Z2,94.0339292867269,0.0,0.0,0.0,135.80029583581677,19.926148914207605,12.539055572635078,0.0,0.0,0.0,0.0,0.0,174.40826668245475,2.354085651465958,0.0,640.0,0.0,0.0,0.0
18,4.5,R10Z3,107.53766071824286,0.0,0.0,35.48457157726217,104.69126308345606,7.105427357601002e-15,0.0,0.0,0.0,0.0,0.0,0.0,83.83717638105267,0.0,0.0,0.0,0.0,0.0,0.0
18,4.5,R10Z4,131.5809131508662,0.0,0.0,0.0,0.0,8.657824103280804,53.38873816585357,0.0,113.16823939664654,0.0,0.0,0.0,85.00176889978499,0.0,0.0,0.0,0.0,0.0,0.0
18,4.5,R10Z5,98.31876442184392,0.0,0.0,0.0,0.0,9.029191035832568,132.6699448985013,0.0,113.16823939664654,0.0,0.0,0.0,0.0,0.0,0.0,0.0,0.0,0.0,0.0
18,4.5,R10Z6,73.29270883319415,0.0,0.0,0.0,0.0,19.088064395263117,43.89633193001895,0.0,113.16823939664654,0.0,0.0,0.0,72.11580545484917,0.0,0.0,0.0,0.0,0.0,0.0
18,4.5,R10Z7,89.1907082751635,0.0,0.0,0.0,0.0,9.13066312304358,166.8435663082133,0.0,113.16823939664654,0.0,0.0,0.0,87.24387765756724,0.0,0.0,0.0,0.0,0.0,0.0
18,4.5,R10Z8,121.55242464940835,0.0,0.0,0.0,0.0,10.03547417446563,49.250752692775244,0.0,0.0,0.0,0.0,0.0,84.42298939651543,0.0,0.0,0.0,0.0,0.0,0.0
18,4.5,R10Z9,128.68348611396425,0.0,0.0,0.0,0.0,9.252239928326416,114.9258426666643,0.0,56.58411969832327,0.0,0.0,0.0,0.0,0.0,0.0,0.0,0.0,0.0,0.0
18,4.5,R11Z1,147.09226546352286,0.0,135.0,19.434588843097828,142.13161697768192,3.552713678800501e-15,0.0,0.0,113.16823939664654,0.0,0.0,0.0,164.81502081700313,0.0,0.0,0.0,0.0,0.0,0.0
18,4.5,R11Z2,128.95760147274586,0.0,135.0,0.0,0.0,11.334342486376796,47.25446135752673,0.0,56.58411969832327,0.0,0.0,0.0,72.18492782874824,0.0,0.0,0.0,0.0,0.0,0.0
18,4.5,R11Z3,187.54979468100785,0.0,0.0,11.85039459722092,35.42498758051641,0.0,0.0,0.0,56.58411969832327,0.0,0.0,0.0,0.0,0.0,0.0,0.0,0.0,0.0,0.0
18,4.5,R11Z4,131.81923385471342,0.0,0.0,0.0,0.0,30.958569788116396,164.25837432346574,0.0,0.0,0.0,0.0,0.0,83.69295521739592,0.0,0.0,0.0,0.0,0.0,0.0
18,4.5,R11Z5,74.57050550818269,0.0,0.0,0.0,0.0,11.584442275757873,49.858181520263436,0.0,56.58411969832327,0.0,0.0,0.0,91.63957083543885,0.0,0.0,0.0,0.0,0.0,0.0
18,4.5,R11Z6,98.60580727507543,0.0,0.0,0.0,0.0,13.886410517811367,79.70205349240486,0.0,0.0,0.0,0.0,0.0,0.0,0.0,0.0,0.0,0.0,0.0,0.0
18,4.5,R11Z7,123.81113578316072,0.0,0.0,9.789354359095398,144.87428220508275,-1.2434497875801753e-14,0.0,0.0,56.58411969832327,0.0,0.0,0.0,0.0,0.0,0.0,0.0,0.0,0.0,0.0
18,4.5,R11Z8,94.0242269727573,0.0,0.0,12.15150617879496,144.37315812298996,1.2434497875801753e-14,0.0,0.0,56.58411969832327,0.0,0.0,0.0,164.6556665359476,0.0,0.0,0.0,0.0,0.0,0.0
18,4.5,R12Z1,143.87203878125666,0.0,135.0,0.0,0.0,25.454581335125106,179.62931500324163,0.0,113.16823939664654,0.0,0.0,0.0,142.1422056590391,0.0,0.0,0.0,0.0,0.0,0.0
18,4.5,R12Z2,118.96080391811964,0.0,135.0,0.0,0.0,7.563434766040968,87.66106241763953,0.0,56.58411969832327,0.0,0.0,0.0,90.66714016334554,0.0,0.0,0.0,0.0,0.0,0.0
18,4.5,R12Z3,110.75897168270343,0.0,0.0,19.681519548190565,33.30281293364273,3.552713678800501e-15,0.0,0.0,56.58411969832327,0.0,0.0,0.0,164.28901101149904,0.0,0.0,0.0,0.0,0.0,0.0
18,4.5,R12Z4,130.8009708806611,0.0,0.0,24.344207887565553,33.18220864052703,3.552713678800501e-15,0.0,0.0,0.0,0.0,0.0,0.0,0.0,0.0,0.0,0.0,0.0,0.0,0.0
18,4.5,R12Z5,153.4992151509866,0.0,0.0,0.0,0.0,6.978043799947242,125.29581354674093,0.0,0.0,0.0,0.0,0.0,155.53540246230247,0.0,0.0,0.0,0.0,0.0,0.0
18,4.5,R12Z6,136.51092285507139,0.0,0.0,0.0,5.623584118980801,12.261429643005439,102.4936787907421,0.0,0.0,0.0,0.0,0.0,0.0,0.0,0.0,0.0,0.0,0.0,0.0
18,4.5,R12Z7,99.91361678537397,0.0,0.0,22.605954665948204,105.19076957816591,0.0,0.0,0.0,113.16823939664654,0.0,0.0,0.0,0.0,0.0,0.0,0.0,0.0,0.0,0.0
18,4.5,R12Z8,151.7352372302926,0.0,0.0,16.492710431882813,53.96610995194524,-3.552713678800501e-15,0.0,0.0,0.0,0.0,0.0,0.0,75.12455910756023,0.0,0.0,0.0,0.0,0.0,0.0
18,4.5,R12Z9,145.69882547174828,0.0,0.0,11.541070656135233,101.70762409772176,3.552713678800501e-15,0.0,0.0,113.16823939664654,0.0,0.0,0.0,170.45184362504148,0.0,0.0,0.0,0.0,0.0,0.0
19,4.75,R1Z1,81.94111899858724,0.0,0.0,15.370772207683828,122.0741711995695,0.0,0.0,0.0,91.11349096102093,0.0,0.0,0.0,155.70470541463516,0.0,0.0,599.0600056919916,0.0,0.0,0.0
19,4.75,R1Z2,96.11409405442389,0.0,0.0,2.997196173786932,93.1935677368881,-3.1086244689504383e-15,0.0,0.0,91.11349096102093,0.0,64.12993320849995,0.0,110.18689461653472,0.0,0.0,0.0,0.0,0.0,0.0
19,4.75,R1Z3,156.07274412260904,0.0,0.0,20.003475937742053,121.56892589716148,1.4210854715202004e-14,0.0,0.0,45.556745480510465,0.0,0.0,0.0,51.12971270521935,0.0,0.0,0.0,0.0,0.0,0.0
19,4.75,R1Z4,105.03236863491239,0.0,0.0,24.645983779016625,7.079190500533765,0.0,0.0,0.0,91.11349096102093,0.0,0.0,0.0,0.0,0.0,0.0,0.0,0.0,0.0,0.0
19,4.75,R1Z5,86.23748507580618,0.0,0.0,6.468478559166591,55.88611041953363,2.6645352591003757e-15,0.0,0.0,91.11349096102093,0.0,0.0,0.0,0.0,0.0,0.0,0.0,0.0,0.0,0.0
19,4.75,R1Z6,95.40475900957884,0.0,0.0,38.25370905292425,80.09522457469271,7.105427357601002e-15,0.0,0.0,0.0,0.0,0.0,0.0,26.67113398253329,0.0,0.0,0.0,0.0,0.0,0.0
19,4.75,R1Z7,142.49294814908492,0.0,0.0,7.5231880243933915,22.489765604355437,-8.881784197001252e-16,0.0,0.0,45.556745480510465,0.0,0.0,0.0,57.96914179920683,0.0,0.0,0.0,0.0,0.0,0.0
19,4.75,R1Z8,89.62703942281705,0.0,0.0,13.166181497308827,165.09974689930175,1.2434497875801753e-14,0.0,0.0,0.0,0.0,0.0,0.0,0.0,0.0,0.0,0.0,0.0,0.0,0.0
19,4.75,R1Z9,129.1936874918725,0.0,0.0,28.17492797940608,168.7110649516135,0.0,0.0,0.0,0.0,0.0,0.0,0.0,70.60779405543849,0.0,0.0,0.0,0.0,0.0,0.0
19,4.75,R1Z10,120.51554666224025,0.0,0.0,28.38175773852832,54.98673571592302,7.105427357601002e-15,0.0,0.0,0.0,0.0,0.0,0.0,65.68555512907506,0.0,0.0,0.0,0.0,0.0,0.0
19,4.75,R2Z1,139.0095831890441,0.0,135.0,0.0,0.0,43.052435574925795,135.21682280875774,0.0,0.0,0.0,0.0,0.0,76.60801161191115,2.354085651465958,0.0,640.0,0.0,0.0,0.0
19,4.75,R2Z2,107.41499598751639,0.0,135.0,16.2026570883056,57.22518360350581,0.0,0.0,0.0,0.0,0.0,0.0,0.0,82.80001942137682,2.354085651465958,0.0,640.0,0.0,0.0,0.0
19,4.75,R2Z3,109.11945932745789,0.0,0.0,34.65813164683631,46.15391454016056,-7.105427357601002e-15,0.0,0.0,45.556745480510465,0.0,0.0,0.0,71.67512616413231,0.0,0.0,0.0,0.0,0.0,0.0
19,4.75,R2Z4,155.5157152942114,0.0,0.0,13.300676905305707,108.22638610977324,3.552713678800501e-15,0.0,0.0,91.11349096102093,0.0,0.0,0.0,0.0,0.0,0.0,0.0,0.0,0.0,0.0
19,4.75,R2Z5,134.16182199860637,0.0,0.0,0.0,0.0,14.981701946819157,88.69460375115844,0.0,45.556745480510465,0.0,0.0,0.0,0.0,0.0,0.0,0.0,0.0,0.0,0.0
19,4.75,R2Z6,93.40180757527122,0.0,0.0,23.717371339938836,77.65756929434255,7.105427357601002e-15,0.0,0.0,91.11349096102093,0.0,0.0,0.0,173.05851223946385,0.0,0.0,0.0,0.0,0.0,0.0
19,4.75,R2Z7,139.50174734638884,0.0,0.0,15.383044788345586,55.26964515063986,3.552713678800501e-15,0.0,0.0,91.11349096102093,0.0,0.0,0.0,88.42256722205731,0.0,0.0,0.0,0.0,0.0,0.0
19,4.75,R2Z8,128.33751545012137,0.0,0.0,0.0,0.0,36.40217479670447,38.96445148350984,0.0,0.0,0.0,0.0,0.0,91.11628882138656,0.0,0.0,0.0,0.0,0.0,0.0
19,4.75,R2Z9,77.32184653026277,0.0,0.0,10.053268725271153,104.9260701845077,-7.105427357601002e-15,0.0,0.0,45.556745480510465,0.0,0.0,0.0,83.33648191189434,0.0,0.0,0.0,0.0,0.0,0.0
19,4.75,R3Z1,90.5507439897257,0.0,0.0,0.0,0.0,46.725262236285744,28.01858695236308,0.0,0.0,0.0,0.0,0.0,0.0,0.0,0.0,0.0,0.0,0.0,0.0
19,4.75,R3Z2,101.67144802791223,0.0,0.0,0.0,0.0,49.45382322122264,125.19939478800256,0.0,91.11349096102093,0.0,0.0,0.0,165.99408900335945,0.0,0.0,0.0,0.0,0.0,0.0
19,4.75,R3Z3,110.39119854095362,0.0,0.0,10.401183877713315,33.25618970665402,1.7763568394002505e-15,0.0,0.0,45.556745480510465,0.0,0.0,0.0,0.0,0.0,0.0,0.0,0.0,0.0,0.0
19,4.75,R4Z1,136.38741449097094,0.0,135.0,0.0,0.0,8.418427338623262,133.4364220104406,0.0,91.11349096102093,0.0,0.0,0.0,82.12321207931872,0.0,0.0,0.0,0.0,0.0,0.0
19,4.75,R4Z2,158.3880065361285,0.0,0.0,47.41822641840527,44.31668056534606,-7.105427357601002e-15,0.0,0.0,91.11349096102093,0.0,0.0,0.0,162.3458368756326,0.0,0.0,0.0,0.0,0.0,0.0
19,4.75,R4Z3,120.738899538585,0.0,0.0,22.034987524590363,97.02546696456244,-3.552713678800501e-15,0.0,0.0,0.0,0.0,0.0,0.0,0.0,0.0,0.0,0.0,0.0,0.0,0.0
19,4.75,R4Z4,144.59925164517983,0.0,0.0,16.164146062113772,17.226275424654872,0.0,0.0,0.0,0.0,0.0,0.0,0.0,0.0,0.0,0.0,0.0,0.0,0.0,0.0
19,4.75,R4Z5,133.36026377112947,0.0,0.0,16.459223227545777,142.92123874726863,-3.552713678800501e-15,0.0,0.0,91.11349096102093,0.0,0.0,0.0,0.0,0.0,0.0,0.0,0.0,0.0,0.0
19,4.75,R4Z6,125.82012592095174,0.0,0.0,28.239150932496464,37.07849703841021,-7.105427357601002e-15,0.0,0.0,91.11349096102093,0.0,0.0,0.0,154.50962165773998,0.0,0.0,0.0,0.0,0.0,0.0
19,4.75,R4Z7,145.6362574750647,0.0,0.0,0.0,0.0,27.527684069791658,45.151565318313864,0.0,91.11349096102093,0.0,0.0,0.0,0.0,0.0,0.0,0.0,0.0,0.0,0.0
19,4.75,R4Z8,127.53984556358415,0.0,0.0,0.0,0.0,22.943459326602984,8.186948959372467,0.0,91.11349096102093,0.0,0.0,0.0,0.0,0.0,0.0,0.0,0.0,0.0,0.0
19,4.75,R4Z9,119.93059367860363,0.0,0.0,0.0,0.0,31.703520032056517,111.83490116544881,0.0,0.0,0.0,0.0,0.0,89.43180631935287,0.0,0.0,0.0,0.0,0.0,0.0
19,4.75,R4Z10,125.8810814115972,0.0,0.0,13.5814190176973,149.82243916071056,-7.105427357601002e-15,0.0,0.0,0.0,0.0,0.0,0.0,91.10634780946394,0.0,0.0,0.0,0.0,0.0,0.0
19,4.75,R4Z11,140.53151180325838,0.0,0.0,22.614582724956264,115.87419796419907,0.0,0.0,0.0,45.556745480510465,0.0,0.0,0.0,84.28594262979142,0.0,0.0,0.0,0.0,0.0,0.0
19,4.75,R5Z1,103.79819349062599,0.0,135.0,41.09211616607085,29.860640854816385,0.0,0.0,0.0,0.0,595.9394580021076,0.0,0.0,73.58484815463795,0.0,0.0,0.0,0.0,0.0,0.0
19,4.75,R5Z2,111.04709524836726,0.0,135.0,0.0,0.0,8.333390098071257,40.25322462465704,0.0,45.556745480510465,0.0,0.0,0.0,175.082175305091,0.0,0.0,0.0,0.0,0.0,0.0
19,4.75,R5Z3,167.30597937276943,0.0,0.0,0.0,0.0,29.677995494855892,211.80785853231612,0.0,45.556745480510465,0.0,0.0,0.0,148.50341043786682,0.0,0.0,0.0,0.0,0.0,0.0
19,4.75,R5Z4,144.93161645091095,0.0,0.0,34.17357579326643,63.03042099750463,0.0,0.0,0.0,91.11349096102093,0.0,0.0,0.0,0.0,0.0,0.0,0.0,0.0,0.0,0.0
19,4.75,R5Z5,128.4479536144638,0.0,0.0,15.085068442189566,83.54559807663532,-7.105427357601002e-15,0.0,0.0,45.556745480510465,0.0,0.0,0.0,81.70062893007011,0.0,0.0,0.0,0.0,0.0,0.0
19,4.75,R5Z6,141.7066887835145,0.0,0.0,0.0,0.0,12.184128951858952,80.48694467722065,0.0,91.11349096102093,0.0,0.0,0.0,165.84488149454975,0.0,0.0,0.0,0.0,0.0,0.0
19,4.75,R5Z7,120.63482604175198,0.0,0.0,24.567943278854955,43.6035982307755,3.552713678800501e-15,0.0,0.0,0.0,0.0,0.0,0.0,89.97680253422978,0.0,0.0,0.0,0.0,0.0,0.0
19,4.75,R5Z8,124.32952230694394,0.0,0.0,25.46014692682121,65.64708251499675,-7.105427357601002e-15,0.0,0.0,45.556745480510465,0.0,0.0,0.0,167.4680979868564,0.0,0.0,0.0,0.0,0.0,0.0
19,4.75,R5Z9,141.53357794362645,0.0,0.0,33.747292237725304,89.10382883426368,0.0,0.0,0.0,0.0,0.0,0.0,0.0,87.25248682311872,0.0,0.0,0.0,0.0,0.0,0.0
19,4.75,R6Z1,113.81203167347823,0.0,135.0,0.0,0.0,25.87601751720457,25.88091002039624,0.0,0.0,0.0,0.0,0.0,0.0,2.354085651465958,0.0,640.0,0.0,0.0,0.0
19,4.75,R6Z2,150.78264480720924,0.0,135.0,0.0,6.944602538034225,17.519988061099397,43.15572262169417,0.0,91.11349096102093,0.0,0.0,0.0,142.13686547459454,2.354085651465958,0.0,640.0,0.0,0.0,0.0
19,4.75,R6Z3,113.46565103755485,0.0,0.0,0.0,0.0,43.75365862183022,134.57385764436407,0.0,45.556745480510465,0.0,0.0,0.0,83.71246327278412,0.0,0.0,0.0,0.0,0.0,0.0
19,4.75,R6Z4,127.2460639354934,0.0,0.0,0.0,0.0,7.090143521602684,160.09151938694478,0.0,45.556745480510465,0.0,0.0,0.0,79.37734408857462,0.0,0.0,0.0,0.0,0.0,0.0
19,4.75,R7Z1,85.87115364370648,0.0,135.0,0.0,0.0,18.002298248050664,151.1300224136877,0.0,45.556745480510465,0.0,0.0,0.0,0.0,2.354085651465958,0.0,640.0,0.0,0.0,0.0
19,4.75,R7Z2,129.6655922167174,0.0,135.0,32.45491182392588,70.60047724138569,0.0,0.0,0.0,0.0,0.0,0.0,0.0,169.22635950348194,0.0,0.0,0.0,0.0,0.0,0.0
19,4.75,R7Z3,89.11982203870718,0.0,0.0,11.024924380132006,114.83864741650203,-3.552713678800501e-15,0.0,0.0,91.11349096102093,0.0,0.0,0.0,144.52086881483118,0.0,0.0,0.0,0.0,0.0,0.0
19,4.75,R7Z4,162.96681290967172,0.0,0.0,0.0,0.0,31.564869339157347,215.78976089870056,0.0,45.556745480510465,0.0,0.0,0.0,70.51349466253016,0.0,0.0,0.0,0.0,0.0,0.0
19,4.75,R7Z5,154.19358281774691,0.0,0.0,0.0,0.0,11.098145177474503,186.52305294474593,0.0,91.11349096102093,0.0,0.0,0.0,0.0,0.0,0.0,0.0,0.0,0.0,0.0
19,4.75,R7Z6,115.58599970369065,0.0,0.0,0.0,0.0,33.93807974752037,42.542774020701934,0.0,91.11349096102093,0.0,0.0,0.0,0.0,0.0,0.0,0.0,0.0,0.0,0.0
19,4.75,R7Z7,108.8542939576618,0.0,0.0,23.95761358473507,79.10869859131677,-3.552713678800501e-15,0.0,0.0,0.0,0.0,0.0,0.0,70.82993531898151,0.0,0.0,0.0,0.0,0.0,0.0
19,4.75,R7Z8,132.68044047402918,0.0,0.0,31.085173946002598,84.80359670725048,0.0,0.0,0.0,91.11349096102093,0.0,0.0,0.0,150.4481912753088,0.0,0.0,0.0,0.0,0.0,0.0
19,4.75,R7Z9,118.72181790665277,0.0,0.0,32.87618511945447,0.0,0.0,0.0,0.0,91.11349096102093,0.0,0.0,0.0,82.25905905578868,0.0,0.0,0.0,0.0,0.0,0.0
19,4.75,R8Z1,122.12135270460386,0.0,135.0,24.613973817029574,147.70330790948313,-1.4210854715202004e-14,0.0,0.0,45.556745480510465,0.0,0.0,0.0,87.59227026056813,2.354085651465958,0.0,640.0,0.0,0.0,0.0
19,4.75,R8Z2,157.66880355695824,0.0,135.0,0.0,0.0,23.32337740285667,222.8153444113547,0.0,45.556745480510465,0.0,0.0,0.0,152.5933870527481,0.0,0.0,0.0,0.0,0.0,0.0
19,4.75,R8Z3,92.9436391697976,0.0,0.0,0.0,0.0,32.100186278054146,159.0773489668163,0.0,45.556745480510465,0.0,0.0,0.0,178.52344916204666,0.0,0.0,0.0,0.0,0.0,0.0
19,4.75,R8Z4,90.57274203912947,0.0,0.0,22.402335171100418,133.43851946643954,7.105427357601002e-15,0.0,0.0,0.0,0.0,0.0,0.0,0.0,0.0,0.0,0.0,0.0,0.0,0.0
19,4.75,R8Z5,150.75508664528024,0.0,0.0,0.0,0.0,23.489562508220093,96.7710534513043,0.0,45.556745480510465,0.0,0.0,0.0,88.84262424850964,0.0,0.0,0.0,0.0,0.0,0.0
19,4.75,R8Z6,142.00092909794765,0.0,0.0,12.643004992434015,136.50663637913635,1.0658141036401503e-14,0.0,0.0,45.556745480510465,0.0,0.0,0.0,0.0,0.0,0.0,0.0,0.0,0.0,0.0
19,4.75,R8Z7,125.596724506382,0.0,0.0,23.831103860367172,46.848063707542444,-7.105427357601002e-15,0.0,0.0,0.0,0.0,0.0,0.0,82.31121275649302,0.0,0.0,0.0,0.0,0.0,0.0
19,4.75,R8Z8,158.8931536852351,0.0,0.0,0.0,2.3882594993183943,37.44276735056639,195.34182340491515,0.0,45.556745480510465,0.0,0.0,0.0,87.51456955483431,0.0,0.0,0.0,0.0,0.0,0.0
19,4.75,R9Z1,116.19421623242111,0.0,135.0,0.0,0.0,9.772997496507752,61.47866680227235,0.0,45.556745480510465,0.0,0.0,0.0,0.0,2.354085651465958,0.0,640.0,0.0,0.0,0.0
19,4.75,R9Z2,122.54428066110088,0.0,135.0,7.3139374122905565,100.45843738170824,3.552713678800501e-15,0.0,0.0,45.556745480510465,0.0,0.0,0.0,77.82188825413773,2.354085651465958,0.0,640.0,0.0,0.0,0.0
19,4.75,R9Z3,167.26888326824343,0.0,0.0,15.81055001413754,51.031718790489144,0.0,0.0,0.0,91.11349096102093,0.0,0.0,0.0,143.05128818942305,0.0,0.0,0.0,0.0,0.0,0.0
19,4.75,R9Z4,132.0252174172715,0.0,0.0,0.0,4.56541796987608,21.437989464416123,232.06692952575207,0.0,45.556745480510465,0.0,0.0,0.0,75.03147755587057,0.0,0.0,0.0,0.0,0.0,0.0
19,4.75,R9Z5,114.35260110060142,0.0,0.0,19.17707196578715,139.05064707604436,1.0658141036401503e-14,0.0,0.0,45.556745480510465,0.0,0.0,0.0,156.27212177563186,0.0,0.0,0.0,0.0,0.0,0.0
19,4.75,R9Z6,119.40411384806342,0.0,0.0,8.18569199122457,31.845550587306324,-3.552713678800501e-15,0.0,0.0,45.556745480510465,0.0,0.0,0.0,166.1526436570069,0.0,0.0,0.0,0.0,0.0,0.0
19,4.75,R9Z7,132.65941766188587,0.0,0.0,0.0,0.0,25.636022503332686,52.8680337753229,0.0,0.0,0.0,0.0,0.0,79.63218626141067,0.0,0.0,0.0,0.0,0.0,0.0
19,4.75,R9Z8,134.1301120655961,0.0,0.0,18.996671531554597,47.542445433505094,7.105427357601002e-15,0.0,0.0,45.556745480510465,0.0,0.0,0.0,74.40768275060668,0.0,0.0,0.0,0.0,0.0,0.0
19,4.75,R9Z9,115.17332622648146,0.0,0.0,21.727195902057524,55.6500793138165,0.0,0.0,0.0,0.0,0.0,0.0,0.0,168.85564084740238,0.0,0.0,0.0,0.0,0.0,0.0
19,4.75,R9Z10,104.0964274243638,0.0,0.0,24.96672751866447,240.0,1.4210854715202004e-14,0.0,0.0,0.0,0.0,0.0,0.0,0.0,0.0,0.0,0.0,0.0,0.0,0.0
19,4.75,R9Z11,151.13873101953436,0.0,0.0,0.0,0.0,8.766739462625374,140.6383076065438,0.0,0.0,0.0,0.0,0.0,166.87886382869272,0.0,0.0,0.0,0.0,0.0,0.0
19,4.75,R10Z1,122.64694643532968,0.0,0.0,14.0231334131622,109.12754796032851,-3.552713678800501e-15,0.0,0.0,0.0,0.0,0.0,0.0,73.1526539703586,2.354085651465958,0.0,640.0,0.0,0.0,0.0
19,4.75,R10Z2,98.17761475765201,0.0,0.0,0.0,0.0,17.862828225426302,132.87609894663282,0.0,0.0,0.0,0.0,0.0,174.21323858449787,2.354085651465958,0.0,640.0,0.0,0.0,0.0
19,4.75,R10Z3,109.28919261704242,0.0,0.0,32.7270083687299,77.64143308452545,7.105427357601002e-15,0.0,0.0,0.0,0.0,0.0,0.0,83.74342735551227,0.0,0.0,0.0,0.0,0.0,0.0
19,4.75,R10Z4,140.31547351384157,0.0,0.0,0.0,0.0,10.898723677026373,39.59512319188885,0.0,91.11349096102093,0.0,0.0,0.0,84.90671759501124,0.0,0.0,0.0,0.0,0.0,0.0
19,4.75,R10Z5,83.00059801260147,0.0,0.0,13.614078694355626,104.910940049781,0.0,0.0,0.0,91.11349096102093,0.0,0.0,0.0,0.0,0.0,0.0,0.0,0.0,0.0,0.0
19,4.75,R10Z6,88.82920054053955,0.0,0.0,0.0,0.0,26.204251978308324,41.28426425772736,0.0,91.11349096102093,0.0,0.0,0.0,72.03516358713257,0.0,0.0,0.0,0.0,0.0,0.0
19,4.75,R10Z7,101.32230927178585,0.0,0.0,7.4522553300054994,157.145847716825,7.993605777301127e-15,0.0,0.0,91.11349096102093,0.0,0.0,0.0,87.14631916540634,0.0,0.0,0.0,0.0,0.0,0.0
19,4.75,R10Z8,132.23856766351932,0.0,0.0,14.241756529562416,41.779833915613324,0.0,0.0,0.0,0.0,0.0,0.0,0.0,84.32858529882543,0.0,0.0,0.0,0.0,0.0,0.0
19,4.75,R10Z9,151.13269944526598,0.0,0.0,0.0,0.0,8.84281287454285,111.40324013175172,0.0,45.556745480510465,0.0,0.0,0.0,0.0,0.0,0.0,0.0,0.0,0.0,0.0
19,4.75,R11Z1,161.90675682348206,0.0,135.0,0.0,0.0,23.0841527105244,152.69429314662293,0.0,91.11349096102093,0.0,0.0,0.0,164.63072014917307,0.0,0.0,0.0,0.0,0.0,0.0
19,4.75,R11Z2,108.93244985665565,0.0,135.0,0.0,0.0,12.533840434667276,44.05290933191296,0.0,45.556745480510465,0.0,0.0,0.0,72.10420866650104,0.0,0.0,0.0,0.0,0.0,0.0
19,4.75,R11Z3,194.22676085800978,0.0,0.0,0.0,39.27757479188189,8.78617754601293,5.736370122376911,0.0,45.556745480510465,0.0,0.0,0.0,0.0,0.0,0.0,0.0,0.0,0.0,0.0
19,4.75,R11Z4,139.91790205534028,0.0,0.0,0.0,0.0,30.104271104809012,211.81871143732985,0.0,0.0,0.0,0.0,0.0,83.59936746390855,0.0,0.0,0.0,0.0,0.0,0.0
19,4.75,R11Z5,69.29671752748959,0.0,0.0,0.0,0.0,10.413722031096832,34.65214591246658,0.0,45.556745480510465,0.0,0.0,0.0,91.53709695884125,0.0,0.0,0.0,0.0,0.0,0.0
19,4.75,R11Z6,111.65756234791097,0.0,0.0,15.067906933216506,120.41849088388147,-5.329070518200751e-15,0.0,0.0,0.0,0.0,0.0,0.0,0.0,0.0,0.0,0.0,0.0,0.0,0.0
19,4.75,R11Z7,114.56743649460256,0.0,0.0,9.528311640869276,130.50228037357647,1.7763568394002505e-15,0.0,0.0,45.556745480510465,0.0,0.0,0.0,0.0,0.0,0.0,0.0,0.0,0.0,0.0
19,4.75,R11Z8,128.68773186384496,0.0,0.0,20.63858827094424,139.7518479128681,0.0,0.0,0.0,45.556745480510465,0.0,0.0,0.0,164.4715440624367,0.0,0.0,0.0,0.0,0.0,0.0
19,4.75,R12Z1,129.3620835345621,0.0,135.0,0.0,0.0,32.481900333064644,81.43139983577144,0.0,91.11349096102093,0.0,0.0,0.0,141.98325835375138,0.0,0.0,0.0,0.0,0.0,0.0
19,4.75,R12Z2,125.47270716923548,0.0,135.0,0.0,0.0,5.770746698642893,70.23167193100659,0.0,45.556745480510465,0.0,0.0,0.0,90.56575368534423,0.0,0.0,0.0,0.0,0.0,0.0
19,4.75,R12Z3,106.31705857693231,0.0,0.0,21.973387015401855,34.712319347684996,-3.552713678800501e-15,0.0,0.0,45.556745480510465,0.0,0.0,0.0,164.1052985422322,0.0,0.0,0.0,0.0,0.0,0.0
19,4.75,R12Z4,115.75803079235388,0.0,0.0,0.0,0.0,22.13362722249484,72.0257742716924,0.0,0.0,0.0,0.0,0.0,0.0,0.0,0.0,0.0,0.0,0.0,0.0
19,4.75,R12Z5,143.15794435674212,0.0,0.0,5.942596142466492,45.527670175811615,-3.552713678800501e-15,0.0,0.0,0.0,0.0,0.0,0.0,155.36147851773163,0.0,0.0,0.0,0.0,0.0,0.0
19,4.75,R12Z6,123.61498026640976,0.0,0.0,14.649675659103096,80.16238925589943,5.329070518200751e-15,0.0,0.0,0.0,0.0,0.0,0.0,0.0,0.0,0.0,0.0,0.0,0.0,0.0
19,4.75,R12Z7,112.45920228565602,0.0,0.0,29.032682116570165,40.04595279514479,-3.552713678800501e-15,0.0,0.0,91.11349096102093,0.0,0.0,0.0,0.0,0.0,0.0,0.0,0.0,0.0,0.0
19,4.75,R12Z8,163.96914525081723,0.0,0.0,18.35194594274848,54.52138795190343,-3.552713678800501e-15,0.0,0.0,0.0,0.0,0.0,0.0,75.04055276914927,0.0,0.0,0.0,0.0,0.0,0.0
19,4.75,R12Z9,136.0538589329307,0.0,0.0,0.0,110.26789760204016,7.028553730842051,0.9987912477113952,0.0,91.11349096102093,0.0,0.0,0.0,170.2612397076483,0.0,0.0,0.0,0.0,0.0,0.0
20,5.0,R1Z1,93.59237453094003,0.0,0.0,34.17017962599989,20.05406883435777,0.0,0.0,0.0,78.50840315112066,0.0,0.0,0.0,155.5305921508686,0.0,0.0,598.5461842216972,0.0,0.0,0.0
20,5.0,R1Z2,117.07351925056393,0.0,0.0,6.920385966550015,99.3905317089179,-6.217248937900877e-15,0.0,0.0,78.50840315112066,0.0,0.0,0.0,110.06368061478122,0.0,0.0,0.0,0.0,0.0,0.0
20,5.0,R1Z3,170.9546464840509,0.0,0.0,34.854636046203524,94.76978561488502,-1.4210854715202004e-14,0.0,0.0,39.25420157556033,0.0,0.0,24.159101808264097,44.80507424035359,0.0,0.0,0.0,0.0,0.0,0.0
20,5.0,R1Z4,115.38067338511364,0.0,0.0,30.824780936811464,75.19973029150395,3.552713678800501e-15,0.0,0.0,78.50840315112066,0.0,0.0,0.0,0.0,0.0,0.0,0.0,0.0,0.0,0.0
20,5.0,R1Z5,103.52919510660561,0.0,0.0,21.390856376679288,4.289225065323768,0.0,0.0,0.0,78.50840315112066,0.0,0.0,0.0,0.0,0.0,0.0,0.0,0.0,0.0,0.0
20,5.0,R1Z6,90.02111018235183,0.0,0.0,14.050637017013102,99.45159154292736,-5.329070518200751e-15,0.0,0.0,0.0,0.0,0.0,45.0,14.967205388965892,0.0,0.0,0.0,0.0,0.0,0.0
20,5.0,R1Z7,133.22861032817653,0.0,0.0,8.734223000345608,54.83763702547954,3.552713678800501e-15,0.0,0.0,39.25420157556033,0.0,0.0,45.0,46.23021491656499,0.0,0.0,0.0,0.0,0.0,0.0
20,5.0,R1Z8,104.73533183473992,0.0,0.0,11.629702590762498,37.02822497011716,3.552713678800501e-15,0.0,0.0,0.0,0.0,0.0,0.0,0.0,0.0,0.0,0.0,0.0,0.0,0.0
20,5.0,R1Z9,112.66831602442338,0.0,0.0,26.146902936775433,152.74781102996712,0.0,0.0,0.0,0.0,0.0,0.0,0.0,70.52883848734818,0.0,0.0,0.0,0.0,0.0,0.0
20,5.0,R1Z10,118.80017551388228,0.0,0.0,38.77247884442039,45.518311786993294,0.0,0.0,0.0,0.0,0.0,0.0,0.0,65.61210374329076,0.0,0.0,0.0,0.0,0.0,0.0
20,5.0,R2Z1,135.01819738526333,0.0,135.0,0.0,0.0,44.72244125512067,154.97576282636658,0.0,0.0,0.0,0.0,0.0,76.52234643630264,2.354085651465958,0.0,640.0,0.0,0.0,0.0
20,5.0,R2Z2,97.62873766095055,0.0,135.0,30.995343701874,60.882411792466904,3.552713678800501e-15,0.0,0.0,0.0,0.0,0.0,0.0,82.70743017313927,2.354085651465958,0.0,640.0,0.0,0.0,0.0
20,5.0,R2Z3,135.8327378277027,0.0,0.0,38.74927081425849,51.983313623988614,0.0,0.0,0.0,39.25420157556033,0.0,0.0,0.0,71.5949770760615,0.0,0.0,0.0,0.0,0.0,0.0
20,5.0,R2Z4,154.16689807603515,0.0,0.0,10.02579082131993,133.0855803881314,-1.0658141036401503e-14,0.0,0.0,78.50840315112066,0.0,0.0,0.0,0.0,0.0,0.0,0.0,0.0,0.0,0.0
20,5.0,R2Z5,126.23963605798161,0.0,0.0,0.0,0.0,14.265863639699775,109.9004484436634,0.0,39.25420157556033,0.0,0.0,0.0,0.0,0.0,0.0,0.0,0.0,0.0,0.0
20,5.0,R2Z6,98.84005212955257,0.0,0.0,28.23304935838037,86.9420129329194,0.0,0.0,0.0,78.50840315112066,0.0,0.0,0.0,172.86499347387254,0.0,0.0,0.0,0.0,0.0,0.0
20,5.0,R2Z7,143.4224122410201,0.0,0.0,0.0,0.0,11.754990237753505,40.47122276443932,0.0,78.50840315112066,0.0,0.0,0.0,88.32369068696062,0.0,0.0,0.0,0.0,0.0,0.0
20,5.0,R2Z8,128.47402821127721,0.0,0.0,0.0,0.0,40.92049055712794,57.2522456419965,0.0,0.0,0.0,0.0,0.0,91.0144000930611,0.0,0.0,0.0,0.0,0.0,0.0
20,5.0,R2Z9,108.7001479481067,0.0,0.0,11.851164935584563,130.74327012647558,8.881784197001252e-15,0.0,0.0,39.25420157556033,0.0,0.0,0.0,83.24329277661508,0.0,0.0,0.0,0.0,0.0,0.0
20,5.0,R3Z1,96.35387114707645,0.0,0.0,0.0,8.792656778376795,54.56209324604681,22.580918056399018,0.0,0.0,595.9394580021076,0.0,0.0,0.0,0.0,0.0,0.0,0.0,0.0,0.0
20,5.0,R3Z2,104.50405639539154,0.0,0.0,27.5528155996178,92.59877127203197,-3.552713678800501e-15,0.0,0.0,78.50840315112066,0.0,0.0,0.0,165.80846986920827,0.0,0.0,0.0,0.0,0.0,0.0
20,5.0,R3Z3,139.0090791239187,0.0,0.0,14.111217355441163,5.300937099617626,0.0,0.0,0.0,39.25420157556033,0.0,0.0,0.0,0.0,0.0,0.0,0.0,0.0,0.0,0.0
20,5.0,R4Z1,134.51842698843527,0.0,135.0,0.0,0.0,13.024172562846807,95.28217587502171,0.0,78.50840315112066,0.0,0.0,0.0,82.0313796555776,0.0,0.0,0.0,0.0,0.0,0.0
20,5.0,R4Z2,153.33813393800156,0.0,0.0,0.0,0.0,47.54827096276684,41.794494981594994,0.0,78.50840315112066,0.0,0.0,0.0,162.16429731687583,0.0,0.0,0.0,0.0,0.0,0.0
20,5.0,R4Z3,123.62624503834718,0.0,0.0,26.05918206768878,124.57107536706123,3.552713678800501e-15,0.0,0.0,0.0,0.0,0.0,0.0,0.0,0.0,0.0,0.0,0.0,0.0,0.0
20,5.0,R4Z4,133.74345482082305,0.0,0.0,0.0,0.0,14.322986194312872,42.69742068894837,0.0,0.0,0.0,0.0,0.0,0.0,0.0,0.0,0.0,0.0,0.0,0.0
20,5.0,R4Z5,137.97286413819774,0.0,0.0,0.0,153.7051192859751,14.065314115843645,8.243221841220134,0.0,78.50840315112066,0.0,0.0,0.0,0.0,0.0,0.0,0.0,0.0,0.0,0.0
20,5.0,R4Z6,103.9092450224723,0.0,0.0,31.664196051682495,40.78333113386225,0.0,0.0,0.0,78.50840315112066,0.0,0.0,0.0,154.33684476934394,0.0,0.0,0.0,0.0,0.0,0.0
20,5.0,R4Z7,135.14501825021034,0.0,0.0,30.333899805350057,104.11586245927322,7.105427357601002e-15,0.0,0.0,78.50840315112066,0.0,0.0,0.0,0.0,0.0,0.0,0.0,0.0,0.0,0.0
20,5.0,R4Z8,161.8670279443623,0.0,0.0,0.0,0.0,26.85160288118124,53.16999368503733,0.0,78.50840315112066,0.0,0.0,0.0,0.0,0.0,0.0,0.0,0.0,0.0,0.0
20,5.0,R4Z9,123.12771410758798,0.0,0.0,31.797251730848643,164.46626313174016,0.0,0.0,0.0,0.0,0.0,0.0,0.0,89.33180122547125,0.0,0.0,0.0,0.0,0.0,0.0
20,5.0,R4Z10,120.29780578360543,0.0,0.0,10.807886351603273,97.51250130941438,3.552713678800501e-15,0.0,0.0,0.0,0.0,0.0,0.0,91.00447019745013,0.0,0.0,0.0,0.0,0.0,0.0
20,5.0,R4Z11,120.15440383094428,0.0,0.0,17.92111548283333,64.28214301705745,-3.552713678800501e-15,0.0,0.0,39.25420157556033,0.0,0.0,0.0,84.1916917815474,0.0,0.0,0.0,0.0,0.0,0.0
20,5.0,R5Z1,100.44410136713881,0.0,135.0,34.22828976693121,72.5686788305798,0.0,0.0,0.0,0.0,0.0,0.0,0.0,73.50256356316171,0.0,0.0,0.0,0.0,0.0,0.0
20,5.0,R5Z2,99.39086940608327,0.0,135.0,0.0,0.0,10.238391662192177,58.13769720079425,0.0,39.25420157556033,0.0,0.0,0.0,174.8863936240651,0.0,0.0,0.0,0.0,0.0,0.0
20,5.0,R5Z3,178.82635368580526,0.0,0.0,0.0,0.0,34.779158806483785,150.31107717271394,0.0,39.25420157556033,0.0,0.0,0.0,148.33734985926742,0.0,0.0,0.0,0.0,0.0,0.0
20,5.0,R5Z4,137.2489980150844,0.0,0.0,0.0,1.3299785886763402,37.31724625009532,44.66215080609888,0.0,78.50840315112066,0.0,0.0,0.0,0.0,0.0,0.0,0.0,0.0,0.0,0.0
20,5.0,R5Z5,114.72565726480595,0.0,0.0,0.0,0.0,11.860542147846965,79.54086256023751,0.0,39.25420157556033,0.0,0.0,0.0,81.60926905037402,0.0,0.0,0.0,0.0,0.0,0.0
20,5.0,R5Z6,153.52735777846834,0.0,0.0,12.070827935142148,121.79201926499906,-1.2434497875801753e-14,0.0,0.0,78.50840315112066,0.0,0.0,0.0,165.65942920831924,0.0,0.0,0.0,0.0,0.0,0.0
20,5.0,R5Z7,124.88229415751351,0.0,0.0,25.769382938358838,38.93020660141011,3.552713678800501e-15,0.0,0.0,0.0,0.0,0.0,0.0,89.87618801066226,0.0,0.0,0.0,0.0,0.0,0.0
20,5.0,R5Z8,118.70459375574745,0.0,0.0,24.226024992055656,51.11467123830569,-3.552713678800501e-15,0.0,0.0,39.25420157556033,0.0,0.0,0.0,167.28083057551117,0.0,0.0,0.0,0.0,0.0,0.0
20,5.0,R5Z9,134.84916424771126,0.0,0.0,45.59965290006804,148.7936543626828,7.105427357601002e-15,0.0,0.0,0.0,0.0,0.0,0.0,87.15491870395323,0.0,0.0,0.0,0.0,0.0,0.0
20,5.0,R6Z1,123.8692709765182,0.0,135.0,0.0,0.0,35.069490338760325,52.41672225050701,0.0,0.0,0.0,0.0,0.0,0.0,2.354085651465958,0.0,640.0,0.0,0.0,0.0
20,5.0,R6Z2,128.538681418008,0.0,135.0,0.0,0.0,25.337740248805495,0.0,0.0,78.50840315112066,0.0,0.0,0.0,141.97792414084725,2.354085651465958,0.0,640.0,0.0,0.0,0.0
20,5.0,R6Z3,111.91684352960809,0.0,0.0,0.0,0.0,45.14351833060601,22.1504898672567,0.0,39.25420157556033,0.0,0.0,0.0,83.61885370485521,0.0,0.0,0.0,0.0,0.0,0.0
20,5.0,R6Z4,151.46555723419638,0.0,0.0,0.0,0.0,12.221405592881412,147.44966994399573,0.0,39.25420157556033,0.0,0.0,0.0,79.28858216958457,0.0,0.0,0.0,0.0,0.0,0.0
20,5.0,R7Z1,97.18605018474413,0.0,135.0,0.0,0.0,20.559075042169283,240.0,0.0,39.25420157556033,0.0,0.0,0.0,0.0,2.354085651465958,0.0,640.0,0.0,0.0,0.0
20,5.0,R7Z2,101.92366667859605,0.0,135.0,0.0,0.0,40.265722575232694,42.807092477470235,0.0,0.0,0.0,0.0,0.0,169.03712595597918,0.0,0.0,0.0,0.0,0.0,0.0
20,5.0,R7Z3,70.60266442170627,0.0,0.0,18.574172103505873,187.01230298657214,3.552713678800501e-15,0.0,0.0,78.50840315112066,0.0,0.0,0.0,144.35926162329048,0.0,0.0,0.0,0.0,0.0,0.0
20,5.0,R7Z4,121.94406606099714,0.0,0.0,0.0,0.0,27.306848603120482,170.97384496333768,0.0,39.25420157556033,0.0,0.0,0.0,70.43464454260229,0.0,0.0,0.0,0.0,0.0,0.0
20,5.0,R7Z5,150.2142974386298,0.0,0.0,10.020589859272405,163.55550224956406,-1.4210854715202004e-14,0.0,0.0,78.50840315112066,0.0,0.0,0.0,0.0,0.0,0.0,0.0,0.0,0.0,0.0
20,5.0,R7Z6,92.53484465016571,0.0,0.0,0.0,0.0,19.082810362311935,88.06799862882355,0.0,78.50840315112066,0.0,0.0,0.0,0.0,0.0,0.0,0.0,0.0,0.0,0.0
20,5.0,R7Z7,141.5886975212152,0.0,0.0,22.865365071989032,144.22388759707306,-3.552713678800501e-15,0.0,0.0,0.0,0.0,0.0,0.0,70.75073134644953,0.0,0.0,0.0,0.0,0.0,0.0
20,5.0,R7Z8,150.55846880979064,0.0,0.0,0.0,0.0,24.944019588367897,143.47680040027515,0.0,78.50840315112066,0.0,0.0,0.0,150.27995598954166,0.0,0.0,0.0,0.0,0.0,0.0
20,5.0,R7Z9,104.90470847947749,0.0,0.0,0.0,39.58196591595332,29.73537944105296,35.57067324304013,0.0,78.50840315112066,0.0,0.0,0.0,82.16707472423987,0.0,0.0,0.0,0.0,0.0,0.0
20,5.0,R8Z1,140.981634678788,0.0,135.0,0.0,0.0,23.65761563405193,76.54006181046108,0.0,39.25420157556033,0.0,0.0,0.0,87.49432218626185,2.354085651465958,0.0,640.0,0.0,0.0,0.0
20,5.0,R8Z2,148.2106764256169,0.0,135.0,0.0,0.0,36.92599513098133,109.6367033800824,0.0,39.25420157556033,0.0,0.0,0.0,152.42275295034128,0.0,0.0,0.0,0.0,0.0,0.0
20,5.0,R8Z3,101.05642479384062,0.0,0.0,28.91193144692471,92.15874662670366,3.552713678800501e-15,0.0,0.0,39.25420157556033,0.0,0.0,0.0,178.32381935439446,0.0,0.0,0.0,0.0,0.0,0.0
20,5.0,R8Z4,101.63007609732436,0.0,0.0,31.616444159586607,85.38476028871335,3.552713678800501e-15,0.0,0.0,0.0,0.0,0.0,0.0,0.0,0.0,0.0,0.0,0.0,0.0,0.0
20,5.0,R8Z5,163.4438226138415,0.0,0.0,18.33534274799338,98.60984653110081,3.552713678800501e-15,0.0,0.0,39.25420157556033,0.0,0.0,0.0,88.74327799414756,0.0,0.0,0.0,0.0,0.0,0.0
20,5.0,R8Z6,131.7637342853856,0.0,0.0,0.0,46.45776145698383,11.541496164019433,6.09082666238011,0.0,39.25420157556033,0.0,0.0,0.0,0.0,0.0,0.0,0.0,0.0,0.0,0.0
20,5.0,R8Z7,87.27189016252653,0.0,0.0,0.0,0.0,29.171622198860298,38.670756304502504,0.0,0.0,0.0,0.0,0.0,82.21917010524847,0.0,0.0,0.0,0.0,0.0,0.0
20,5.0,R8Z8,152.13764442068793,0.0,0.0,35.29178970226704,142.85924440920093,7.105427357601002e-15,0.0,0.0,39.25420157556033,0.0,0.0,0.0,87.41670836758412,0.0,0.0,0.0,0.0,0.0,0.0
20,5.0,R9Z1,116.02906485548621,0.0,135.0,10.77891920261677,27.285842440891685,0.0,0.0,0.0,39.25420157556033,0.0,0.0,0.0,0.0,2.354085651465958,0.0,640.0,0.0,0.0,0.0
20,5.0,R9Z2,122.28876546585215,0.0,135.0,0.0,11.771197963868836,12.63665667772933,81.48292038524457,0.0,39.25420157556033,0.0,0.0,0.0,77.73486568843991,2.354085651465958,0.0,640.0,0.0,0.0,0.0
20,5.0,R9Z3,147.25086405227987,0.0,0.0,0.0,0.0,21.986464389174508,49.34587319555354,0.0,78.50840315112066,0.0,0.0,0.0,142.89132432316515,0.0,0.0,0.0,0.0,0.0,0.0
20,5.0,R9Z4,137.2072360017983,0.0,0.0,26.592062428510417,172.48235936341422,7.105427357601002e-15,0.0,0.0,39.25420157556033,0.0,0.0,0.0,74.94757530379867,0.0,0.0,0.0,0.0,0.0,0.0
20,5.0,R9Z5,112.18488582221283,0.0,0.0,0.0,0.0,22.9404782010569,174.0580318350644,0.0,39.25420157556033,0.0,0.0,0.0,156.0973740113583,0.0,0.0,0.0,0.0,0.0,0.0
20,5.0,R9Z6,129.91864451247855,0.0,0.0,11.107316230188879,48.47984004159245,-1.7763568394002505e-15,0.0,0.0,39.25420157556033,0.0,0.0,0.0,165.96684722270183,0.0,0.0,0.0,0.0,0.0,0.0
20,5.0,R9Z7,98.56624926338448,0.0,0.0,28.36274967431686,38.712587262362376,-7.105427357601002e-15,0.0,0.0,0.0,0.0,0.0,0.0,79.54313937092705,0.0,0.0,0.0,0.0,0.0,0.0
20,5.0,R9Z8,122.31320650971772,0.0,0.0,22.584901934835123,43.4054821472488,0.0,0.0,0.0,39.25420157556033,0.0,0.0,0.0,74.32447804296143,0.0,0.0,0.0,0.0,0.0,0.0
20,5.0,R9Z9,122.07752482086333,0.0,0.0,0.0,16.636214388512087,23.405823255243895,11.042278331431604,0.0,0.0,0.0,0.0,0.0,168.6668218476487,0.0,0.0,0.0,0.0,0.0,0.0
20,5.0,R9Z10,110.16124820992572,0.0,0.0,22.334558196937905,168.42823375907398,-1.0658141036401503e-14,0.0,0.0,0.0,0.0,0.0,0.0,0.0,0.0,0.0,0.0,0.0,0.0,0.0
20,5.0,R9Z11,147.22415110221934,0.0,0.0,11.189675005128223,95.0831578194091,-3.552713678800501e-15,0.0,0.0,0.0,0.0,0.0,0.0,166.6922553151125,0.0,0.0,0.0,0.0,0.0,0.0
20,5.0,R10Z1,117.29698528637444,0.0,0.0,15.424832326514831,88.00152488150138,-7.105427357601002e-15,0.0,0.0,0.0,0.0,0.0,0.0,73.07085267024986,2.354085651465958,0.0,640.0,0.0,0.0,0.0
20,5.0,R10Z2,101.67851161370221,0.0,0.0,19.955977118445915,98.51298279957186,0.0,0.0,0.0,0.0,0.0,0.0,0.0,174.01842857229875,2.354085651465958,0.0,640.0,0.0,0.0,0.0
20,5.0,R10Z3,92.97161021485168,0.0,0.0,34.826303574848,90.44634766235416,0.0,0.0,0.0,0.0,0.0,0.0,0.0,83.64978316269845,0.0,0.0,0.0,0.0,0.0,0.0
20,5.0,R10Z4,139.4242858081176,0.0,0.0,0.0,0.0,10.532757509602156,49.2930946797376,0.0,78.50840315112066,0.0,0.0,0.0,84.81177257920838,0.0,0.0,0.0,0.0,0.0,0.0
20,5.0,R10Z5,91.78175834125935,0.0,0.0,10.493797255932975,141.25187068859273,-1.2434497875801753e-14,0.0,0.0,78.50840315112066,0.0,0.0,0.0,0.0,0.0,0.0,0.0,0.0,0.0,0.0
20,5.0,R10Z6,82.22773009127359,0.0,0.0,0.0,0.0,23.545656780013353,24.82673167618384,0.0,78.50840315112066,0.0,0.0,0.0,71.9546118953599,0.0,0.0,0.0,0.0,0.0,0.0
20,5.0,R10Z7,100.1032354663902,0.0,0.0,0.0,0.0,9.684414287542344,145.71580251148296,0.0,78.50840315112066,0.0,0.0,0.0,87.04886976582188,0.0,0.0,0.0,0.0,0.0,0.0
20,5.0,R10Z8,126.18411322544726,0.0,0.0,11.862193579169762,41.67579504728749,-1.7763568394002505e-15,0.0,0.0,0.0,0.0,0.0,0.0,84.23428676638163,0.0,0.0,0.0,0.0,0.0,0.0
20,5.0,R10Z9,146.954391933721,0.0,0.0,0.0,0.0,9.057495109399218,101.24125860337278,0.0,39.25420157556033,0.0,0.0,0.0,0.0,0.0,0.0,0.0,0.0,0.0,0.0
20,5.0,R11Z1,147.47558319163244,0.0,135.0,0.0,0.0,30.306567365669935,192.31116907000478,0.0,78.50840315112066,0.0,0.0,0.0,164.44662557139472,0.0,0.0,0.0,0.0,0.0,0.0
20,5.0,R11Z2,108.01951816381013,0.0,135.0,13.980447691100792,33.13078550022188,-1.7763568394002505e-15,0.0,0.0,39.25420157556033,0.0,0.0,0.0,72.02357976663062,0.0,0.0,0.0,0.0,0.0,0.0
20,5.0,R11Z3,174.75169427375758,0.0,0.0,13.726555364532956,62.52764356023003,0.0,0.0,0.0,39.25420157556033,0.0,0.0,0.0,0.0,0.0,0.0,0.0,0.0,0.0,0.0
20,5.0,R11Z4,157.22519460743206,0.0,0.0,31.438804888843293,196.5372880984041,1.0658141036401503e-14,0.0,0.0,0.0,0.0,0.0,0.0,83.50588436280894,0.0,0.0,0.0,0.0,0.0,0.0
20,5.0,R11Z5,73.02848089245305,0.0,0.0,11.327860371591413,46.337022626459145,3.552713678800501e-15,0.0,0.0,39.25420157556033,0.0,0.0,0.0,91.43473767133752,0.0,0.0,0.0,0.0,0.0,0.0
20,5.0,R11Z6,112.72954109746664,0.0,0.0,14.357569825533204,120.4952604691384,-1.7763568394002505e-15,0.0,0.0,0.0,0.0,0.0,0.0,0.0,0.0,0.0,0.0,0.0,0.0,0.0
20,5.0,R11Z7,144.4872600346155,0.0,0.0,0.0,0.0,12.192564244011276,73.56210204069264,0.0,39.25420157556033,0.0,0.0,0.0,0.0,0.0,0.0,0.0,0.0,0.0,0.0
20,5.0,R11Z8,131.81477635100305,0.0,0.0,0.0,0.0,20.803645815073136,101.1526490731396,0.0,39.25420157556033,0.0,0.0,0.0,164.28762747971572,0.0,0.0,0.0,0.0,0.0,0.0
20,5.0,R12Z1,114.03040130323251,0.0,135.0,0.0,0.0,22.839453948757225,150.66959778470093,0.0,78.50840315112066,0.0,0.0,0.0,141.8244887876914,0.0,0.0,0.0,0.0,0.0,0.0
20,5.0,R12Z2,140.91443079978544,0.0,135.0,0.0,0.0,4.524110870478669,134.43240553426529,0.0,39.25420157556033,0.0,0.0,0.0,90.46448058047793,0.0,0.0,0.0,0.0,0.0,0.0
20,5.0,R12Z3,121.4326367808075,0.0,0.0,0.0,0.0,31.541789545523713,30.633891142380826,0.0,39.25420157556033,0.0,0.0,0.0,163.9217915052773,0.0,0.0,0.0,0.0,0.0,0.0
20,5.0,R12Z4,127.96448941966447,0.0,0.0,27.947368327264485,27.410193700807362,0.0,0.0,0.0,0.0,0.0,0.0,0.0,0.0,0.0,0.0,0.0,0.0,0.0,0.0
20,5.0,R12Z5,146.0006430645915,0.0,0.0,0.0,23.12671880271398,5.6028780482757705,52.11380664099289,0.0,0.0,0.0,0.0,0.0,155.1877490596765,0.0,0.0,0.0,0.0,0.0,0.0
20,5.0,R12Z6,134.6423602157145,0.0,0.0,26.502327157618154,78.95857845350834,0.0,0.0,0.0,0.0,0.0,0.0,0.0,0.0,0.0,0.0,0.0,0.0,0.0,0.0
20,5.0,R12Z7,102.82213696013704,0.0,0.0,16.898393443988937,84.13155916935798,-7.105427357601002e-15,0.0,0.0,78.50840315112066,0.0,0.0,0.0,0.0,0.0,0.0,0.0,0.0,0.0,0.0
20,5.0,R12Z8,158.1646474616345,0.0,0.0,12.512529698524702,110.5767253978209,-1.7763568394002505e-15,0.0,0.0,0.0,0.0,0.0,0.0,74.95664036892546,0.0,0.0,0.0,0.0,0.0,0.0
20,5.0,R12Z9,131.80193472081254,0.0,0.0,13.053764692686542,87.08109284675379,7.105427357601002e-15,0.0,0.0,78.50840315112066,0.0,0.0,0.0,170.07084892877302,0.0,0.0,0.0,0.0,0.0,0.0
21,5.25,R1Z1,89.30661273650777,0.0,0.0,53.075263198003626,152.82743529359868,0.0,0.0,0.0,96.55953457642306,0.0,0.0,0.0,155.35667358531967,0.0,0.0,598.0328034626853,0.0,0.0,0.0
21,5.25,R1Z2,101.45534098954352,0.0,0.0,15.528419241724102,25.669647178065624,-1.7763568394002505e-15,0.0,0.0,96.55953457642306,0.0,0.0,0.0,109.94060439429727,0.0,0.0,0.0,0.0,0.0,0.0
21,5.25,R1Z3,167.3252902948584,0.0,0.0,30.306381711007944,86.25413932037544,7.105427357601002e-15,0.0,0.0,48.27976728821153,0.0,0.0,0.0,44.75497197986945,0.0,0.0,0.0,0.0,0.0,0.0
21,5.25,R1Z4,106.81809213399859,0.0,0.0,33.11076757047125,55.62911429258678,-7.105427357601002e-15,0.0,0.0,96.55953457642306,0.0,0.0,0.0,0.0,0.0,0.0,0.0,0.0,0.0,0.0
21,5.25,R1Z5,104.62881809119013,0.0,0.0,30.4305690231933,46.7227851150075,7.105427357601002e-15,0.0,0.0,96.55953457642306,0.0,0.0,0.0,0.0,0.0,0.0,0.0,0.0,0.0,0.0
21,5.25,R1Z6,93.26585786226151,0.0,0.0,20.4237374414011,119.8643463690864,-1.0658141036401503e-14,0.0,0.0,0.0,0.0,45.0,0.0,25.7917715729582,0.0,0.0,0.0,0.0,0.0,0.0
21,5.25,R1Z7,135.21257857515866,0.0,0.0,11.173474977027226,58.64683208559866,1.7763568394002505e-15,0.0,0.0,48.27976728821153,0.0,1.4947916121017466,0.0,46.538640995281256,0.0,0.0,0.0,0.0,0.0,0.0
21,5.25,R1Z8,97.17586461203683,0.0,0.0,12.284611961444881,118.47203368199291,-5.329070518200751e-15,0.0,0.0,0.0,0.0,0.0,0.0,0.0,0.0,0.0,0.0,0.0,0.0,0.0
21,5.25,R1Z9,119.01089830810626,0.0,0.0,22.48136755554765,144.06052907245635,7.105427357601002e-15,0.0,0.0,0.0,0.0,2.174340975845837,0.0,70.97380874679135,0.0,0.0,0.0,0.0,0.0,0.0
21,5.25,R1Z10,113.74489725589056,0.0,0.0,22.5273414011144,65.84112346171347,0.0,0.0,0.0,0.0,0.0,0.0,0.0,65.53873449285666,0.0,0.0,0.0,0.0,0.0,0.0
21,5.25,R2Z1,127.73427061017314,0.0,135.0,0.0,0.0,37.93683133882241,71.49151757512747,0.0,0.0,0.0,0.0,0.0,76.43677705383844,2.354085651465958,0.0,640.0,0.0,0.0,0.0
21,5.25,R2Z2,90.41859736691579,0.0,135.0,0.0,0.0,26.80551720365644,35.61306274937502,0.0,0.0,0.0,0.0,0.0,82.61494446073358,2.354085651465958,0.0,640.0,0.0,0.0,0.0
21,5.25,R2Z3,91.51155306891464,0.0,0.0,0.0,0.0,55.32474995105853,41.17524345879528,0.0,48.27976728821153,0.0,0.0,0.0,71.51491761289492,0.0,0.0,0.0,0.0,0.0,0.0
21,5.25,R2Z4,146.50718169534795,0.0,0.0,15.845210493286942,153.3836763459065,1.2434497875801753e-14,0.0,0.0,96.55953457642306,0.0,0.0,0.0,0.0,0.0,0.0,0.0,0.0,0.0,0.0
21,5.25,R2Z5,121.96123124560718,0.0,0.0,13.53292472264937,65.34952550614562,3.552713678800501e-15,0.0,0.0,48.27976728821153,0.0,0.0,0.0,0.0,0.0,0.0,0.0,0.0,0.0,0.0
21,5.25,R2Z6,89.85681782593274,0.0,0.0,0.0,0.0,18.41215072679198,103.04590234574697,0.0,96.55953457642306,0.0,0.0,0.0,172.6716911062622,0.0,0.0,0.0,0.0,0.0,0.0
21,5.25,R2Z7,137.87215351599144,0.0,0.0,0.0,0.0,14.251611608356743,29.652727757036963,0.0,96.55953457642306,0.0,0.0,0.0,88.22492471831207,0.0,0.0,0.0,0.0,0.0,0.0
21,5.25,R2Z8,138.00810830291124,0.0,0.0,47.038843095582926,58.95332563305974,0.0,0.0,0.0,0.0,0.0,0.0,0.0,90.91262529950069,0.0,0.0,0.0,0.0,0.0,0.0
21,5.25,R2Z9,88.2474618263235,0.0,0.0,0.0,0.0,10.661404111027368,167.79655829427423,0.0,48.27976728821153,0.0,0.0,0.0,83.15020784797778,0.0,0.0,0.0,0.0,0.0,0.0
21,5.25,R3Z1,88.95384978004057,0.0,0.0,63.11176139964057,51.21073735039589,7.105427357601002e-15,0.0,0.0,0.0,0.0,0.0,0.0,0.0,0.0,0.0,0.0,0.0,0.0,0.0
21,5.25,R3Z2,108.17499551556112,0.0,0.0,0.0,0.0,33.559730202234825,123.41704001365395,0.0,96.55953457642306,0.0,0.0,0.0,165.6230582994539,0.0,0.0,0.0,0.0,0.0,0.0
21,5.25,R3Z3,103.8715320036207,0.0,0.0,10.96375196718261,45.59703190255728,3.284587966424045,0.0,0.0,48.27976728821153,0.0,0.0,0.0,0.0,0.0,0.0,0.0,0.0,0.0,0.0
21,5.25,R4Z1,125.92788172929764,0.0,135.0,0.0,0.0,11.678389212194011,102.63577044060602,0.0,96.55953457642306,0.0,0.0,0.0,81.93964992136647,0.0,0.0,0.0,0.0,0.0,0.0
21,5.25,R4Z2,134.2690845819501,0.0,0.0,0.0,0.0,55.063832088340156,48.11210456875769,0.0,96.55953457642306,0.0,0.0,0.0,161.982960760623,0.0,0.0,0.0,0.0,0.0,0.0
21,5.25,R4Z3,112.36655149571432,0.0,0.0,0.0,0.0,23.020762978632302,106.16466905560567,0.0,0.0,0.0,0.0,0.0,0.0,0.0,0.0,0.0,0.0,0.0,0.0
21,5.25,R4Z4,115.50719443679985,0.0,0.0,16.17091593112461,37.84270697026065,0.0,0.0,0.0,0.0,0.0,0.0,0.0,0.0,0.0,0.0,0.0,0.0,0.0,0.0
21,5.25,R4Z5,133.42342715365115,0.0,0.0,15.92378373894877,128.85490104356003,1.7763568394002505e-15,0.0,0.0,96.55953457642306,0.0,0.0,0.0,0.0,0.0,0.0,0.0,0.0,0.0,0.0
21,5.25,R4Z6,98.45244023836942,0.0,0.0,35.02653840800046,50.0875183771841,0.0,0.0,0.0,96.55953457642306,0.0,0.0,0.0,154.164261084794,0.0,0.0,0.0,0.0,0.0,0.0
21,5.25,R4Z7,158.4392255293089,0.0,0.0,28.56563659115207,111.27732708769051,7.105427357601002e-15,0.0,0.0,96.55953457642306,0.0,0.0,0.0,0.0,0.0,0.0,0.0,0.0,0.0,0.0
21,5.25,R4Z8,129.42925766497305,0.0,0.0,31.47204302728248,44.5493572789606,0.0,0.0,0.0,96.55953457642306,0.0,0.0,0.0,0.0,0.0,0.0,0.0,0.0,0.0,0.0
21,5.25,R4Z9,119.32336755896124,0.0,0.0,31.488147858332766,117.28037975123605,1.4210854715202004e-14,0.0,0.0,0.0,0.0,0.0,0.0,89.2319079600231,0.0,0.0,0.0,0.0,0.0,0.0
21,5.25,R4Z10,120.94794717388318,0.0,0.0,0.0,0.0,12.981417072545494,189.43009260076937,0.0,0.0,0.0,0.0,0.0,90.90270650777082,0.0,0.0,0.0,0.0,0.0,0.0
21,5.25,R4Z11,128.36278095015768,0.0,0.0,0.0,0.0,25.908734987189735,74.16103747699292,0.0,48.27976728821153,0.0,0.0,0.0,84.09754632718186,0.0,0.0,0.0,0.0,0.0,0.0
21,5.25,R5Z1,109.82207381042966,0.0,135.0,0.0,0.0,37.57247911855354,62.05378504381545,0.0,0.0,0.0,0.0,0.0,73.42037098456808,0.0,0.0,0.0,0.0,0.0,0.0
21,5.25,R5Z2,100.80254336558286,0.0,135.0,11.3143138247653,44.31808258533878,-3.552713678800501e-15,0.0,0.0,48.27976728821153,0.0,0.0,0.0,174.69083087147416,0.0,0.0,0.0,0.0,0.0,0.0
21,5.25,R5Z3,184.9508665415313,0.0,0.0,0.0,0.0,36.743351241826325,128.4108094772724,0.0,48.27976728821153,0.0,0.0,0.0,148.17147497415266,0.0,0.0,0.0,0.0,0.0,0.0
21,5.25,R5Z4,152.64567650029846,0.0,0.0,36.98669575554888,33.97918060937346,-7.105427357601002e-15,0.0,0.0,96.55953457642306,0.0,0.0,0.0,0.0,0.0,0.0,0.0,0.0,0.0,0.0
21,5.25,R5Z5,125.77046145469052,0.0,0.0,0.0,0.0,13.267815889099555,69.17443416989768,0.0,48.27976728821153,0.0,0.0,0.0,81.51801133179626,0.0,0.0,0.0,0.0,0.0,0.0
21,5.25,R5Z6,104.58474455440039,0.0,0.0,14.732323432191961,96.17003017491741,3.552713678800501e-15,0.0,0.0,96.55953457642306,0.0,0.0,0.0,165.47418429991166,0.0,0.0,0.0,0.0,0.0,0.0
21,5.25,R5Z7,116.21225342403241,0.0,0.0,0.0,0.0,24.1429089772108,27.82790340347543,0.0,0.0,0.0,0.0,0.0,89.77568599700916,0.0,0.0,0.0,0.0,0.0,0.0
21,5.25,R5Z8,118.78878136171959,0.0,0.0,24.06195684585677,73.5243503808794,3.552713678800501e-15,0.0,0.0,48.27976728821153,0.0,0.0,0.0,167.09377257171147,0.0,0.0,0.0,0.0,0.0,0.0
21,5.25,R5Z9,137.90717329708414,0.0,0.0,42.89494744972359,174.5275273061656,-1.4210854715202004e-14,0.0,0.0,0.0,0.0,0.0,0.0,87.05745968812937,0.0,0.0,0.0,0.0,0.0,0.0
21,5.25,R6Z1,96.71037167092767,0.0,135.0,0.0,0.0,35.10531775830307,21.898108794133467,0.0,0.0,0.0,0.0,0.0,0.0,2.354085651465958,0.0,640.0,0.0,0.0,0.0
21,5.25,R6Z2,111.67372130574651,0.0,135.0,0.0,0.0,38.56373897383613,37.003935433056355,0.0,96.55953457642306,0.0,0.0,0.0,141.81916053965014,2.354085651465958,0.0,640.0,0.0,0.0,0.0
21,5.25,R6Z3,121.02340730868572,0.0,0.0,0.0,0.0,41.10590739820338,55.08375451145133,0.0,48.27976728821153,0.0,0.0,0.0,83.52534881370758,0.0,0.0,0.0,0.0,0.0,0.0
21,5.25,R6Z4,133.95765515087004,0.0,0.0,0.0,0.0,15.516066774187534,64.59171211226345,0.0,48.27976728821153,0.0,0.0,0.0,79.19991950660206,0.0,0.0,0.0,0.0,0.0,0.0
21,5.25,R7Z1,105.68220033103923,0.0,135.0,23.7473909764837,161.22384917416727,-7.105427357601002e-15,0.0,0.0,48.27976728821153,0.0,0.0,0.0,0.0,2.354085651465958,0.0,640.0,0.0,0.0,0.0
21,5.25,R7Z2,119.08709785446196,0.0,135.0,0.0,0.0,37.97657453761181,39.132207133091995,0.0,0.0,0.0,0.0,0.0,168.8481040146092,0.0,0.0,0.0,0.0,0.0,0.0
21,5.25,R7Z3,87.24938258021068,0.0,0.0,0.0,0.0,11.068009340449867,159.20041941467008,0.0,96.55953457642306,0.0,0.0,0.0,144.19783514533512,0.0,0.0,0.0,0.0,0.0,0.0
21,5.25,R7Z4,169.46423620462454,0.0,0.0,33.61776212827986,60.459248077891424,7.105427357601002e-15,0.0,0.0,48.27976728821153,0.0,0.0,0.0,70.3558825950369,0.0,0.0,0.0,0.0,0.0,0.0
21,5.25,R7Z5,168.9746969247846,0.0,0.0,0.0,0.0,14.983879270885058,76.76388067850317,0.0,96.55953457642306,0.0,0.0,0.0,0.0,0.0,0.0,0.0,0.0,0.0,0.0
21,5.25,R7Z6,116.49854074935826,0.0,0.0,25.635845225447866,89.03782315062742,3.552713678800501e-15,0.0,0.0,96.55953457642306,0.0,0.0,0.0,0.0,0.0,0.0,0.0,0.0,0.0,0.0
21,5.25,R7Z7,125.71268991243733,0.0,0.0,0.0,0.0,30.98356984241336,82.11116211824297,0.0,0.0,0.0,0.0,0.0,70.67161594196772,0.0,0.0,0.0,0.0,0.0,0.0
21,5.25,R7Z8,128.6346309449715,0.0,0.0,36.34871524403158,71.21383755700117,-7.105427357601002e-15,0.0,0.0,96.55953457642306,0.0,0.0,0.0,150.11190882907624,0.0,0.0,0.0,0.0,0.0,0.0
21,5.25,R7Z9,101.16423423834897,0.0,0.0,0.0,0.0,15.39610333454947,130.8705477770212,0.0,96.55953457642306,0.0,0.0,0.0,82.07519325208852,0.0,0.0,0.0,0.0,0.0,0.0
21,5.25,R8Z1,132.05188706007533,0.0,135.0,26.715328139105594,59.61932777589752,3.552713678800501e-15,0.0,0.0,48.27976728821153,0.0,0.0,0.0,87.39648364017344,2.354085651465958,0.0,640.0,0.0,0.0,0.0
21,5.25,R8Z2,156.70833013621953,0.0,135.0,0.0,0.0,26.14325284735293,64.65419535655003,0.0,48.27976728821153,0.0,0.0,0.0,152.2523096556586,0.0,0.0,0.0,0.0,0.0,0.0
21,5.25,R8Z3,81.15109103406145,0.0,0.0,32.28509376684279,27.483591919381173,0.0,0.0,0.0,48.27976728821153,0.0,0.0,0.0,178.12441277825772,0.0,0.0,0.0,0.0,0.0,0.0
21,5.25,R8Z4,94.70772527798577,0.0,0.0,25.67623568011726,73.94753072301923,0.0,0.0,0.0,0.0,0.0,0.0,0.0,0.0,0.0,0.0,0.0,0.0,0.0,0.0
21,5.25,R8Z5,183.45771520161517,0.0,0.0,0.0,4.755353603465878,25.90506137881747,87.54043697486577,0.0,48.27976728821153,0.0,0.0,0.0,88.64404283148656,0.0,0.0,0.0,0.0,0.0,0.0
21,5.25,R8Z6,153.21305967568824,0.0,0.0,14.310010299120322,25.527530086487815,3.552713678800501e-15,0.0,0.0,48.27976728821153,0.0,0.0,0.0,0.0,0.0,0.0,0.0,0.0,0.0,0.0
21,5.25,R8Z7,128.4274261619823,0.0,0.0,24.501177115758964,62.056079212898936,-3.552713678800501e-15,0.0,0.0,0.0,0.0,0.0,0.0,82.12723037861605,0.0,0.0,0.0,0.0,0.0,0.0
21,5.25,R8Z8,145.1902737737649,0.0,0.0,37.81083223257727,78.12960134359164,0.0,0.0,0.0,48.27976728821153,0.0,0.0,0.0,87.31895661139231,0.0,0.0,0.0,0.0,0.0,0.0
21,5.25,R9Z1,116.50891458294693,0.0,135.0,0.0,0.0,12.759627114485276,55.99716587038762,0.0,48.27976728821153,0.0,0.0,0.0,0.0,2.354085651465958,0.0,640.0,0.0,0.0,0.0
21,5.25,R9Z2,112.3389700600069,0.0,135.0,12.864159635794053,54.275142746434284,-5.329070518200751e-15,0.0,0.0,48.27976728821153,0.0,0.0,0.0,77.64794043375717,2.354085651465958,0.0,640.0,0.0,0.0,0.0
21,5.25,R9Z3,136.48282751314875,0.0,0.0,0.0,0.0,21.11801856159131,31.100954485288213,0.0,96.55953457642306,0.0,0.0,0.0,142.73153933288128,0.0,0.0,0.0,0.0,0.0,0.0
21,5.25,R9Z4,137.15941028579545,0.0,0.0,0.0,0.0,36.83093624765387,101.5245746868166,0.0,48.27976728821153,0.0,0.0,0.0,74.86376687352173,0.0,0.0,0.0,0.0,0.0,0.0
21,5.25,R9Z5,125.20899655072142,0.0,0.0,26.925704600443197,120.28488828318712,-3.552713678800501e-15,0.0,0.0,48.27976728821153,0.0,0.0,0.0,155.92282165481822,0.0,0.0,0.0,0.0,0.0,0.0
21,5.25,R9Z6,132.35287017001906,0.0,0.0,11.371914281031842,49.53619620535101,1.7763568394002505e-15,0.0,0.0,48.27976728821153,0.0,0.0,0.0,165.78125855105546,0.0,0.0,0.0,0.0,0.0,0.0
21,5.25,R9Z7,104.17393735780374,0.0,0.0,35.595699111449115,47.029447528215165,-7.105427357601002e-15,0.0,0.0,0.0,0.0,0.0,0.0,79.4541920551139,0.0,0.0,0.0,0.0,0.0,0.0
21,5.25,R9Z8,127.92322219632285,0.0,0.0,28.03055244213968,51.69385242612998,-3.552713678800501e-15,0.0,0.0,48.27976728821153,0.0,0.0,0.0,74.24136637709786,0.0,0.0,0.0,0.0,0.0,0.0
21,5.25,R9Z9,141.3508700503937,0.0,0.0,0.0,0.0,30.612575409398374,62.828509367163605,0.0,0.0,0.0,0.0,0.0,168.47821399046916,0.0,0.0,0.0,0.0,0.0,0.0
21,5.25,R9Z10,103.11020141756678,0.0,0.0,13.234878435182566,90.62313655553287,13.326559415954652,0.0,0.0,0.0,0.0,0.0,0.0,0.0,0.0,0.0,0.0,0.0,0.0,0.0
21,5.25,R9Z11,148.08158687849613,0.0,0.0,14.011991679715209,159.46846808810577,8.881784197001252e-15,0.0,0.0,0.0,0.0,0.0,0.0,166.5058554722803,0.0,0.0,0.0,0.0,0.0,0.0
21,5.25,R10Z1,131.89219378684814,0.0,0.0,0.0,0.0,16.283164380437178,88.16091298061298,0.0,0.0,0.0,0.0,0.0,72.98914284259409,2.354085651465958,0.0,640.0,0.0,0.0,0.0
21,5.25,R10Z2,102.13031732414282,0.0,0.0,23.112948515670183,176.36948916544793,-3.552713678800501e-15,0.0,0.0,0.0,0.0,0.0,0.0,173.82383640198788,2.354085651465958,0.0,640.0,0.0,0.0,0.0
21,5.25,R10Z3,99.66178520738956,0.0,0.0,0.0,0.0,50.29575105873096,83.86715668310782,0.0,0.0,0.0,0.0,0.0,83.55624368538442,0.0,0.0,0.0,0.0,0.0,0.0
21,5.25,R10Z4,142.92230783907797,0.0,0.0,11.759829538340966,46.24699980915572,0.0,0.0,0.0,96.55953457642306,0.0,0.0,0.0,84.71693373352116,0.0,0.0,0.0,0.0,0.0,0.0
21,5.25,R10Z5,85.50642667432086,0.0,0.0,0.0,0.0,15.420206824575871,145.16003412833405,0.0,96.55953457642306,0.0,0.0,0.0,0.0,0.0,0.0,0.0,0.0,0.0,0.0
21,5.25,R10Z6,95.343201240945,0.0,0.0,28.910864123992823,48.56394340218898,0.0,0.0,0.0,96.55953457642306,0.0,0.0,0.0,71.87415027869396,0.0,0.0,0.0,0.0,0.0,0.0
21,5.25,R10Z7,95.60668159995978,0.0,0.0,12.888210684843273,144.53357466642439,0.0,0.0,0.0,96.55953457642306,0.0,0.0,0.0,86.95152933682355,0.0,0.0,0.0,0.0,0.0,0.0
21,5.25,R10Z8,118.68203880145761,0.0,0.0,15.75276989590634,45.879744503832654,1.7763568394002505e-15,0.0,0.0,0.0,0.0,0.0,0.0,84.14009368113808,0.0,0.0,0.0,0.0,0.0,0.0
21,5.25,R10Z9,118.70294508044134,0.0,0.0,0.0,0.0,13.116066333465877,100.125238036901,0.0,48.27976728821153,0.0,0.0,0.0,0.0,0.0,0.0,0.0,0.0,0.0,0.0
21,5.25,R11Z1,172.20456880686316,0.0,135.0,0.0,0.0,27.02099916406606,145.15495205255576,0.0,96.55953457642306,595.9394580021076,0.0,0.0,164.26273685321254,0.0,0.0,0.0,0.0,0.0,0.0
21,5.25,R11Z2,134.59649250270823,0.0,135.0,0.0,0.0,14.394433491619148,46.12475300307249,0.0,48.27976728821153,0.0,0.0,0.0,71.94304102820313,0.0,0.0,0.0,0.0,0.0,0.0
21,5.25,R11Z3,163.77955071630532,0.0,0.0,0.0,0.0,12.712566998349729,56.0478292175247,0.0,48.27976728821153,0.0,0.0,0.0,0.0,0.0,0.0,0.0,0.0,0.0,0.0
21,5.25,R11Z4,146.44111389568064,0.0,0.0,37.351324615048256,119.26542377358574,0.0,0.0,0.0,0.0,0.0,0.0,0.0,83.41250579707194,0.0,0.0,0.0,0.0,0.0,0.0
21,5.25,R11Z5,63.97661939524296,0.0,0.0,0.0,0.0,13.622899452535854,34.59939358825072,0.0,48.27976728821153,0.0,0.0,0.0,91.332492844791,0.0,0.0,0.0,0.0,0.0,0.0
21,5.25,R11Z6,114.74436741679514,0.0,0.0,14.060626819702549,115.9519363386494,-1.4210854715202004e-14,0.0,0.0,0.0,0.0,0.0,0.0,0.0,0.0,0.0,0.0,0.0,0.0,0.0
21,5.25,R11Z7,145.08020466736036,0.0,0.0,0.0,55.13887564590043,12.464831338064814,25.055243668307057,0.0,48.27976728821153,0.0,0.0,0.0,0.0,0.0,0.0,0.0,0.0,0.0,0.0
21,5.25,R11Z8,119.22398930886325,0.0,0.0,0.0,0.0,23.680611478577408,135.78396590964022,0.0,48.27976728821153,0.0,0.0,0.0,164.10391655755197,0.0,0.0,0.0,0.0,0.0,0.0
21,5.25,R12Z1,147.42129786761706,0.0,135.0,0.0,0.0,36.05038051982132,106.76563584709174,0.0,96.55953457642306,0.0,0.0,0.0,141.66589676210623,0.0,0.0,0.0,0.0,0.0,0.0
21,5.25,R12Z2,146.12234792447592,0.0,135.0,0.0,0.0,7.993213038723895,82.87300483321366,0.0,48.27976728821153,0.0,0.0,0.0,90.36332072196967,0.0,0.0,0.0,0.0,0.0,0.0
21,5.25,R12Z3,105.98977995838685,0.0,0.0,38.787973648380685,65.99590256015715,0.0,0.0,0.0,48.27976728821153,0.0,0.0,0.0,163.73848967091436,0.0,0.0,0.0,0.0,0.0,0.0
21,5.25,R12Z4,121.59075413930537,0.0,0.0,0.0,0.0,41.64513705370711,45.967350439816684,0.0,0.0,0.0,0.0,0.0,0.0,0.0,0.0,0.0,0.0,0.0,0.0
21,5.25,R12Z5,143.89724726081616,0.0,0.0,0.0,0.0,10.359802363157266,60.6194751321044,0.0,0.0,0.0,0.0,0.0,155.01421387065693,0.0,0.0,0.0,0.0,0.0,0.0
21,5.25,R12Z6,111.48305394227658,0.0,0.0,18.63047691775992,218.7785900760403,1.2818045082534404,0.0,0.0,0.0,0.0,0.0,0.0,0.0,0.0,0.0,0.0,0.0,0.0,0.0
21,5.25,R12Z7,106.39549569681517,0.0,0.0,0.0,0.0,16.875946686015222,74.12116691364504,0.0,96.55953457642306,0.0,0.0,0.0,0.0,0.0,0.0,0.0,0.0,0.0,0.0
21,5.25,R12Z8,194.93050560228556,0.0,0.0,0.0,0.0,10.605258804492784,45.398478028545185,0.0,0.0,0.0,0.0,0.0,74.87282180184455,0.0,0.0,0.0,0.0,0.0,0.0
21,5.25,R12Z9,133.40654615228433,0.0,0.0,11.883715891290592,186.15660374566454,1.4210854715202004e-14,0.0,0.0,96.55953457642306,0.0,0.0,0.0,169.88067105007832,0.0,0.0,0.0,0.0,0.0,0.0
22,5.5,R1Z1,88.48321345796823,0.0,0.0,31.933320267167275,67.03185925018916,-7.105427357601002e-15,0.0,0.0,71.08427266155533,0.0,0.0,0.0,155.1829495002715,0.0,0.0,597.519863036952,0.0,0.0,0.0
22,5.5,R1Z2,109.15333658671173,0.0,0.0,9.98875274578765,134.59909270595446,0.0,0.0,0.0,71.08427266155533,0.0,0.0,0.0,109.81766580101208,0.0,0.0,0.0,0.0,0.0,0.0
22,5.5,R1Z3,176.87246001464464,0.0,0.0,31.113162233990806,44.528709960979256,-7.105427357601002e-15,0.0,0.0,35.542136330777666,0.0,0.0,0.0,44.70492574510446,0.0,0.0,0.0,0.0,0.0,0.0
22,5.5,R1Z4,99.36006380270055,0.0,0.0,57.02514305220952,50.42126338009553,0.0,0.0,0.0,71.08427266155533,0.0,0.0,0.0,0.0,0.0,0.0,0.0,0.0,0.0,0.0
22,5.5,R1Z5,98.12836878705554,0.0,0.0,28.558246935258104,11.29582271972064,-3.552713678800501e-15,0.0,0.0,71.08427266155533,0.0,0.0,0.0,0.0,0.0,0.0,0.0,0.0,0.0,0.0
22,5.5,R1Z6,86.45227027428959,0.0,0.0,42.706022954179346,106.88517169503625,1.4210854715202004e-14,0.0,0.0,0.0,0.0,0.0,45.0,14.088826306508354,0.0,0.0,0.0,0.0,0.0,0.0
22,5.5,R1Z7,126.76460806189569,0.0,0.0,13.881823131774851,45.98223811270843,0.0,0.0,0.0,35.542136330777666,0.0,0.0,45.0,34.812496011530385,0.0,0.0,0.0,0.0,0.0,0.0
22,5.5,R1Z8,111.82762332405085,0.0,0.0,14.080947636871365,33.59107238736014,1.7763568394002505e-15,0.0,0.0,0.0,0.0,0.0,0.0,0.0,0.0,0.0,0.0,0.0,0.0,0.0
22,5.5,R1Z9,118.15406527926108,0.0,0.0,35.205260047765506,37.77057585264379,-7.105427357601002e-15,0.0,0.0,0.0,0.0,0.0,45.201813943709865,59.16798420051576,0.0,0.0,0.0,0.0,0.0,0.0
22,5.5,R1Z10,123.0633783188142,0.0,0.0,43.38608429744437,17.576469064227883,-7.105427357601002e-15,0.0,0.0,0.0,0.0,0.0,90.0,42.11723888299137,0.0,0.0,0.0,0.0,0.0,0.0
22,5.5,R2Z1,123.36745011190074,0.0,135.0,14.01075816182177,121.3940568157096,22.328240146221503,0.0,0.0,0.0,0.0,0.0,0.0,76.35130335740004,2.354085651465958,0.0,640.0,0.0,0.0,0.0
22,5.5,R2Z2,102.90139124960493,0.0,135.0,0.0,0.0,22.643216164363455,51.29707012154618,0.0,0.0,0.0,0.0,0.0,82.52256216838316,2.354085651465958,0.0,640.0,0.0,0.0,0.0
22,5.5,R2Z3,91.04562208993185,0.0,0.0,39.86863099545629,40.4310524949124,-7.105427357601002e-15,0.0,0.0,35.542136330777666,0.0,0.0,0.0,71.43494767441156,0.0,0.0,0.0,0.0,0.0,0.0
22,5.5,R2Z4,140.73285680794982,0.0,0.0,19.75139604245362,154.6246310187824,1.4210854715202004e-14,0.0,0.0,71.08427266155533,0.0,0.0,0.0,0.0,0.0,0.0,0.0,0.0,0.0,0.0
22,5.5,R2Z5,131.7458754891917,0.0,0.0,20.36936839185085,63.3773633815861,3.552713678800501e-15,0.0,0.0,35.542136330777666,0.0,0.0,0.0,0.0,0.0,0.0,0.0,0.0,0.0,0.0
22,5.5,R2Z6,101.07223950760068,0.0,0.0,0.0,0.0,23.360138545254053,77.75226264712832,0.0,71.08427266155533,0.0,0.0,0.0,172.47860489465066,0.0,0.0,0.0,0.0,0.0,0.0
22,5.5,R2Z7,135.107804231551,0.0,0.0,0.0,0.0,16.119833642683595,52.78226509332144,0.0,71.08427266155533,0.0,0.0,0.0,88.12626919247322,0.0,0.0,0.0,0.0,0.0,0.0
22,5.5,R2Z8,139.15705481135382,0.0,0.0,49.74140832808741,44.796538800715375,7.105427357601002e-15,0.0,0.0,0.0,0.0,0.0,0.0,90.81096431330037,0.0,0.0,0.0,0.0,0.0,0.0
22,5.5,R2Z9,93.91466587097,0.0,0.0,14.3549625899809,110.58709016386906,7.105427357601002e-15,0.0,0.0,35.542136330777666,0.0,0.0,0.0,83.05722700945574,0.0,0.0,0.0,0.0,0.0,0.0
22,5.5,R3Z1,89.96071202844186,0.0,0.0,0.0,0.0,48.28922905287244,9.95969695234079,0.0,0.0,0.0,0.0,0.0,0.0,0.0,0.0,0.0,0.0,0.0,0.0
22,5.5,R3Z2,116.79127671118626,0.0,0.0,0.0,0.0,61.96548238466556,55.40158791875052,0.0,71.08427266155533,0.0,0.0,0.0,165.4378540619922,0.0,0.0,0.0,0.0,0.0,0.0
22,5.5,R3Z3,119.3077729419432,0.0,0.0,0.0,0.0,18.848276237304304,36.20209622172426,0.0,35.542136330777666,0.0,0.0,0.0,0.0,0.0,0.0,0.0,0.0,0.0,0.0
22,5.5,R4Z1,137.13335431792237,0.0,135.0,13.270638019810775,75.56526323461438,1.7763568394002505e-15,0.0,0.0,71.08427266155533,0.0,0.0,0.0,81.84802276185509,0.0,0.0,0.0,0.0,0.0,0.0
22,5.5,R4Z2,158.99371049155994,0.0,0.0,45.76224478646543,61.47083763374667,0.0,0.0,0.0,71.08427266155533,0.0,0.0,0.0,161.80182697987118,0.0,0.0,0.0,0.0,0.0,0.0
22,5.5,R4Z3,122.0256128963296,0.0,0.0,31.73826767576537,180.37325886134633,3.552713678800501e-15,0.0,0.0,0.0,0.0,0.0,0.0,0.0,0.0,0.0,0.0,0.0,0.0,0.0
22,5.5,R4Z4,149.8510651947016,0.0,0.0,0.0,0.0,14.925173236993393,42.924967928542,0.0,0.0,0.0,0.0,0.0,0.0,0.0,0.0,0.0,0.0,0.0,0.0
22,5.5,R4Z5,133.5420323490671,0.0,0.0,0.0,0.0,16.12062045850287,171.9225057698208,0.0,71.08427266155533,0.0,0.0,0.0,0.0,0.0,0.0,0.0,0.0,0.0,0.0
22,5.5,R4Z6,117.4363380041649,0.0,0.0,32.64803752111284,27.595979211654814,0.0,0.0,0.0,71.08427266155533,0.0,0.0,0.0,153.9918703880443,0.0,0.0,0.0,0.0,0.0,0.0
22,5.5,R4Z7,140.92768853813615,0.0,0.0,31.279241503794566,137.15023146941627,7.105427357601002e-15,0.0,0.0,71.08427266155533,0.0,0.0,0.0,0.0,0.0,0.0,0.0,0.0,0.0,0.0
22,5.5,R4Z8,136.08631880036998,0.0,0.0,0.0,0.0,28.80105711112457,52.343457909743094,0.0,71.08427266155533,0.0,0.0,0.0,0.0,0.0,0.0,0.0,0.0,0.0,0.0
22,5.5,R4Z9,117.303056049582,0.0,0.0,0.0,0.0,30.838383168948308,111.62912006822116,0.0,0.0,0.0,0.0,0.0,89.13212639795877,0.0,0.0,0.0,0.0,0.0,0.0
22,5.5,R4Z10,121.8284736061502,0.0,0.0,11.408454968103598,194.9318045910878,-8.881784197001252e-15,0.0,0.0,0.0,0.0,0.0,0.0,90.80105661303492,0.0,0.0,0.0,0.0,0.0,0.0
22,5.5,R4Z11,130.43173555556652,0.0,0.0,28.438548997001817,74.4628468355692,0.0,0.0,0.0,35.542136330777666,0.0,0.0,0.0,84.00350614884047,0.0,0.0,0.0,0.0,0.0,0.0
22,5.5,R5Z1,114.96308013172325,0.0,135.0,53.84663975988587,37.23872035087033,-7.105427357601002e-15,0.0,0.0,0.0,0.0,0.0,0.0,73.33827031596573,0.0,0.0,0.0,0.0,0.0,0.0
22,5.5,R5Z2,98.76812646429165,0.0,135.0,0.0,0.0,12.638460211641318,30.57114163889327,0.0,35.542136330777666,0.0,0.0,0.0,174.49548680250638,0.0,0.0,0.0,0.0,0.0,0.0
22,5.5,R5Z3,172.0864013383127,0.0,0.0,36.81054883316793,120.51173416632301,7.105427357601002e-15,0.0,0.0,35.542136330777666,0.0,0.0,0.0,148.005785574875,0.0,0.0,0.0,0.0,0.0,0.0
22,5.5,R5Z4,142.56719174673958,0.0,0.0,38.510141272264235,19.617700051386432,7.105427357601002e-15,0.0,0.0,71.08427266155533,0.0,0.0,0.0,0.0,0.0,0.0,0.0,0.0,0.0,0.0
22,5.5,R5Z5,133.17760032122078,0.0,0.0,14.517563832340542,90.70674671603349,3.552713678800501e-15,0.0,0.0,35.542136330777666,0.0,0.0,0.0,81.42685566009743,0.0,0.0,0.0,0.0,0.0,0.0
22,5.5,R5Z6,111.44370620170398,0.0,0.0,0.0,46.12566474375126,15.628891162665017,24.930729921180102,0.0,71.08427266155533,0.0,0.0,0.0,165.28914653743144,0.0,0.0,0.0,0.0,0.0,0.0
22,5.5,R5Z7,117.64066284875211,0.0,0.0,0.0,0.0,32.43044081966706,45.50710354352169,0.0,0.0,0.0,0.0,0.0,89.67529636745881,0.0,0.0,0.0,0.0,0.0,0.0
22,5.5,R5Z8,121.56289666025786,0.0,0.0,0.0,112.48950523527763,33.82383324475622,7.325368744342811,0.0,35.542136330777666,0.0,0.0,0.0,166.90692374129202,0.0,0.0,0.0,0.0,0.0,0.0
22,5.5,R5Z9,127.18667111156051,0.0,0.0,0.0,0.0,39.05395445005948,129.29028241596575,0.0,0.0,0.0,0.0,0.0,86.96010965364479,0.0,0.0,0.0,0.0,0.0,0.0
22,5.5,R6Z1,132.95794095880797,0.0,135.0,51.49339913888702,26.328024791145786,-7.105427357601002e-15,0.0,0.0,0.0,0.0,0.0,0.0,0.0,2.354085651465958,0.0,640.0,0.0,0.0,0.0
22,5.5,R6Z2,146.78017061297862,0.0,135.0,0.0,20.999414748636774,39.14095596647238,29.14769753005914,0.0,71.08427266155533,0.0,0.0,0.0,141.6605744722578,2.354085651465958,0.0,640.0,0.0,0.0,0.0
22,5.5,R6Z3,147.8299503006794,0.0,0.0,0.0,0.0,46.990805864708754,131.43903354195555,0.0,35.542136330777666,0.0,0.0,0.0,83.43194848228877,0.0,0.0,0.0,0.0,0.0,0.0
22,5.5,R6Z4,157.26086812080612,0.0,0.0,0.0,15.647956705414998,20.516219805889083,170.27094175047603,0.0,35.542136330777666,0.0,0.0,0.0,79.11135598863629,0.0,0.0,0.0,0.0,0.0,0.0
22,5.5,R7Z1,84.58269720057105,0.0,135.0,0.0,0.0,29.729258044676904,79.43960435348791,0.0,35.542136330777666,0.0,0.0,0.0,0.0,2.354085651465958,0.0,640.0,0.0,0.0,0.0
22,5.5,R7Z2,150.50839312369612,0.0,135.0,0.0,0.0,36.935517495352144,38.462280600604444,0.0,0.0,0.0,0.0,0.0,168.65929344274824,0.0,0.0,0.0,0.0,0.0,0.0
22,5.5,R7Z3,93.96180284861315,0.0,0.0,15.681376459113494,68.56339824690407,-5.329070518200751e-15,0.0,0.0,71.08427266155533,0.0,0.0,0.0,144.0365891788862,0.0,0.0,0.0,0.0,0.0,0.0
22,5.5,R7Z4,135.20527064584448,0.0,0.0,0.0,0.0,23.794471066526253,127.22429031604582,0.0,35.542136330777666,0.0,0.0,0.0,70.27720872123727,0.0,0.0,0.0,0.0,0.0,0.0
22,5.5,R7Z5,144.96669118761562,0.0,0.0,0.0,0.0,12.013829595708362,127.64281252255063,0.0,71.08427266155533,0.0,0.0,0.0,0.0,0.0,0.0,0.0,0.0,0.0,0.0
22,5.5,R7Z6,97.89812832500297,0.0,0.0,32.46774752380446,160.0,0.0,0.0,0.0,71.08427266155533,0.0,0.0,0.0,0.0,0.0,0.0,0.0,0.0,0.0,0.0
22,5.5,R7Z7,120.44296764381122,0.0,0.0,0.0,0.0,27.805683061497596,54.306179909201106,0.0,0.0,0.0,0.0,0.0,70.59258900649685,0.0,0.0,0.0,0.0,0.0,0.0
22,5.5,R7Z8,144.08570268727743,0.0,0.0,12.624575631078386,101.16914496383816,27.952668804759632,0.0,0.0,71.08427266155533,0.0,0.0,0.0,149.94404958354568,0.0,0.0,0.0,0.0,0.0,0.0
22,5.5,R7Z9,135.77137669047838,0.0,0.0,22.98016792222893,151.33848676939795,0.0,0.0,0.0,71.08427266155533,0.0,0.0,0.0,81.98341452431445,0.0,0.0,0.0,0.0,0.0,0.0
22,5.5,R8Z1,128.58461830467738,0.0,135.0,17.239868920988158,132.17903040998908,7.105427357601002e-15,0.0,0.0,35.542136330777666,0.0,0.0,0.0,87.29875449982544,2.354085651465958,0.0,640.0,0.0,0.0,0.0
22,5.5,R8Z2,174.97649929275104,0.0,135.0,0.0,0.0,43.7293216428875,148.23669539652468,0.0,35.542136330777666,0.0,0.0,0.0,152.08205695533363,0.0,0.0,0.0,0.0,0.0,0.0
22,5.5,R8Z3,97.88789273386595,0.0,0.0,0.0,0.0,28.00029817747364,113.63524717471927,0.0,35.542136330777666,0.0,0.0,0.0,177.92522918401286,0.0,0.0,0.0,0.0,0.0,0.0
22,5.5,R8Z4,90.15062813801826,0.0,0.0,40.828629364507236,113.53909342450797,1.4210854715202004e-14,0.0,0.0,0.0,0.0,0.0,0.0,0.0,0.0,0.0,0.0,0.0,0.0,0.0
22,5.5,R8Z5,165.13278855674363,0.0,0.0,30.21269250456068,116.58811829214265,-1.4210854715202004e-14,0.0,0.0,35.542136330777666,0.0,0.0,0.0,88.54491863630085,0.0,0.0,0.0,0.0,0.0,0.0
22,5.5,R8Z6,138.3176362315194,0.0,0.0,0.0,36.84104730947452,14.250140324473737,85.8502951620121,0.0,35.542136330777666,0.0,0.0,0.0,0.0,0.0,0.0,0.0,0.0,0.0,0.0
22,5.5,R8Z7,123.1174462594243,0.0,0.0,27.584674458556954,54.00008171192845,3.552713678800501e-15,0.0,0.0,0.0,0.0,0.0,0.0,82.03539346150265,0.0,0.0,0.0,0.0,0.0,0.0
22,5.5,R8Z8,146.43358270508674,0.0,0.0,0.0,0.0,38.21886788391795,203.4212393625228,0.0,35.542136330777666,0.0,0.0,0.0,87.22131416389007,0.0,0.0,0.0,0.0,0.0,0.0
22,5.5,R9Z1,114.11264159455625,0.0,135.0,13.777347735150258,49.51027292644338,0.0,0.0,0.0,35.542136330777666,0.0,0.0,0.0,0.0,2.354085651465958,0.0,640.0,0.0,0.0,0.0
22,5.5,R9Z2,114.91342809453698,0.0,135.0,12.185649825193806,89.2530220143162,1.7763568394002505e-15,0.0,0.0,35.542136330777666,0.0,0.0,0.0,77.56111238127366,2.354085651465958,0.0,640.0,0.0,0.0,0.0
22,5.5,R9Z3,136.72849563353495,0.0,0.0,0.0,0.0,25.410518386036642,52.17590639528218,0.0,71.08427266155533,0.0,0.0,0.0,142.5719330185474,0.0,0.0,0.0,0.0,0.0,0.0
22,5.5,R9Z4,130.16134549908958,0.0,0.0,0.0,0.0,29.80151138929614,205.42747511367074,0.0,35.542136330777666,0.0,0.0,0.0,74.78005216012565,0.0,0.0,0.0,0.0,0.0,0.0
22,5.5,R9Z5,102.08285566265315,0.0,0.0,0.0,57.095903524147815,24.96770405657609,99.40285393487173,0.0,35.542136330777666,0.0,0.0,0.0,155.7484644875013,0.0,0.0,0.0,0.0,0.0,0.0
22,5.5,R9Z6,136.93066786059248,0.0,0.0,13.71810993148803,46.01536986728601,-1.7763568394002505e-15,0.0,0.0,35.542136330777666,0.0,0.0,0.0,165.59587740974192,0.0,0.0,0.0,0.0,0.0,0.0
22,5.5,R9Z7,97.43022342819124,0.0,0.0,45.00470657749332,61.58590771175136,0.0,0.0,0.0,0.0,0.0,0.0,0.0,79.36534420262407,0.0,0.0,0.0,0.0,0.0,0.0
22,5.5,R9Z8,129.5471540720074,0.0,0.0,0.0,0.0,25.31456629389659,33.7874743777384,0.0,35.542136330777666,0.0,0.0,0.0,74.15834764897411,0.0,0.0,0.0,0.0,0.0,0.0
22,5.5,R9Z9,140.29427499778126,0.0,0.0,27.20789991598467,49.8041849047447,0.0,0.0,0.0,0.0,0.0,0.0,0.0,168.28981703975836,0.0,0.0,0.0,0.0,0.0,0.0
22,5.5,R9Z10,113.66488156252973,0.0,0.0,28.604211526452872,193.275945068945,7.105427357601002e-15,0.0,0.0,0.0,0.0,0.0,0.0,0.0,0.0,0.0,0.0,0.0,0.0,0.0
22,5.5,R9Z11,151.2094623035587,0.0,0.0,14.566859385075077,169.55885556738843,-1.2434497875801753e-14,0.0,0.0,0.0,0.0,0.0,0.0,166.31966406685476,0.0,0.0,0.0,0.0,0.0,0.0
22,5.5,R10Z1,132.28298495635482,0.0,0.0,0.0,0.0,18.198174776798762,88.69961131603222,0.0,0.0,0.0,0.0,0.0,72.90752438510428,2.354085651465958,0.0,640.0,0.0,0.0,0.0
22,5.5,R10Z2,101.77579650687805,0.0,0.0,28.010982507604695,70.65834496897465,0.0,0.0,0.0,0.0,0.0,0.0,0.0,173.62946182996848,2.354085651465958,0.0,640.0,0.0,0.0,0.0
22,5.5,R10Z3,88.26007843697575,0.0,0.0,54.21101081479796,81.20464784203261,0.0,0.0,0.0,0.0,0.0,0.0,0.0,83.4628088064744,0.0,0.0,0.0,0.0,0.0,0.0
22,5.5,R10Z4,140.30497657516534,0.0,0.0,14.995511241684056,33.83428977831771,1.7763568394002505e-15,0.0,0.0,71.08427266155533,0.0,0.0,0.0,84.62220093922726,0.0,0.0,0.0,0.0,0.0,0.0
22,5.5,R10Z5,95.74966874314002,0.0,0.0,16.85733573124736,71.99475641793286,0.0,0.0,0.0,71.08427266155533,0.0,0.0,0.0,0.0,0.0,0.0,0.0,0.0,0.0,0.0
22,5.5,R10Z6,102.35408500769302,0.0,0.0,0.0,0.0,35.27500906718489,43.789770797028176,0.0,71.08427266155533,0.0,0.0,0.0,71.79377863641028,0.0,0.0,0.0,0.0,0.0,0.0
22,5.5,R10Z7,99.16735326815956,0.0,0.0,0.0,0.0,9.269406857157517,162.26379420883998,0.0,71.08427266155533,0.0,0.0,0.0,86.85429775655749,0.0,0.0,0.0,0.0,0.0,0.0
22,5.5,R10Z8,104.67106068500988,0.0,0.0,21.605267348328965,37.76222548768323,0.0,0.0,0.0,0.0,0.0,0.0,0.0,84.04600592518084,0.0,0.0,0.0,0.0,0.0,0.0
22,5.5,R10Z9,135.6848829192731,0.0,0.0,12.046096147291365,93.15637238213944,5.329070518200751e-15,0.0,0.0,35.542136330777666,0.0,0.0,0.0,0.0,0.0,0.0,0.0,0.0,0.0,0.0
22,5.5,R11Z1,150.6607780333253,0.0,135.0,26.913234830484853,122.47950607977445,7.105427357601002e-15,0.0,0.0,71.08427266155533,0.0,0.0,0.0,164.0790537644287,0.0,0.0,0.0,0.0,0.0,0.0
22,5.5,R11Z2,113.06246940076082,0.0,135.0,13.924824325295312,34.08803049769429,-1.7763568394002505e-15,0.0,0.0,35.542136330777666,0.0,0.0,0.0,71.86259235039756,0.0,0.0,0.0,0.0,0.0,0.0
22,5.5,R11Z3,178.41911756861504,0.0,0.0,0.0,0.0,15.834560952619984,40.08136925757717,0.0,35.542136330777666,0.0,0.0,0.0,0.0,0.0,0.0,0.0,0.0,0.0,0.0
22,5.5,R11Z4,133.68964074178405,0.0,0.0,35.145148274318274,115.59476487211887,0.0,0.0,0.0,0.0,0.0,0.0,0.0,83.31923164980324,0.0,0.0,0.0,0.0,0.0,0.0
22,5.5,R11Z5,61.311264636050126,0.0,0.0,0.0,0.0,13.179103381811265,48.89642273438044,0.0,35.542136330777666,0.0,0.0,0.0,91.23036235120833,0.0,0.0,0.0,0.0,0.0,0.0
22,5.5,R11Z6,132.34623417837528,0.0,0.0,0.0,71.14961393861182,16.537848173098528,4.468044999403986,0.0,0.0,0.0,0.0,0.0,0.0,0.0,0.0,0.0,0.0,0.0,0.0
22,5.5,R11Z7,117.82522731261763,0.0,0.0,0.0,0.0,12.884244241996006,105.01075320300082,0.0,35.542136330777666,0.0,0.0,0.0,0.0,0.0,0.0,0.0,0.0,0.0,0.0
22,5.5,R11Z8,101.03763263163542,0.0,0.0,28.191128203720595,114.0213274026821,7.105427357601002e-15,0.0,0.0,35.542136330777666,0.0,0.0,0.0,163.92041106597017,0.0,0.0,0.0,0.0,0.0,0.0
22,5.5,R12Z1,129.9316981027441,0.0,135.0,36.086548876133094,114.87494776520705,0.0,0.0,0.0,71.08427266155533,0.0,0.0,0.0,141.50748207846527,0.0,0.0,0.0,0.0,0.0,0.0
22,5.5,R12Z2,147.0727263589408,0.0,135.0,0.0,0.0,11.24153513203454,64.50262656956751,0.0,35.542136330777666,0.0,0.0,0.0,90.2622739831843,0.0,0.0,0.0,0.0,0.0,0.0
22,5.5,R12Z3,93.01486915092767,0.0,0.0,45.56042629632213,20.58507906432532,0.0,0.0,0.0,35.542136330777666,0.0,0.0,0.0,163.5553928096802,0.0,0.0,0.0,0.0,0.0,0.0
22,5.5,R12Z4,112.25224911726758,0.0,0.0,47.89965204904781,24.246796852087577,-7.105427357601002e-15,0.0,0.0,0.0,0.0,0.0,0.0,0.0,0.0,0.0,0.0,0.0,0.0,0.0
22,5.5,R12Z5,150.02666693892883,0.0,0.0,9.97569933600262,102.13091522360365,-1.7763568394002505e-15,0.0,0.0,0.0,0.0,0.0,0.0,154.840872733436,0.0,0.0,0.0,0.0,0.0,0.0
22,5.5,R12Z6,113.18335572264562,0.0,0.0,0.0,61.260202945135916,24.11513534949337,23.043438424979925,0.0,0.0,0.0,0.0,0.0,0.0,0.0,0.0,0.0,0.0,0.0,0.0
22,5.5,R12Z7,114.67799467854795,0.0,0.0,25.86377750485245,81.41745450197436,0.0,0.0,0.0,71.08427266155533,0.0,0.0,0.0,0.0,0.0,0.0,0.0,0.0,0.0,0.0
22,5.5,R12Z8,181.30679792287395,0.0,0.0,0.0,0.0,18.612041633580702,71.51360656308097,0.0,0.0,0.0,0.0,0.0,74.78909696297976,0.0,0.0,0.0,0.0,0.0,0.0
22,5.5,R12Z9,142.18171092157334,0.0,0.0,14.91940251609816,85.3877399954089,-1.7763568394002505e-15,0.0,0.0,71.08427266155533,0.0,0.0,0.0,169.6907058334934,0.0,0.0,0.0,0.0,0.0,0.0
23,5.75,R1Z1,99.1359903275428,0.0,0.0,45.46514457844364,142.85409225470175,0.0,0.0,0.0,120.0,0.0,0.0,0.0,155.00941967825062,0.0,0.0,597.0073625668177,0.0,0.0,0.0
23,5.75,R1Z2,94.64461194117183,0.0,0.0,11.812195776265384,83.11391109113247,-1.7763568394002505e-15,0.0,0.0,120.0,0.0,61.93536798985481,0.0,124.61619992571057,0.0,0.0,0.0,0.0,0.0,0.0
23,5.75,R1Z3,186.05317561562092,0.0,0.0,23.799639610881883,133.90740906836783,-7.105427357601002e-15,0.0,0.0,60.0,0.0,90.0,0.0,66.33754131893312,0.0,0.0,0.0,0.0,0.0,0.0
23,5.75,R1Z4,99.82938045303196,0.0,0.0,46.827366167789556,60.345237920548875,7.105427357601002e-15,0.0,0.0,120.0,0.0,0.0,0.0,0.0,0.0,0.0,0.0,0.0,0.0,0.0
23,5.75,R1Z5,121.56643629504114,0.0,0.0,30.48157631008339,45.55148571776562,7.105427357601002e-15,0.0,0.0,120.0,0.0,0.0,0.0,0.0,0.0,0.0,0.0,0.0,0.0,0.0
23,5.75,R1Z6,96.95763225606584,0.0,0.0,33.74119174014032,85.67096005827976,0.0,0.0,0.0,0.0,0.0,45.0,0.0,24.914374718034914,0.0,0.0,0.0,0.0,0.0,0.0
23,5.75,R1Z7,119.16116614019498,0.0,0.0,13.324781728819985,19.70649508947912,-1.7763568394002505e-15,0.0,0.0,60.0,0.0,45.0,0.0,45.61487064831487,0.0,0.0,0.0,0.0,0.0,0.0
23,5.75,R1Z8,92.80309354809984,0.0,0.0,14.084733154119618,121.13955465366519,-3.552713678800501e-15,0.0,0.0,0.0,0.0,0.0,0.0,0.0,0.0,0.0,0.0,0.0,0.0,0.0
23,5.75,R1Z9,128.6612374266529,0.0,0.0,28.157125601680548,181.04364490163542,3.552713678800501e-15,0.0,0.0,0.0,0.0,0.0,0.0,59.10182094095205,0.0,0.0,0.0,0.0,0.0,0.0
23,5.75,R1Z10,119.26799214665176,0.0,0.0,59.11106728655105,64.21552660630712,-7.105427357601002e-15,0.0,0.0,0.0,0.0,16.795219616611973,0.0,46.116410311756994,0.0,0.0,0.0,0.0,0.0,0.0
23,5.75,R2Z1,136.78438707583257,0.0,135.0,0.8112895795223807,69.81704222999055,46.25621698467319,0.0,0.0,0.0,0.0,0.0,0.0,76.26592523998872,2.354085651465958,0.0,640.0,0.0,0.0,0.0
23,5.75,R2Z2,123.92504986134283,0.0,135.0,0.0,0.0,35.696522369567276,58.31838476334575,0.0,0.0,0.0,0.0,0.0,82.43028318044087,2.354085651465958,0.0,640.0,0.0,0.0,0.0
23,5.75,R2Z3,123.15529769216145,0.0,0.0,0.0,0.0,61.093801888119565,59.31807664453393,0.0,60.0,0.0,0.0,0.0,71.35506716050247,0.0,0.0,0.0,0.0,0.0,0.0
23,5.75,R2Z4,145.33895477959325,0.0,0.0,15.968537976302827,194.44316284866954,5.329070518200751e-15,0.0,0.0,120.0,0.0,0.0,0.0,0.0,0.0,0.0,0.0,0.0,0.0,0.0
23,5.75,R2Z5,130.56360154553977,0.0,0.0,0.0,0.0,17.316455500452687,111.30221119037776,0.0,60.0,0.0,0.0,0.0,0.0,0.0,0.0,0.0,0.0,0.0,0.0
23,5.75,R2Z6,88.79272010963263,0.0,0.0,0.0,0.0,26.28131358166762,81.15002955130775,0.0,120.0,0.0,0.0,0.0,172.28573459732638,0.0,0.0,0.0,0.0,0.0,0.0
23,5.75,R2Z7,151.43887715539924,0.0,0.0,0.0,0.0,14.656153064972516,61.271886467871454,0.0,120.0,0.0,0.0,0.0,88.0277239859439,0.0,0.0,0.0,0.0,0.0,0.0
23,5.75,R2Z8,117.97799335218461,0.0,0.0,31.926180941326685,54.5373325702251,0.0,0.0,0.0,0.0,0.0,0.0,0.0,90.70941700719763,0.0,0.0,0.0,0.0,0.0,0.0
23,5.75,R2Z9,107.8347997401226,0.0,0.0,0.0,0.0,13.609045684218891,139.35522243905905,0.0,60.0,0.0,0.0,0.0,82.96435014465256,0.0,0.0,0.0,0.0,0.0,0.0
23,5.75,R3Z1,95.99358263793978,0.0,0.0,62.915465343719866,43.45439146327603,7.105427357601002e-15,0.0,0.0,0.0,0.0,0.0,0.0,0.0,0.0,0.0,0.0,0.0,0.0,0.0
23,5.75,R3Z2,134.87951755008777,0.0,0.0,52.4828649750998,129.64944948777787,-7.105427357601002e-15,0.0,0.0,120.0,0.0,0.0,0.0,165.2528569249785,0.0,0.0,0.0,0.0,0.0,0.0
23,5.75,R3Z3,105.76072143444021,0.0,0.0,15.8053916711645,65.23536623784548,3.552713678800501e-15,0.0,0.0,60.0,0.0,0.0,0.0,0.0,0.0,0.0,0.0,0.0,0.0,0.0
23,5.75,R4Z1,151.6595296209049,0.0,135.0,0.0,0.0,14.991062536360724,223.08575240229007,0.0,120.0,0.0,0.0,0.0,81.75649806234163,0.0,0.0,0.0,0.0,0.0,0.0
23,5.75,R4Z2,148.48681638043408,0.0,0.0,0.0,0.0,43.85248859399997,40.41805293591132,0.0,120.0,0.0,0.0,0.0,161.62089574787123,0.0,0.0,0.0,0.0,0.0,0.0
23,5.75,R4Z3,123.3000527002505,0.0,0.0,22.792490880180367,187.1431631007691,-3.552713678800501e-15,0.0,0.0,0.0,0.0,0.0,0.0,0.0,0.0,0.0,0.0,0.0,0.0,0.0
23,5.75,R4Z4,148.92298472820278,0.0,0.0,16.727759824147462,39.58769448357966,-3.552713678800501e-15,0.0,0.0,0.0,0.0,0.0,0.0,0.0,0.0,0.0,0.0,0.0,0.0,0.0
23,5.75,R4Z5,152.0971023526592,0.0,0.0,0.0,0.0,19.16085059325013,188.28817991369368,0.0,120.0,0.0,0.0,0.0,0.0,0.0,0.0,0.0,0.0,0.0,0.0
23,5.75,R4Z6,99.563156602972,0.0,0.0,0.0,0.0,31.584157020153352,54.555577060211185,0.0,120.0,0.0,0.0,0.0,153.81967246329066,0.0,0.0,0.0,0.0,0.0,0.0
23,5.75,R4Z7,156.08980315864673,0.0,0.0,33.79407918432511,127.40806822429249,-7.105427357601002e-15,0.0,0.0,120.0,0.0,0.0,0.0,0.0,0.0,0.0,0.0,0.0,0.0,0.0
23,5.75,R4Z8,151.20667183248142,0.0,0.0,0.0,0.0,24.660110314678043,35.21271806070054,0.0,120.0,0.0,0.0,0.0,0.0,0.0,0.0,0.0,0.0,0.0,0.0
23,5.75,R4Z9,113.7158628786201,0.0,0.0,0.0,0.0,33.27339280354891,149.18392783441044,0.0,0.0,0.0,0.0,0.0,89.03245641436853,0.0,0.0,0.0,0.0,0.0,0.0
23,5.75,R4Z10,131.38398620789638,0.0,0.0,0.0,0.0,11.617615079517332,102.42738117305575,0.0,0.0,0.0,0.0,0.0,90.69952038599382,0.0,0.0,0.0,0.0,0.0,0.0
23,5.75,R4Z11,152.51231143029702,0.0,0.0,5.8218738467780895,144.63836944800164,19.277629800811663,0.0,0.0,60.0,0.0,0.0,0.0,83.9095711288007,0.0,0.0,0.0,0.0,0.0,0.0
23,5.75,R5Z1,106.12194999331803,0.0,135.0,0.0,0.0,57.810199659389035,37.41984373999419,0.0,0.0,0.0,0.0,0.0,73.25626145457838,0.0,0.0,0.0,0.0,0.0,0.0
23,5.75,R5Z2,110.86733497410634,0.0,135.0,0.0,0.0,14.728464398718861,37.94354435553045,0.0,60.0,0.0,0.0,0.0,174.30036117262375,0.0,0.0,0.0,0.0,0.0,0.0
23,5.75,R5Z3,171.04098379342346,0.0,0.0,0.0,0.0,44.23703361872353,95.24987055267232,0.0,60.0,0.0,0.0,0.0,147.8402814540191,0.0,0.0,0.0,0.0,0.0,0.0
23,5.75,R5Z4,137.32539144492006,0.0,0.0,0.0,0.0,55.19993658152941,38.359657259735876,0.0,120.0,0.0,0.0,0.0,0.0,0.0,0.0,0.0,0.0,0.0,0.0
23,5.75,R5Z5,118.77743510096003,0.0,0.0,0.0,0.0,16.99781437758582,123.02390645135914,0.0,60.0,0.0,0.0,0.0,81.33580192116595,0.0,0.0,0.0,0.0,0.0,0.0
23,5.75,R5Z6,140.45716164226664,0.0,0.0,19.494241860119516,86.8915258486716,3.552713678800501e-15,0.0,0.0,120.0,0.0,0.0,0.0,165.10431568924233,0.0,0.0,0.0,0.0,0.0,0.0
23,5.75,R5Z7,129.96919509359276,0.0,0.0,31.92232734805846,58.64373694178077,3.552713678800501e-15,0.0,0.0,0.0,0.0,0.0,0.0,89.57501899634023,0.0,0.0,0.0,0.0,0.0,0.0
23,5.75,R5Z8,118.24398824139034,0.0,0.0,17.666631197541605,98.23567280806182,19.351956306851093,0.0,0.0,60.0,0.0,0.0,0.0,166.72028385034946,0.0,0.0,0.0,0.0,0.0,0.0
23,5.75,R5Z9,135.3985697421957,0.0,0.0,0.0,0.0,40.93433721716291,96.41385887820849,0.0,0.0,0.0,0.0,0.0,86.86286847863359,0.0,0.0,0.0,0.0,0.0,0.0
23,5.75,R6Z1,83.10960168583424,0.0,135.0,0.0,0.0,45.389333749764916,54.04671305312743,0.0,0.0,0.0,0.0,0.0,0.0,2.354085651465958,0.0,640.0,0.0,0.0,0.0
23,5.75,R6Z2,129.11748239131487,0.0,135.0,0.0,0.0,42.127834820960295,43.8497590543831,0.0,120.0,0.0,0.0,0.0,141.50216574014703,2.354085651465958,0.0,640.0,0.0,0.0,0.0
23,5.75,R6Z3,140.2300687437544,0.0,0.0,51.08926553997125,80.27978445747871,1.4210854715202004e-14,0.0,0.0,60.0,0.0,0.0,0.0,83.33865259367725,0.0,0.0,0.0,0.0,0.0,0.0
23,5.75,R6Z4,135.9171288679364,0.0,0.0,0.0,0.0,20.34419129212214,165.5207583346196,0.0,60.0,0.0,0.0,0.0,79.0228915048206,0.0,0.0,0.0,0.0,0.0,0.0
23,5.75,R7Z1,86.08135398599384,0.0,135.0,0.0,0.0,26.38607052031275,146.69734029934662,0.0,60.0,0.0,0.0,0.0,0.0,2.354085651465958,0.0,640.0,0.0,0.0,0.0
23,5.75,R7Z2,111.049429960733,0.0,135.0,26.60139308818877,36.593638257851794,-3.552713678800501e-15,0.0,0.0,0.0,0.0,0.0,0.0,168.47069400403714,0.0,0.0,0.0,0.0,0.0,0.0
23,5.75,R7Z3,92.23862809007267,0.0,0.0,0.0,0.0,15.621658948381631,151.42203016292035,0.0,120.0,0.0,0.0,0.0,143.87552352209082,0.0,0.0,0.0,0.0,0.0,0.0
23,5.75,R7Z4,164.07352362676627,0.0,0.0,0.0,0.0,37.7412294964443,68.13625878192846,0.0,60.0,0.0,0.0,0.0,70.1986228227169,0.0,0.0,0.0,0.0,0.0,0.0
23,5.75,R7Z5,155.08647251324686,0.0,0.0,0.0,0.0,15.92345675607508,80.74993164210724,0.0,120.0,0.0,0.0,0.0,0.0,0.0,0.0,0.0,0.0,0.0,0.0
23,5.75,R7Z6,108.00793977883458,0.0,0.0,0.0,0.0,30.215446093123514,81.02374326079463,0.0,120.0,0.0,0.0,0.0,0.0,0.0,0.0,0.0,0.0,0.0,0.0
23,5.75,R7Z7,137.68609394181968,0.0,0.0,19.559485054098488,81.40055190110758,0.0,0.0,0.0,0.0,0.0,0.0,0.0,70.51365044110847,0.0,0.0,0.0,0.0,0.0,0.0
23,5.75,R7Z8,129.0796921323775,0.0,0.0,0.0,0.0,40.1493541902053,96.94361697093575,0.0,120.0,0.0,0.0,0.0,149.77637804281835,0.0,0.0,0.0,0.0,0.0,0.0
23,5.75,R7Z9,129.94002407168713,0.0,0.0,0.0,0.0,27.67722788389401,49.58388635926834,0.0,120.0,0.0,0.0,0.0,81.89173842602608,0.0,0.0,0.0,0.0,0.0,0.0
23,5.75,R8Z1,130.74752009087015,0.0,135.0,25.253614527757264,74.55861023622055,-7.105427357601002e-15,0.0,0.0,60.0,0.0,0.0,0.0,87.20113464287735,2.354085651465958,0.0,640.0,0.0,0.0,0.0
23,5.75,R8Z2,170.408961525581,0.0,135.0,0.0,0.0,33.4079180225684,124.49656889692076,0.0,60.0,0.0,0.0,0.0,151.91199463623857,0.0,0.0,0.0,0.0,0.0,0.0
23,5.75,R8Z3,108.72048424537007,0.0,0.0,0.0,0.0,30.6953736445611,76.780333546114,0.0,60.0,0.0,0.0,0.0,177.72626832231543,0.0,0.0,0.0,0.0,0.0,0.0
23,5.75,R8Z4,93.59354047203622,0.0,0.0,0.0,0.0,33.681850466337714,80.5996814501603,0.0,0.0,0.0,0.0,0.0,0.0,0.0,0.0,0.0,0.0,0.0,0.0
23,5.75,R8Z5,169.48245253304248,0.0,0.0,0.0,35.08756059583578,35.70270886984305,70.40821471079184,0.0,60.0,0.0,0.0,0.0,88.44590528450357,0.0,0.0,0.0,0.0,0.0,0.0
23,5.75,R8Z6,131.45048706144888,0.0,0.0,10.07464074669707,83.34657159911202,7.105427357601002e-15,0.0,0.0,60.0,0.0,0.0,0.0,0.0,0.0,0.0,0.0,0.0,0.0,0.0
23,5.75,R8Z7,118.02883826801518,0.0,0.0,0.0,0.0,33.12869172762393,0.0,0.0,0.0,0.0,0.0,0.0,81.94365923894387,0.0,0.0,0.0,0.0,0.0,0.0
23,5.75,R8Z8,137.23237236586968,0.0,0.0,44.41387235200389,127.22694059761855,-7.105427357601002e-15,0.0,0.0,60.0,0.0,0.0,0.0,87.12378090284544,0.0,0.0,0.0,0.0,0.0,0.0
23,5.75,R9Z1,111.19419791693973,0.0,135.0,0.0,0.0,9.992717250106804,40.263281210409225,0.0,60.0,0.0,0.0,0.0,0.0,2.354085651465958,0.0,640.0,0.0,0.0,0.0
23,5.75,R9Z2,126.91058987883955,0.0,135.0,0.0,0.0,12.98089064529683,113.12052659362472,0.0,60.0,0.0,0.0,0.0,77.47438142229521,2.354085651465958,0.0,640.0,0.0,0.0,0.0
23,5.75,R9Z3,142.47245264978,0.0,0.0,0.0,0.0,20.8797776735673,56.45525324517719,0.0,120.0,0.0,0.0,0.0,142.41250518036318,0.0,0.0,0.0,0.0,0.0,0.0
23,5.75,R9Z4,132.0442785509422,0.0,0.0,0.0,94.5167312007222,40.426843143126405,45.94862996483644,0.0,60.0,0.0,0.0,0.0,74.69643105881364,0.0,0.0,0.0,0.0,0.0,0.0
23,5.75,R9Z5,111.73589896215024,0.0,0.0,0.0,2.7546284549644042,25.644852217501327,77.95876402750878,0.0,60.0,0.0,0.0,0.0,155.57430229114163,0.0,0.0,0.0,0.0,0.0,0.0
23,5.75,R9Z6,148.10158640233448,0.0,0.0,13.165268939798487,43.064136903391805,0.0,0.0,0.0,60.0,0.0,0.0,0.0,165.41070356669513,0.0,0.0,0.0,0.0,0.0,0.0
23,5.75,R9Z7,114.41006691320548,0.0,0.0,45.12672900260869,36.602693946042486,0.0,0.0,0.0,0.0,0.0,0.0,0.0,79.27659570223497,0.0,0.0,0.0,0.0,0.0,0.0
23,5.75,R9Z8,134.47532270609966,0.0,0.0,35.62741289238894,49.12342194945531,0.0,0.0,0.0,60.0,0.0,0.0,0.0,74.07542175466466,0.0,0.0,0.0,0.0,0.0,0.0
23,5.75,R9Z9,139.45451167873986,0.0,0.0,0.0,0.0,29.406663903968475,40.57447210312383,0.0,0.0,0.0,0.0,0.0,168.10163075967492,0.0,0.0,0.0,0.0,0.0,0.0
23,5.75,R9Z10,114.0792444120608,0.0,0.0,24.80662457671798,152.15432571888434,3.552713678800501e-15,0.0,0.0,0.0,0.0,0.0,0.0,0.0,0.0,0.0,0.0,0.0,0.0,0.0
23,5.75,R9Z11,150.31651735717594,0.0,0.0,14.698717280747928,97.09059971225089,3.552713678800501e-15,0.0,0.0,0.0,0.0,0.0,0.0,166.13368086575545,0.0,0.0,0.0,0.0,0.0,0.0
23,5.75,R10Z1,140.79095469359132,0.0,0.0,0.0,0.0,17.963909633257757,54.998584808587,0.0,0.0,0.0,0.0,0.0,72.82599719560781,2.354085651465958,0.0,640.0,0.0,0.0,0.0
23,5.75,R10Z2,106.59465820792661,0.0,0.0,0.0,0.0,26.349373161013794,130.23144065247942,0.0,0.0,0.0,0.0,0.0,173.4353046129162,2.354085651465958,0.0,640.0,0.0,0.0,0.0
23,5.75,R10Z3,108.2590348504132,0.0,0.0,50.84071857873781,99.34392620649356,0.0,0.0,0.0,0.0,0.0,0.0,0.0,83.36947840900362,0.0,0.0,0.0,0.0,0.0,0.0
23,5.75,R10Z4,144.97889370419668,0.0,0.0,0.0,0.0,15.753144374826718,52.263150079570224,0.0,120.0,0.0,0.0,0.0,84.52757407773709,0.0,0.0,0.0,0.0,0.0,0.0
23,5.75,R10Z5,87.42934153868258,0.0,0.0,0.0,0.0,14.78009992114863,48.64473501324435,0.0,120.0,0.0,0.0,0.0,0.0,0.0,0.0,0.0,0.0,0.0,0.0
23,5.75,R10Z6,92.73754948665912,0.0,0.0,0.0,0.0,33.088109725745845,39.2811587991473,0.0,120.0,0.0,0.0,0.0,71.71349686789705,0.0,0.0,0.0,0.0,0.0,0.0
23,5.75,R10Z7,113.87898756807218,0.0,0.0,12.603539585416968,161.3718818768151,0.0,0.0,0.0,120.0,0.0,0.0,0.0,86.75717490330604,0.0,0.0,0.0,0.0,0.0,0.0
23,5.75,R10Z8,127.47565645576164,0.0,0.0,17.964140912301435,11.72549832580324,0.0,0.0,0.0,0.0,0.0,0.0,0.0,83.95202338072781,0.0,0.0,0.0,0.0,0.0,0.0
23,5.75,R10Z9,127.10133188810914,0.0,0.0,0.0,0.0,14.206480751144833,77.15235083845391,0.0,60.0,0.0,0.0,0.0,0.0,0.0,0.0,0.0,0.0,0.0,0.0
23,5.75,R11Z1,159.73726922910612,0.0,135.0,0.0,0.0,29.514964972612223,116.47593656367877,0.0,120.0,0.0,0.0,0.0,163.89557607510275,0.0,0.0,0.0,0.0,0.0,0.0
23,5.75,R11Z2,113.93535751233004,0.0,135.0,0.0,0.0,18.390954843388478,41.031749087479014,0.0,60.0,0.0,0.0,0.0,71.78223363250568,0.0,0.0,0.0,0.0,0.0,0.0
23,5.75,R11Z3,159.77680926444134,0.0,0.0,0.0,0.0,15.380014846636605,34.72826769843493,0.0,60.0,0.0,0.0,0.0,0.0,0.0,0.0,0.0,0.0,0.0,0.0
23,5.75,R11Z4,143.94352841990187,0.0,0.0,49.73413440574231,174.01748616452133,7.105427357601002e-15,0.0,0.0,0.0,0.0,0.0,0.0,83.22606180423925,0.0,0.0,0.0,0.0,0.0,0.0
23,5.75,R11Z5,72.18674613176664,0.0,0.0,0.0,0.0,16.230924973159265,68.17891772134499,0.0,60.0,0.0,0.0,0.0,91.12834606273924,0.0,0.0,0.0,0.0,0.0,0.0
23,5.75,R11Z6,115.79103591594703,0.0,0.0,0.0,51.93614087146216,17.624102092728844,21.088513702384972,0.0,0.0,0.0,0.0,0.0,0.0,0.0,0.0,0.0,0.0,0.0,0.0
23,5.75,R11Z7,123.55421424160355,0.0,0.0,0.0,0.0,13.886473860865662,91.27427087886815,0.0,60.0,0.0,0.0,0.0,0.0,0.0,0.0,0.0,0.0,0.0,0.0
23,5.75,R11Z8,118.79401652258055,0.0,0.0,0.0,0.0,22.342822373127003,137.73863024194296,0.0,60.0,0.0,0.0,0.0,163.73711077525223,0.0,0.0,0.0,0.0,0.0,0.0
23,5.75,R12Z1,122.13555990680615,0.0,135.0,1.018660095714182,201.5394155954001,38.94403660600265,0.0,0.0,120.0,0.0,0.0,0.0,141.3492445384599,0.0,0.0,0.0,0.0,0.0,0.0
23,5.75,R12Z2,137.37705548618078,0.0,135.0,0.0,0.0,9.310615909728927,160.65926509750338,0.0,60.0,0.0,0.0,0.0,90.16134023762824,0.0,0.0,0.0,0.0,0.0,0.0
23,5.75,R12Z3,124.61423371402242,0.0,0.0,0.0,0.0,42.36209161088582,37.32196345441373,0.0,60.0,0.0,0.0,0.0,163.37250069236825,0.0,0.0,0.0,0.0,0.0,0.0
23,5.75,R12Z4,121.89066445927732,0.0,0.0,0.0,0.0,44.974953489553926,54.50926987209256,0.0,0.0,0.0,0.0,0.0,0.0,0.0,0.0,0.0,0.0,0.0,0.0
23,5.75,R12Z5,146.69959843873752,0.0,0.0,13.602594369825937,91.06426711386402,3.552713678800501e-15,0.0,0.0,0.0,0.0,0.0,0.0,154.66772543101962,0.0,0.0,0.0,0.0,0.0,0.0
23,5.75,R12Z6,108.8076358889246,0.0,0.0,0.0,0.0,29.90572817925472,120.47636443046852,0.0,0.0,0.0,0.0,0.0,0.0,0.0,0.0,0.0,0.0,0.0,0.0
23,5.75,R12Z7,89.30613969706017,0.0,0.0,39.53102682810626,136.8483168555319,0.0,0.0,0.0,120.0,0.0,0.0,0.0,0.0,0.0,0.0,0.0,0.0,0.0,0.0
23,5.75,R12Z8,172.3380516909302,0.0,0.0,21.91978493076431,54.15296539271843,0.0,0.0,0.0,0.0,0.0,0.0,0.0,74.70546574752161,0.0,0.0,0.0,0.0,0.0,0.0
23,5.75,R12Z9,122.34886893430178,0.0,0.0,0.0,10.527648277927952,11.276511867078323,115.1622223113907,0.0,120.0,0.0,0.0,0.0,169.50095304121368,0.0,0.0,0.0,0.0,0.0,0.0
24,6.0,R1Z1,76.36887585694676,0.0,0.0,41.65301348445374,34.64899313983334,0.0,0.0,0.0,71.84722952208416,0.0,0.0,0.0,154.83608390202684,0.0,0.0,596.4953016749271,0.0,0.0,0.0
24,6.0,R1Z2,108.16062111543118,0.0,0.0,7.172667477086293,218.51961494630928,8.881784197001252e-16,0.0,0.0,71.84722952208416,0.0,0.0,0.0,124.47685067978077,0.0,0.0,0.0,0.0,0.0,0.0
24,6.0,R1Z3,171.77932569821877,0.0,0.0,23.90485794440586,36.092947015304574,0.0,0.0,0.0,35.92361476104208,0.0,0.0,0.0,66.26336086434422,0.0,0.0,0.0,0.0,0.0,0.0
24,6.0,R1Z4,109.92637397129482,0.0,0.0,45.38511201441264,133.34170279733303,-7.105427357601002e-15,0.0,0.0,71.84722952208416,0.0,0.0,0.0,0.0,0.0,0.0,0.0,0.0,0.0,0.0
24,6.0,R1Z5,114.7120058444904,0.0,0.0,13.311032283934082,77.89273361022245,-3.552713678800501e-15,0.0,0.0,71.84722952208416,0.0,0.0,0.0,0.0,0.0,0.0,0.0,0.0,0.0,0.0
24,6.0,R1Z6,97.65475496147472,0.0,0.0,43.89014272969696,120.29727582646593,-7.105427357601002e-15,0.0,0.0,0.0,0.0,0.0,0.0,24.886514782233306,0.0,0.0,0.0,0.0,0.0,0.0
24,6.0,R1Z7,133.97304774563065,0.0,0.0,14.639260476066212,63.132325803724186,-7.105427357601002e-15,0.0,0.0,35.92361476104208,0.0,45.0,0.0,56.40516577408245,0.0,0.0,0.0,0.0,0.0,0.0
24,6.0,R1Z8,113.27946462190904,0.0,0.0,20.503947830570667,155.61917774577938,-7.105427357601002e-15,0.0,0.0,0.0,0.0,0.0,0.0,0.0,0.0,0.0,0.0,0.0,0.0,0.0
24,6.0,R1Z9,126.47489095054017,0.0,0.0,39.22747949247344,43.16877746774761,7.105427357601002e-15,0.0,0.0,0.0,0.0,53.260926062016146,0.0,71.86723907551512,0.0,0.0,0.0,0.0,0.0,0.0
24,6.0,R1Z10,110.41058306864407,0.0,0.0,40.46290232811795,19.039707216177995,0.0,0.0,0.0,0.0,0.0,0.0,0.0,46.06484167938204,0.0,0.0,0.0,0.0,0.0,0.0
24,6.0,R2Z1,166.50484882686945,0.0,135.0,66.81740528915697,133.9170394659779,1.4210854715202004e-14,0.0,0.0,0.0,0.0,0.0,0.0,76.18064259472537,2.354085651465958,0.0,640.0,0.0,0.0,0.0
24,6.0,R2Z2,111.76907759539256,0.0,135.0,0.0,0.0,32.356283074454105,38.13544946122306,0.0,0.0,0.0,0.0,0.0,82.33810738138888,2.354085651465958,0.0,640.0,0.0,0.0,0.0
24,6.0,R2Z3,105.92494320483229,0.0,0.0,42.24419449027913,70.68946147738197,0.0,0.0,0.0,35.92361476104208,0.0,0.0,0.0,71.27527597117063,0.0,0.0,0.0,0.0,0.0,0.0
24,6.0,R2Z4,157.98848860764392,0.0,0.0,16.64888373567061,194.2459756336181,-1.0658141036401503e-14,0.0,0.0,71.84722952208416,0.0,0.0,0.0,0.0,0.0,0.0,0.0,0.0,0.0,0.0
24,6.0,R2Z5,125.26960712584498,0.0,0.0,0.0,0.0,13.73252452186464,75.24617136648854,0.0,35.92361476104208,0.0,0.0,0.0,0.0,0.0,0.0,0.0,0.0,0.0,0.0
24,6.0,R2Z6,99.09859793864707,0.0,0.0,0.0,0.0,29.568671347655478,108.04185481245273,0.0,71.84722952208416,0.0,0.0,0.0,172.0930799728481,0.0,0.0,0.0,0.0,0.0,0.0
24,6.0,R2Z7,151.52681945877652,0.0,0.0,14.142821171847629,44.454680857735696,0.0,0.0,0.0,71.84722952208416,0.0,0.0,0.0,87.92928897536204,0.0,0.0,0.0,0.0,0.0,0.0
24,6.0,R2Z8,131.94852233206566,0.0,0.0,48.10323018699086,62.29827352293313,7.105427357601002e-15,0.0,0.0,0.0,0.0,0.0,0.0,90.60798325407227,0.0,0.0,0.0,0.0,0.0,0.0
24,6.0,R2Z9,90.87034592184732,0.0,0.0,0.0,24.328082100607325,12.236554302583842,101.66235104755518,0.0,35.92361476104208,0.0,0.0,0.0,82.87157713730194,0.0,0.0,0.0,0.0,0.0,0.0
24,6.0,R3Z1,121.8363082615794,0.0,0.0,56.91531702609012,25.86440441544271,0.0,0.0,0.0,0.0,0.0,0.0,0.0,0.0,0.0,0.0,0.0,0.0,0.0,0.0
24,6.0,R3Z2,118.28354985499767,0.0,0.0,57.47676203343975,61.014928573712275,0.0,0.0,0.0,71.84722952208416,0.0,0.0,0.0,165.0680666568274,0.0,0.0,0.0,0.0,0.0,0.0
24,6.0,R3Z3,127.58049573715265,0.0,0.0,15.92991883414821,38.12665651479015,-1.7763568394002505e-15,0.0,0.0,35.92361476104208,0.0,0.0,0.0,0.0,0.0,0.0,0.0,0.0,0.0,0.0
24,6.0,R4Z1,149.48027676131503,0.0,135.0,0.0,0.0,11.466879465858197,117.26906768227899,0.0,71.84722952208416,0.0,0.0,0.0,81.66507570825252,0.0,0.0,0.0,0.0,0.0,0.0
24,6.0,R4Z2,159.50146956099093,0.0,0.0,0.0,0.0,52.418874901928085,41.81005175485561,0.0,71.84722952208416,0.0,0.0,0.0,161.44016683812762,0.0,0.0,0.0,0.0,0.0,0.0
24,6.0,R4Z3,124.83241524970289,0.0,0.0,27.98782116376678,93.75245874795696,-7.105427357601002e-15,0.0,0.0,0.0,0.0,0.0,0.0,0.0,0.0,0.0,0.0,0.0,0.0,0.0
24,6.0,R4Z4,147.66213109304485,0.0,0.0,19.358873469605726,55.7580092758262,3.552713678800501e-15,0.0,0.0,0.0,0.0,0.0,0.0,0.0,0.0,0.0,0.0,0.0,0.0,0.0
24,6.0,R4Z5,142.97654959699892,0.0,0.0,17.615833807871155,83.25567078884124,-3.552713678800501e-15,0.0,0.0,71.84722952208416,0.0,0.0,0.0,0.0,0.0,0.0,0.0,0.0,0.0,0.0
24,6.0,R4Z6,115.19117888672643,0.0,0.0,34.502562309695676,46.63590714815119,-7.105427357601002e-15,0.0,0.0,71.84722952208416,0.0,0.0,0.0,153.6476670949701,0.0,0.0,0.0,0.0,0.0,0.0
24,6.0,R4Z7,150.39119883593426,0.0,0.0,0.0,82.73415921086412,33.95513927961749,86.86732723228268,0.0,71.84722952208416,0.0,0.0,0.0,0.0,0.0,0.0,0.0,0.0,0.0,0.0
24,6.0,R4Z8,142.77218063644247,0.0,0.0,27.99677838464308,54.31820666597859,0.0,0.0,0.0,71.84722952208416,0.0,0.0,0.0,0.0,0.0,0.0,0.0,0.0,0.0,0.0
24,6.0,R4Z9,120.39254108287203,0.0,0.0,0.0,0.0,34.918914126305005,128.18356726921442,0.0,0.0,0.0,0.0,0.0,88.93289788448223,0.0,0.0,0.0,0.0,0.0,0.0
24,6.0,R4Z10,127.45947330253983,0.0,0.0,11.196310895386475,89.45295164215041,-7.105427357601002e-15,0.0,0.0,0.0,0.0,0.0,0.0,90.5980976995412,0.0,0.0,0.0,0.0,0.0,0.0
24,6.0,R4Z11,131.55666364869194,0.0,0.0,31.023980030066866,73.62792692716195,-7.105427357601002e-15,0.0,0.0,35.92361476104208,0.0,0.0,0.0,83.81574114947168,0.0,0.0,0.0,0.0,0.0,0.0
24,6.0,R5Z1,107.41291056179696,0.0,135.0,0.0,0.0,57.27585976444608,26.355037016869,0.0,0.0,0.0,0.0,0.0,73.1743442977447,0.0,0.0,0.0,0.0,0.0,0.0
24,6.0,R5Z2,114.86255095288945,0.0,135.0,14.563310336482402,44.99745187444874,-1.7763568394002505e-15,0.0,0.0,35.92361476104208,0.0,0.0,0.0,174.10545373756173,0.0,0.0,0.0,0.0,0.0,0.0
24,6.0,R5Z3,168.0369244716233,0.0,0.0,0.0,0.0,38.83724774866803,132.0585337653155,0.0,35.92361476104208,0.0,0.0,0.0,147.67496240440158,0.0,0.0,0.0,0.0,0.0,0.0
24,6.0,R5Z4,133.63878380213714,0.0,0.0,47.78373719216881,56.12588150896787,7.105427357601002e-15,0.0,0.0,71.84722952208416,0.0,0.0,0.0,0.0,0.0,0.0,0.0,0.0,0.0,0.0
24,6.0,R5Z5,122.9016060127574,0.0,0.0,20.559278025521223,87.8149004823132,0.0,0.0,0.0,35.92361476104208,0.0,0.0,0.0,81.2448500010178,0.0,0.0,0.0,0.0,0.0,0.0
24,6.0,R5Z6,144.90674532440616,0.0,0.0,0.0,0.0,17.278441103140736,79.13046329051483,0.0,71.84722952208416,0.0,0.0,0.0,164.91969152396712,0.0,0.0,0.0,0.0,0.0,0.0
24,6.0,R5Z7,131.50703874541864,0.0,0.0,29.07358861267855,46.15412190227072,1.4733892091813132,0.0,0.0,0.0,0.0,0.0,0.0,89.47485375812298,0.0,0.0,0.0,0.0,0.0,0.0
24,6.0,R5Z8,110.53755373345345,0.0,0.0,29.643882707994948,69.20366948801399,-7.105427357601002e-15,0.0,0.0,35.92361476104208,0.0,0.0,0.0,166.5338526652419,0.0,0.0,0.0,0.0,0.0,0.0
24,6.0,R5Z9,156.06631935718863,0.0,0.0,44.49037749520798,142.07131524726606,0.0,0.0,0.0,0.0,0.0,0.0,0.0,86.7657360413661,0.0,0.0,0.0,0.0,0.0,0.0
24,6.0,R6Z1,112.4965769183952,0.0,135.0,30.758959924568476,27.24284294923819,-3.552713678800501e-15,0.0,0.0,0.0,0.0,0.0,0.0,0.0,2.354085651465958,0.0,640.0,0.0,0.0,0.0
24,6.0,R6Z2,140.41208435973573,0.0,135.0,0.0,0.0,30.91118172180453,25.455613359428924,0.0,71.84722952208416,0.0,0.0,0.0,141.34393414501673,2.354085651465958,0.0,640.0,0.0,0.0,0.0
24,6.0,R6Z3,153.97274407162124,0.0,0.0,59.69872664923653,38.67419273416274,0.0,0.0,0.0,35.92361476104208,0.0,0.0,0.0,83.2454610310822,0.0,0.0,0.0,0.0,0.0,0.0
24,6.0,R6Z4,137.12193574220157,0.0,0.0,0.0,95.73587389313373,19.159323940497213,26.331764257731493,0.0,35.92361476104208,0.0,0.0,0.0,78.9345259444123,0.0,0.0,0.0,0.0,0.0,0.0
24,6.0,R7Z1,101.75955966335337,0.0,135.0,0.0,0.0,31.29160351086507,99.47902350486595,0.0,35.92361476104208,0.0,0.0,0.0,0.0,2.354085651465958,0.0,640.0,0.0,0.0,0.0
24,6.0,R7Z2,112.35953432068423,0.0,135.0,42.746095085274426,48.49025695963959,7.105427357601002e-15,0.0,0.0,0.0,0.0,0.0,0.0,168.282305462381,0.0,0.0,0.0,0.0,0.0,0.0
24,6.0,R7Z3,90.44940514892065,0.0,0.0,16.76263914488601,101.98224547843364,0.0,0.0,0.0,71.84722952208416,0.0,0.0,0.0,143.7146379733218,0.0,0.0,0.0,0.0,0.0,0.0
24,6.0,R7Z4,159.83181296127535,0.0,0.0,0.0,0.0,44.92585791753851,202.25610703895015,0.0,35.92361476104208,0.0,0.0,0.0,70.12012480109942,0.0,0.0,0.0,0.0,0.0,0.0
24,6.0,R7Z5,149.29101673654552,0.0,0.0,17.666448268374268,145.44726194717205,0.0,0.0,0.0,71.84722952208416,0.0,0.0,0.0,0.0,0.0,0.0,0.0,0.0,0.0,0.0
24,6.0,R7Z6,107.69881095627012,0.0,0.0,34.69092638206813,85.22717773362898,-7.105427357601002e-15,0.0,0.0,71.84722952208416,0.0,0.0,0.0,0.0,0.0,0.0,0.0,0.0,0.0,0.0
24,6.0,R7Z7,123.8918807395414,0.0,0.0,12.883527912372784,37.8565702743477,19.59870433505288,0.0,0.0,0.0,0.0,0.0,0.0,70.43480014698471,0.0,0.0,0.0,0.0,0.0,0.0
24,6.0,R7Z8,150.3707027473878,0.0,0.0,0.0,0.0,54.103772095671474,50.77218058489681,0.0,71.84722952208416,0.0,0.0,0.0,149.6088939969976,0.0,0.0,0.0,0.0,0.0,0.0
24,6.0,R7Z9,138.5305627984748,0.0,0.0,0.0,0.0,31.06795517587713,71.94570743843491,0.0,71.84722952208416,0.0,0.0,0.0,81.8001648424603,0.0,0.0,0.0,0.0,0.0,0.0
24,6.0,R8Z1,117.05967647497293,0.0,135.0,29.31592231044548,51.21133278375397,0.0,0.0,0.0,35.92361476104208,0.0,0.0,0.0,87.1036239471255,2.354085651465958,0.0,640.0,0.0,0.0,0.0
24,6.0,R8Z2,148.19419847323607,0.0,135.0,38.246322600148375,105.53246962212785,0.0,0.0,0.0,35.92361476104208,0.0,0.0,0.0,151.74212248548392,0.0,0.0,0.0,0.0,0.0,0.0
24,6.0,R8Z3,97.30260843789385,0.0,0.0,22.418200160179858,38.96079351667191,15.543372764370545,0.0,0.0,35.92361476104208,0.0,0.0,0.0,177.5275299440998,0.0,0.0,0.0,0.0,0.0,0.0
24,6.0,R8Z4,95.61157205867809,0.0,0.0,17.317226949338675,69.28173528815333,17.535293653641283,0.0,0.0,0.0,0.0,0.0,0.0,0.0,0.0,0.0,0.0,0.0,0.0,0.0
24,6.0,R8Z5,153.6744774981595,0.0,0.0,0.0,0.0,31.700244954026296,35.682509931270424,0.0,35.92361476104208,0.0,0.0,0.0,88.3470026521466,0.0,0.0,0.0,0.0,0.0,0.0
24,6.0,R8Z6,143.2060858023125,0.0,0.0,16.10747732119208,71.34157563920206,7.105427357601002e-15,0.0,0.0,35.92361476104208,0.0,0.0,0.0,0.0,0.0,0.0,0.0,0.0,0.0,0.0
24,6.0,R8Z7,109.43731271494234,0.0,0.0,48.44930393410783,46.48896674053225,0.0,0.0,0.0,0.0,0.0,0.0,0.0,81.85202759610382,0.0,0.0,0.0,0.0,0.0,0.0
24,6.0,R8Z8,144.11003709227705,0.0,0.0,47.61303185495684,3.310734101244998,0.0,0.0,0.0,35.92361476104208,0.0,0.0,0.0,87.02635670616313,0.0,0.0,0.0,0.0,0.0,0.0
24,6.0,R9Z1,115.3134273972228,0.0,135.0,16.841765936261815,53.397000086638535,3.552713678800501e-15,0.0,0.0,35.92361476104208,0.0,0.0,0.0,0.0,2.354085651465958,0.0,640.0,0.0,0.0,0.0
24,6.0,R9Z2,131.33140248251095,0.0,135.0,14.140404132199635,87.2795084684457,-3.552713678800501e-15,0.0,0.0,35.92361476104208,0.0,0.0,0.0,77.38774744824921,2.354085651465958,0.0,640.0,0.0,0.0,0.0
24,6.0,R9Z3,132.5376163111541,0.0,0.0,0.0,32.97535396756069,27.248717494084264,9.68181166061133,0.0,71.84722952208416,0.0,0.0,0.0,142.2532556187517,0.0,0.0,0.0,0.0,0.0,0.0
24,6.0,R9Z4,145.40680994534569,0.0,0.0,40.104279238897504,74.024610953413,7.105427357601002e-15,0.0,0.0,35.92361476104208,0.0,0.0,0.0,74.61290346490613,0.0,0.0,0.0,0.0,0.0,0.0
24,6.0,R9Z5,113.75999451457557,0.0,0.0,27.97176566245102,61.59953848264662,-3.552713678800501e-15,0.0,0.0,35.92361476104208,0.0,0.0,0.0,155.40033484771735,0.0,0.0,0.0,0.0,0.0,0.0
24,6.0,R9Z6,140.8905358202906,0.0,0.0,13.606320799060647,26.384382440521115,-1.7763568394002505e-15,0.0,0.0,35.92361476104208,0.0,0.0,0.0,165.22573679010847,0.0,0.0,0.0,0.0,0.0,0.0
24,6.0,R9Z7,117.9638078722422,0.0,0.0,52.17776800150568,37.669114931390524,0.0,0.0,0.0,0.0,0.0,0.0,0.0,79.18794644284836,0.0,0.0,0.0,0.0,0.0,0.0
24,6.0,R9Z8,127.30191946424593,0.0,0.0,0.0,0.0,33.08649084158503,19.986990005122053,0.0,35.92361476104208,0.0,0.0,0.0,73.9925885903602,0.0,0.0,0.0,0.0,0.0,0.0
24,6.0,R9Z9,137.94169781093632,0.0,0.0,32.06949467692891,41.192141994551406,-7.105427357601002e-15,0.0,0.0,0.0,0.0,0.0,0.0,167.91365491464117,0.0,0.0,0.0,0.0,0.0,0.0
24,6.0,R9Z10,115.48303737623048,0.0,0.0,21.191081393225048,116.3677439870721,3.552713678800501e-15,0.0,0.0,0.0,0.0,0.0,0.0,0.0,0.0,0.0,0.0,0.0,0.0,0.0
24,6.0,R9Z11,124.20333316003413,0.0,0.0,14.370032531201929,129.88484559386117,0.0,0.0,0.0,0.0,0.0,0.0,0.0,165.94790563616263,0.0,0.0,0.0,0.0,0.0,0.0
24,6.0,R10Z1,142.56292797001993,0.0,0.0,19.447513861287685,25.033376097788906,-3.552713678800501e-15,0.0,0.0,0.0,0.0,0.0,0.0,72.74456117204632,2.354085651465958,0.0,640.0,0.0,0.0,0.0
24,6.0,R10Z2,114.10142240094153,0.0,0.0,0.0,0.0,29.877094533471933,157.394836985725,0.0,0.0,0.0,0.0,0.0,173.24136450777883,2.354085651465958,0.0,640.0,0.0,0.0,0.0
24,6.0,R10Z3,84.6084964397083,0.0,0.0,0.0,0.0,48.20867731501742,61.98535442280389,0.0,0.0,0.0,0.0,0.0,83.27625237613806,0.0,0.0,0.0,0.0,0.0,0.0
24,6.0,R10Z4,144.40323421497808,0.0,0.0,0.0,0.0,15.627067959598186,35.3588432126774,0.0,71.84722952208416,0.0,0.0,0.0,84.4330530305937,0.0,0.0,0.0,0.0,0.0,0.0
24,6.0,R10Z5,94.02319385759695,0.0,0.0,0.0,55.20836689185762,18.277604922658774,49.374958676958656,0.0,71.84722952208416,0.0,0.0,0.0,0.0,0.0,0.0,0.0,0.0,0.0,0.0
24,6.0,R10Z6,98.0201832968554,0.0,0.0,0.0,0.0,30.400270049501707,0.8606527205464864,0.0,71.84722952208416,0.0,0.0,0.0,71.63330487265496,0.0,0.0,0.0,0.0,0.0,0.0
24,6.0,R10Z7,107.55137928174584,0.0,0.0,17.978288033348505,127.38805479496092,-7.105427357601002e-15,0.0,0.0,71.84722952208416,0.0,0.0,0.0,86.66016065548767,0.0,0.0,0.0,0.0,0.0,0.0
24,6.0,R10Z8,96.84526832944309,0.0,0.0,19.616461752484383,35.632235494011894,3.552713678800501e-15,0.0,0.0,0.0,0.0,0.0,0.0,83.85814593012861,0.0,0.0,0.0,0.0,0.0,0.0
24,6.0,R10Z9,132.04520821135952,0.0,0.0,16.854726429423337,74.46681307462593,3.552713678800501e-15,0.0,0.0,35.92361476104208,0.0,0.0,0.0,0.0,0.0,0.0,0.0,0.0,0.0,0.0
24,6.0,R11Z1,156.953652138554,0.0,135.0,39.67375421336945,129.3453479353507,7.105427357601002e-15,0.0,0.0,71.84722952208416,0.0,0.0,0.0,163.71230355555144,0.0,0.0,0.0,0.0,0.0,0.0
24,6.0,R11Z2,93.90335686971544,0.0,135.0,19.906604107182275,62.00147257653822,0.0,0.0,0.0,35.92361476104208,0.0,0.0,0.0,71.70196477393183,0.0,0.0,0.0,0.0,0.0,0.0
24,6.0,R11Z3,179.78317992855816,0.0,0.0,13.723140146075131,45.34127808762953,1.7763568394002505e-15,0.0,0.0,35.92361476104208,0.0,0.0,0.0,0.0,0.0,0.0,0.0,0.0,0.0,0.0
24,6.0,R11Z4,141.6573255137449,0.0,0.0,0.0,41.936971212283,45.117201583433854,32.83328641435716,0.0,0.0,0.0,0.0,0.0,83.13299614374694,0.0,0.0,0.0,0.0,0.0,0.0
24,6.0,R11Z5,79.00418032856759,0.0,0.0,14.537717686638963,9.435932289860553,0.0,0.0,0.0,35.92361476104208,0.0,0.0,0.0,91.02644385167645,0.0,0.0,0.0,0.0,0.0,0.0
24,6.0,R11Z6,123.49569597512733,0.0,0.0,0.0,0.0,17.99002147574388,81.29431591862753,0.0,0.0,0.0,0.0,0.0,0.0,0.0,0.0,0.0,0.0,0.0,0.0
24,6.0,R11Z7,139.02797455188195,0.0,0.0,15.15966835142433,71.57160567402354,-5.329070518200751e-15,0.0,0.0,35.92361476104208,0.0,0.0,0.0,0.0,0.0,0.0,0.0,0.0,0.0,0.0
24,6.0,R11Z8,110.04140676569716,0.0,0.0,26.63666805232731,172.6137334646312,1.4210854715202004e-14,0.0,0.0,35.92361476104208,0.0,0.0,0.0,163.55401545593693,0.0,0.0,0.0,0.0,0.0,0.0
24,6.0,R12Z1,129.8865819487117,0.0,135.0,0.0,0.0,38.11855013886388,119.53502333414583,0.0,71.84722952208416,0.0,0.0,0.0,141.1911839440033,0.0,0.0,0.0,0.0,0.0,0.0
24,6.0,R12Z2,139.38258605533045,0.0,135.0,11.032046347244943,68.5866861582044,3.552713678800501e-15,0.0,0.0,35.92361476104208,0.0,0.0,0.0,90.06051935894935,0.0,0.0,0.0,0.0,0.0,0.0
24,6.0,R12Z3,125.08502007019008,0.0,0.0,47.730646402955486,28.66142896387048,-7.105427357601002e-15,0.0,0.0,35.92361476104208,0.0,0.0,0.0,163.18981309002828,0.0,0.0,0.0,0.0,0.0,0.0
24,6.0,R12Z4,144.3726532211485,0.0,0.0,46.254434586390765,54.049097526871755,0.0,0.0,0.0,0.0,0.0,0.0,0.0,0.0,0.0,0.0,0.0,0.0,0.0,0.0
24,6.0,R12Z5,140.3675135091312,0.0,0.0,16.825117991042873,83.98231081239166,3.552713678800501e-15,0.0,0.0,0.0,0.0,0.0,0.0,154.49477174665645,0.0,0.0,0.0,0.0,0.0,0.0
24,6.0,R12Z6,122.37811321690995,0.0,0.0,0.0,0.0,27.404212369936623,97.96385035283217,0.0,0.0,0.0,0.0,0.0,0.0,0.0,0.0,0.0,0.0,0.0,0.0
24,6.0,R12Z7,127.65971557533256,0.0,0.0,41.805478292068955,71.61049834112117,-7.105427357601002e-15,0.0,0.0,71.84722952208416,0.0,0.0,0.0,0.0,0.0,0.0,0.0,0.0,0.0,0.0
24,6.0,R12Z8,174.47802897951885,0.0,0.0,35.78638275305899,92.59552920419715,7.105427357601002e-15,0.0,0.0,0.0,0.0,0.0,0.0,74.62192805077787,0.0,0.0,0.0,0.0,0.0,0.0
24,6.0,R12Z9,112.75417402423905,0.0,0.0,0.0,29.817630862775275,13.962116997606442,59.448497240540235,0.0,71.84722952208416,0.0,0.0,0.0,169.31141243570045,0.0,0.0,0.0,0.0,0.0,0.0
25,6.25,R1Z1,89.25941151297938,0.0,0.0,55.96223385165814,117.40170628540642,7.105427357601002e-15,0.0,0.0,97.32777677152094,0.0,0.0,0.0,154.66294195461285,0.0,0.0,595.983679984248,0.0,0.0,0.0
25,6.25,R1Z2,92.3066051691932,0.0,0.0,10.900264611062285,9.020948696109587,0.0,0.0,0.0,97.32777677152094,0.0,0.0,0.0,124.33765725799223,0.0,0.0,0.0,0.0,0.0,0.0
25,6.25,R1Z3,169.31787735866322,0.0,0.0,47.815031458807816,62.79316194078283,7.105427357601002e-15,0.0,0.0,48.66388838576047,0.0,0.0,0.0,66.18926336037022,0.0,0.0,0.0,0.0,0.0,0.0
25,6.25,R1Z4,94.36046519476673,0.0,0.0,46.778076186433324,24.55296937634448,7.105427357601002e-15,0.0,0.0,97.32777677152094,0.0,0.0,0.0,0.0,0.0,0.0,0.0,0.0,0.0,0.0
25,6.25,R1Z5,107.78305612330215,0.0,0.0,45.30492503584678,74.53512082356242,7.105427357601002e-15,0.0,0.0,97.32777677152094,0.0,0.0,0.0,0.0,0.0,0.0,0.0,0.0,0.0,0.0
25,6.25,R1Z6,87.11438321574367,0.0,0.0,34.45092634149403,22.0978472536379,0.0,0.0,0.0,0.0,0.0,0.0,0.0,24.858686000174533,0.0,0.0,0.0,0.0,0.0,0.0
25,6.25,R1Z7,134.99479600700943,0.0,0.0,14.909615118869235,8.55951840614991,-1.7763568394002505e-15,0.0,0.0,48.66388838576047,0.0,9.345295558121535,0.0,58.59354041922962,0.0,0.0,0.0,0.0,0.0,0.0
25,6.25,R1Z8,111.0212582910772,0.0,0.0,14.800259635276689,196.96994829616162,-7.105427357601002e-15,0.0,0.0,0.0,0.0,0.0,0.0,0.0,0.0,0.0,0.0,0.0,0.0,0.0
25,6.25,R1Z9,135.741469755318,0.0,0.0,31.035709026532572,147.47288781017622,3.552713678800501e-15,0.0,0.0,0.0,0.0,0.0,0.0,71.78687516152803,0.0,0.0,0.0,0.0,0.0,0.0
25,6.25,R1Z10,120.20822033842514,0.0,0.0,57.97577216185098,41.26792680095299,0.0,0.0,0.0,0.0,0.0,0.0,0.0,46.01333071246342,0.0,0.0,0.0,0.0,0.0,0.0
25,6.25,R2Z1,159.5510274016802,0.0,135.0,55.83589642555121,99.5093020385567,0.0,0.0,0.0,0.0,0.0,0.0,0.0,76.09545531485043,2.354085651465958,0.0,640.0,0.0,0.0,0.0
25,6.25,R2Z2,115.4633480157427,0.0,135.0,0.0,0.0,28.839071990040527,42.820459715772444,0.0,0.0,0.0,0.0,0.0,82.24603465583856,2.354085651465958,0.0,640.0,0.0,0.0,0.0
25,6.25,R2Z3,109.69087575424342,0.0,0.0,0.0,0.0,44.51858809574409,51.825375343715706,0.0,48.66388838576047,0.0,0.0,0.0,71.19557400653086,0.0,0.0,0.0,0.0,0.0,0.0
25,6.25,R2Z4,146.211985102433,0.0,0.0,18.336618872835516,117.00506230430477,1.0658141036401503e-14,0.0,0.0,97.32777677152094,0.0,0.0,0.0,0.0,0.0,0.0,0.0,0.0,0.0,0.0
25,6.25,R2Z5,126.64698253952314,0.0,0.0,0.0,0.0,17.953372141416146,127.84587792755836,0.0,48.66388838576047,0.0,0.0,0.0,0.0,0.0,0.0,0.0,0.0,0.0,0.0
25,6.25,R2Z6,110.09385568310492,0.0,0.0,0.0,0.0,27.49816483300293,116.51572938508666,0.0,97.32777677152094,0.0,0.0,0.0,171.9006407800445,0.0,0.0,0.0,0.0,0.0,0.0
25,6.25,R2Z7,144.59332703069362,0.0,0.0,0.0,0.0,16.156594269250295,57.67292880397481,0.0,97.32777677152094,0.0,0.0,0.0,87.83096403750352,0.0,0.0,0.0,0.0,0.0,0.0
25,6.25,R2Z8,103.11890475993447,0.0,0.0,0.0,0.0,41.70271292360683,41.87320907356805,0.0,0.0,0.0,0.0,0.0,90.50666292694625,0.0,0.0,0.0,0.0,0.0,0.0
25,6.25,R2Z9,110.05007051805013,0.0,0.0,0.0,131.46667299524506,11.44218936587119,16.48151351917963,0.0,48.66388838576047,0.0,0.0,0.0,82.77890787126766,0.0,0.0,0.0,0.0,0.0,0.0
25,6.25,R3Z1,125.10549927621211,0.0,0.0,61.59165822733047,60.54326481269682,0.0,0.0,0.0,0.0,0.0,0.0,0.0,0.0,0.0,0.0,0.0,0.0,0.0,0.0
25,6.25,R3Z2,110.57819758173378,0.0,0.0,43.32422912258099,156.971753227631,16.50138456659097,0.0,0.0,97.32777677152094,0.0,0.0,0.0,164.8834830262125,0.0,0.0,0.0,0.0,0.0,0.0
25,6.25,R3Z3,108.88057616058938,0.0,0.0,21.59415845068139,60.49392165836099,3.552713678800501e-15,0.0,0.0,48.66388838576047,0.0,0.0,0.0,0.0,0.0,0.0,0.0,0.0,0.0,0.0
25,6.25,R4Z1,143.7845275224277,0.0,135.0,0.0,0.0,13.124858483305136,76.80844679728865,0.0,97.32777677152094,0.0,0.0,0.0,81.57375558514228,0.0,0.0,0.0,0.0,0.0,0.0
25,6.25,R4Z2,127.8479010648536,0.0,0.0,0.0,30.520124293332657,57.00773250553815,1.6630325995060673,0.0,97.32777677152094,0.0,0.0,0.0,161.25964002439807,0.0,0.0,0.0,0.0,0.0,0.0
25,6.25,R4Z3,118.60211085580445,0.0,0.0,0.0,0.0,30.712198277922017,120.84744583877522,0.0,0.0,0.0,0.0,0.0,0.0,0.0,0.0,0.0,0.0,0.0,0.0
25,6.25,R4Z4,130.93739259478397,0.0,0.0,19.904080746036215,56.685508516733705,3.552713678800501e-15,0.0,0.0,0.0,0.0,0.0,0.0,0.0,0.0,0.0,0.0,0.0,0.0,0.0
25,6.25,R4Z5,157.725441686179,0.0,0.0,1.369893974248896,124.52331597691386,20.204344125398574,0.0,0.0,97.32777677152094,0.0,0.0,0.0,0.0,0.0,0.0,0.0,0.0,0.0,0.0
25,6.25,R4Z6,95.49314792644427,0.0,0.0,38.05535921946992,37.17497273548,-7.105427357601002e-15,0.0,0.0,97.32777677152094,0.0,0.0,0.0,153.4758540677608,0.0,0.0,0.0,0.0,0.0,0.0
25,6.25,R4Z7,137.98148195721404,0.0,0.0,0.0,0.0,34.71017647704419,156.2960046059688,0.0,97.32777677152094,0.0,0.0,0.0,0.0,0.0,0.0,0.0,0.0,0.0,0.0
25,6.25,R4Z8,123.78494910038498,0.0,0.0,32.3540208962078,65.14626496963656,0.0,0.0,0.0,97.32777677152094,0.0,0.0,0.0,0.0,0.0,0.0,0.0,0.0,0.0,0.0
25,6.25,R4Z9,114.97894100904928,0.0,0.0,0.0,19.5634664155952,35.91678876504683,99.39419904509657,0.0,0.0,0.0,0.0,0.0,88.83345068366931,0.0,0.0,0.0,0.0,0.0,0.0
25,6.25,R4Z10,130.05301991832573,0.0,0.0,13.294494141061051,82.10468475758321,7.105427357601002e-15,0.0,0.0,0.0,0.0,0.0,0.0,90.49678842671285,0.0,0.0,0.0,0.0,0.0,0.0
25,6.25,R4Z11,136.95316182714012,0.0,0.0,0.0,0.0,33.23435046826914,50.28750773050885,0.0,48.66388838576047,0.0,0.0,0.0,83.72201609339399,0.0,0.0,0.0,0.0,0.0,0.0
25,6.25,R5Z1,116.5489647707733,0.0,135.0,0.0,0.0,62.355855711880395,34.07398788397154,0.0,0.0,0.0,0.0,0.0,73.09251874291814,0.0,0.0,0.0,0.0,0.0,0.0
25,6.25,R5Z2,110.09286913134338,0.0,135.0,0.0,0.0,15.515052011131445,40.739113437612374,0.0,48.66388838576047,0.0,0.0,0.0,173.91076425332886,0.0,0.0,0.0,0.0,0.0,0.0
25,6.25,R5Z3,169.19052896993625,0.0,0.0,50.12814179352995,165.4546926483336,-1.4210854715202004e-14,0.0,0.0,48.66388838576047,0.0,0.0,0.0,147.50982821907067,0.0,0.0,0.0,0.0,0.0,0.0
25,6.25,R5Z4,122.62220360351934,0.0,0.0,0.0,0.0,46.43703849325236,57.40364872514124,0.0,97.32777677152094,0.0,0.0,0.0,0.0,0.0,0.0,0.0,0.0,0.0,0.0
25,6.25,R5Z5,121.1849688841847,0.0,0.0,0.0,0.0,18.55950788152247,57.3883104516796,0.0,48.66388838576047,0.0,0.0,0.0,81.15399978579642,0.0,0.0,0.0,0.0,0.0,0.0
25,6.25,R5Z6,131.23386516331425,0.0,0.0,0.0,0.0,20.744496801261036,76.25959440800546,0.0,97.32777677152094,0.0,0.0,0.0,164.7352738104873,0.0,0.0,0.0,0.0,0.0,0.0
25,6.25,R5Z7,133.77007182807597,0.0,0.0,36.32637540005864,42.22863858025816,0.0,0.0,0.0,0.0,0.0,0.0,0.0,89.37480052741697,0.0,0.0,0.0,0.0,0.0,0.0
25,6.25,R5Z8,117.5054008244224,0.0,0.0,0.0,0.0,35.0639723371075,95.00452717779174,0.0,48.66388838576047,0.0,0.0,0.0,166.34762995258882,0.0,0.0,0.0,0.0,0.0,0.0
25,6.25,R5Z9,126.60997387898253,0.0,0.0,53.103396052333125,132.9249783349032,-7.105427357601002e-15,0.0,0.0,0.0,0.0,0.0,0.0,86.6687122202488,0.0,0.0,0.0,0.0,0.0,0.0
25,6.25,R6Z1,107.83786412268411,0.0,135.0,0.0,0.0,50.33489042566135,0.0,0.0,0.0,0.0,0.0,0.0,0.0,2.354085651465958,0.0,640.0,0.0,0.0,0.0
25,6.25,R6Z2,135.18696168112274,0.0,135.0,0.0,0.0,44.70712310787962,24.336591292367352,0.0,97.32777677152094,0.0,0.0,0.0,141.18587948878744,2.354085651465958,0.0,640.0,0.0,0.0,0.0
25,6.25,R6Z3,163.10261708754373,0.0,0.0,0.0,0.0,52.269974531159185,97.80060456065128,0.0,48.66388838576047,0.0,0.0,0.0,83.15237367784341,0.0,0.0,0.0,0.0,0.0,0.0
25,6.25,R6Z4,137.9903286382037,0.0,0.0,14.352170480925395,48.627771848453506,1.7763568394002505e-15,0.0,0.0,48.66388838576047,0.0,0.0,0.0,78.8462591967925,0.0,0.0,0.0,0.0,0.0,0.0
25,6.25,R7Z1,95.95372301507416,0.0,135.0,0.0,0.0,32.16740916135892,128.736313780649,0.0,48.66388838576047,0.0,0.0,0.0,0.0,2.354085651465958,0.0,640.0,0.0,0.0,0.0
25,6.25,R7Z2,98.73312518369087,0.0,135.0,0.0,0.0,53.164184706215664,59.63935351760854,0.0,0.0,0.0,0.0,0.0,168.094127581949,0.0,0.0,0.0,0.0,0.0,0.0
25,6.25,R7Z3,119.27053957471983,0.0,0.0,0.0,135.89653268911235,12.449902494077481,59.92758005637941,0.0,97.32777677152094,0.0,0.0,0.0,143.5539323311774,0.0,0.0,0.0,0.0,0.0,0.0
25,6.25,R7Z4,166.7097809883495,0.0,0.0,53.60472555645474,126.8492702826809,-7.105427357601002e-15,0.0,0.0,48.66388838576047,0.0,0.0,0.0,70.04171455811849,0.0,0.0,0.0,0.0,0.0,0.0
25,6.25,R7Z5,160.71576069548405,0.0,0.0,0.0,0.0,14.120065073321504,131.63751301841813,0.0,97.32777677152094,0.0,0.0,0.0,0.0,0.0,0.0,0.0,0.0,0.0,0.0
25,6.25,R7Z6,115.58043095621058,0.0,0.0,36.30591711395218,95.61569632413944,0.0,0.0,0.0,97.32777677152094,0.0,0.0,0.0,0.0,0.0,0.0,0.0,0.0,0.0,0.0
25,6.25,R7Z7,136.79780863373261,0.0,0.0,0.0,0.0,28.50719852176468,90.65472903118327,0.0,0.0,0.0,0.0,0.0,70.35603802541826,0.0,0.0,0.0,0.0,0.0,0.0
25,6.25,R7Z8,127.09821244265638,0.0,0.0,0.0,0.0,47.164030491319785,111.48121956973714,0.0,97.32777677152094,0.0,0.0,0.0,149.44159723642153,0.0,0.0,0.0,0.0,0.0,0.0
25,6.25,R7Z9,128.07509802547213,0.0,0.0,43.23653042904051,109.52790091608584,-7.105427357601002e-15,0.0,0.0,97.32777677152094,0.0,0.0,0.0,81.70869365898236,0.0,0.0,0.0,0.0,0.0,0.0
25,6.25,R8Z1,121.57080735790731,0.0,135.0,0.0,0.0,25.907486299207847,110.48570536375001,0.0,48.66388838576047,0.0,0.0,0.0,87.00622229050283,2.354085651465958,0.0,640.0,0.0,0.0,0.0
25,6.25,R8Z2,148.85444971306083,0.0,135.0,0.0,0.0,40.86013084000022,149.32905196015042,0.0,48.66388838576047,0.0,0.0,0.0,151.57244029041823,0.0,0.0,0.0,0.0,0.0,0.0
25,6.25,R8Z3,97.5994466493372,0.0,0.0,41.40641966573796,121.4363567357887,7.105427357601002e-15,0.0,0.0,48.66388838576047,0.0,0.0,0.0,177.32901380057882,0.0,0.0,0.0,0.0,0.0,0.0
25,6.25,R8Z4,109.36526003664504,0.0,0.0,0.0,0.0,39.20531156817238,107.2994067900136,0.0,0.0,0.0,0.0,0.0,0.0,0.0,0.0,0.0,0.0,0.0,0.0
25,6.25,R8Z5,177.14822312884925,0.0,0.0,0.0,0.0,36.304472662610415,115.47016731237036,0.0,48.66388838576047,0.0,0.0,0.0,88.24821061542045,0.0,0.0,0.0,0.0,0.0,0.0
25,6.25,R8Z6,156.01914558871263,0.0,0.0,15.888404566715948,91.9658967559421,-3.552713678800501e-15,0.0,0.0,48.66388838576047,0.0,0.0,0.0,0.0,0.0,0.0,0.0,0.0,0.0,0.0
25,6.25,R8Z7,133.9311780031825,0.0,0.0,0.0,0.0,41.873437216037985,37.913014966499226,0.0,0.0,0.0,0.0,0.0,81.76049841827508,0.0,0.0,0.0,0.0,0.0,0.0
25,6.25,R8Z8,150.44047898216783,0.0,0.0,25.91293437369893,238.6897326988821,22.476018851360358,0.0,0.0,48.66388838576047,0.0,0.0,0.0,86.92904145188439,0.0,0.0,0.0,0.0,0.0,0.0
25,6.25,R9Z1,119.47845830164769,0.0,135.0,0.0,0.0,16.403124445082195,49.274263152436134,0.0,48.66388838576047,0.0,0.0,0.0,0.0,2.354085651465958,0.0,640.0,0.0,0.0,0.0
25,6.25,R9Z2,129.48478834187236,0.0,135.0,0.0,0.0,18.75147085035165,98.31299767921419,0.0,48.66388838576047,0.0,0.0,0.0,77.30121035068447,2.354085651465958,0.0,640.0,0.0,0.0,0.0
25,6.25,R9Z3,139.46339401418888,0.0,0.0,34.08746757413746,49.73757275644367,0.0,0.0,0.0,97.32777677152094,0.0,0.0,0.0,142.0941841343592,0.0,0.0,0.0,0.0,0.0,0.0
25,6.25,R9Z4,139.33134335587562,0.0,0.0,0.0,0.0,43.99738582721615,185.11752228653984,0.0,48.66388838576047,0.0,0.0,0.0,74.52946927384055,0.0,0.0,0.0,0.0,0.0,0.0
25,6.25,R9Z5,121.78518559001236,0.0,0.0,32.95382885354354,138.18095806392972,-1.4210854715202004e-14,0.0,0.0,48.66388838576047,0.0,0.0,0.0,155.2265619394504,0.0,0.0,0.0,0.0,0.0,0.0
25,6.25,R9Z6,135.88949105402898,0.0,0.0,12.546807148125257,14.542194459438544,1.7763568394002505e-15,0.0,0.0,48.66388838576047,0.0,0.0,0.0,165.04097684843458,0.0,0.0,0.0,0.0,0.0,0.0
25,6.25,R9Z7,112.10753953293795,0.0,0.0,51.20742969675137,17.141887976256818,0.0,0.0,0.0,0.0,0.0,0.0,0.0,79.09939631349023,0.0,0.0,0.0,0.0,0.0,0.0
25,6.25,R9Z8,133.4651040296647,0.0,0.0,38.71267997251573,8.21309805989024,0.0,0.0,0.0,48.66388838576047,0.0,0.0,0.0,73.9098480523675,0.0,0.0,0.0,0.0,0.0,0.0
25,6.25,R9Z9,143.27416601941144,0.0,0.0,37.58580648920669,64.99903597317133,7.105427357601002e-15,0.0,0.0,0.0,0.0,0.0,0.0,167.72588926934287,0.0,0.0,0.0,0.0,0.0,0.0
25,6.25,R9Z10,128.26995006646428,0.0,0.0,27.13731386855426,143.69642878771597,0.0,0.0,0.0,0.0,0.0,0.0,0.0,0.0,0.0,0.0,0.0,0.0,0.0,0.0
25,6.25,R9Z11,133.8847056687974,0.0,0.0,0.0,55.42190811364239,15.736906205834485,14.076076394829641,0.0,0.0,0.0,0.0,0.0,165.76233814551682,0.0,0.0,0.0,0.0,0.0,0.0
25,6.25,R10Z1,157.66442662499333,0.0,0.0,0.0,0.0,20.220513687316483,66.46378017437047,0.0,0.0,0.0,0.0,0.0,72.66321621247556,2.354085651465958,0.0,640.0,0.0,0.0,0.0
25,6.25,R10Z2,110.31019214585754,0.0,0.0,0.0,0.0,30.14592894343382,91.21152234946712,0.0,0.0,0.0,0.0,0.0,173.0476412717758,2.354085651465958,0.0,640.0,0.0,0.0,0.0
25,6.25,R10Z3,96.63003888734488,0.0,0.0,0.0,0.0,58.95293657584784,31.82435920876788,0.0,0.0,0.0,0.0,0.0,83.18313059117436,0.0,0.0,0.0,0.0,0.0,0.0
25,6.25,R10Z4,134.98004658522876,0.0,0.0,0.0,42.28562214864584,14.055095863952138,7.627875820565649,0.0,97.32777677152094,0.0,0.0,0.0,84.33863767947258,0.0,0.0,0.0,0.0,0.0,0.0
25,6.25,R10Z5,93.82170196921803,0.0,0.0,0.0,0.0,18.47123805943199,116.16285543469895,0.0,97.32777677152094,0.0,0.0,0.0,0.0,0.0,0.0,0.0,0.0,0.0,0.0
25,6.25,R10Z6,99.5021305622114,0.0,0.0,36.17048649971011,25.789637202928635,-7.105427357601002e-15,0.0,0.0,97.32777677152094,0.0,0.0,0.0,71.55320255029707,0.0,0.0,0.0,0.0,0.0,0.0
25,6.25,R10Z7,98.80009532469553,0.0,0.0,15.99480278957337,113.67265527163424,-1.7763568394002505e-15,0.0,0.0,97.32777677152094,0.0,0.0,0.0,86.56325489165684,0.0,0.0,0.0,0.0,0.0,0.0
25,6.25,R10Z8,107.49947815333317,0.0,0.0,21.92482560910411,39.52354731877413,3.552713678800501e-15,0.0,0.0,0.0,0.0,0.0,0.0,83.76437345586443,0.0,0.0,0.0,0.0,0.0,0.0
25,6.25,R10Z9,126.30512021728835,0.0,0.0,17.47143742947162,68.28205540547658,-3.552713678800501e-15,0.0,0.0,48.66388838576047,0.0,0.0,0.0,0.0,0.0,0.0,0.0,0.0,0.0,0.0
25,6.25,R11Z1,153.00779200572327,0.0,135.0,0.0,0.0,40.63405117685506,157.23351108093425,0.0,97.32777677152094,0.0,0.0,0.0,163.52923597634828,0.0,0.0,0.0,0.0,0.0,0.0
25,6.25,R11Z2,127.20091755990045,0.0,135.0,0.0,0.0,20.065911803612718,1.1131692885053468,0.0,48.66388838576047,0.0,0.0,0.0,71.62178567419288,0.0,0.0,0.0,0.0,0.0,0.0
25,6.25,R11Z3,172.3247506262017,0.0,0.0,17.226867590524755,29.652034791815787,0.0,0.0,0.0,48.66388838576047,0.0,0.0,0.0,0.0,0.0,0.0,0.0,0.0,0.0,0.0
25,6.25,R11Z4,158.2234095702212,0.0,0.0,0.0,96.98109110162733,54.46767815201156,35.1066341582343,0.0,0.0,0.0,0.0,0.0,83.04003455182372,0.0,0.0,0.0,0.0,0.0,0.0
25,6.25,R11Z5,64.51455355055067,0.0,0.0,17.89350588220222,36.590088434683324,3.552713678800501e-15,0.0,0.0,48.66388838576047,0.0,0.0,0.0,90.92465559045549,0.0,0.0,0.0,0.0,0.0,0.0
25,6.25,R11Z6,108.26018754964976,0.0,0.0,18.8455600760324,71.07248695646858,0.0,0.0,0.0,0.0,0.0,0.0,0.0,0.0,0.0,0.0,0.0,0.0,0.0,0.0
25,6.25,R11Z7,131.60622339115278,0.0,0.0,0.0,0.0,16.32654834039056,77.21059290216203,0.0,48.66388838576047,0.0,0.0,0.0,0.0,0.0,0.0,0.0,0.0,0.0,0.0
25,6.25,R11Z8,116.11017662798581,0.0,0.0,33.26828811761011,16.495235767240327,0.0,0.0,0.0,48.66388838576047,0.0,0.0,0.0,163.37112487881964,0.0,0.0,0.0,0.0,0.0,0.0
25,6.25,R12Z1,142.61724146490172,0.0,135.0,33.90702381348845,108.73550475257238,17.949650464606272,0.0,0.0,97.32777677152094,0.0,0.0,0.0,141.0333000972301,0.0,0.0,0.0,0.0,0.0,0.0
25,6.25,R12Z2,160.36748481779497,0.0,135.0,10.637771601326591,103.11906870744113,-5.329070518200751e-15,0.0,0.0,48.66388838576047,0.0,0.0,0.0,89.95981122093681,0.0,0.0,0.0,0.0,0.0,0.0
25,6.25,R12Z3,127.3658517561502,0.0,0.0,49.19694018649896,53.14417573260485,0.0,0.0,0.0,48.66388838576047,0.0,0.0,0.0,163.00732977396603,0.0,0.0,0.0,0.0,0.0,0.0
25,6.25,R12Z4,129.22330203294015,0.0,0.0,55.06504378933124,28.41917755783065,0.0,0.0,0.0,0.0,0.0,0.0,0.0,0.0,0.0,0.0,0.0,0.0,0.0,0.0
25,6.25,R12Z5,148.10915159158967,0.0,0.0,16.32817806136009,79.99264521420682,7.105427357601002e-15,0.0,0.0,0.0,0.0,0.0,0.0,154.32201146383747,0.0,0.0,0.0,0.0,0.0,0.0
25,6.25,R12Z6,132.39610825412703,0.0,0.0,29.83522445288793,126.7455902466778,0.0,0.0,0.0,0.0,0.0,0.0,0.0,0.0,0.0,0.0,0.0,0.0,0.0,0.0
25,6.25,R12Z7,101.50291105750503,0.0,0.0,0.0,0.0,45.879447885529565,70.56805966563869,0.0,97.32777677152094,0.0,0.0,0.0,0.0,0.0,0.0,0.0,0.0,0.0,0.0
25,6.25,R12Z8,173.87557769753388,0.0,0.0,0.0,0.0,30.890075067820867,112.77282947324542,0.0,0.0,0.0,0.0,0.0,74.53848376817334,0.0,0.0,0.0,0.0,0.0,0.0
25,6.25,R12Z9,121.10256882398494,0.0,0.0,0.0,56.8096175378291,21.16446473174355,63.38243100426635,0.0,97.32777677152094,0.0,0.0,0.0,169.12208377968068,0.0,0.0,0.0,0.0,0.0,0.0
26,6.5,R1Z1,91.12386557760945,0.0,0.0,50.456042232067915,74.72392106612362,0.0,0.0,0.0,118.0448389947964,0.0,0.0,0.0,154.4899936192639,0.0,0.0,595.4724971180722,0.0,0.0,0.0
26,6.5,R1Z2,97.75709371347435,0.0,0.0,18.043659282957478,78.08049970464847,3.552713678800501e-15,0.0,0.0,118.0448389947964,0.0,0.0,90.0,100.85041108316274,0.0,0.0,0.0,0.0,0.0,0.0
26,6.5,R1Z3,162.89057474292116,0.0,0.0,55.34892378105927,53.728251281155494,7.105427357601002e-15,0.0,0.0,59.0224194973982,0.0,0.0,10.721952243534716,63.33371120904937,0.0,0.0,0.0,0.0,0.0,0.0
26,6.5,R1Z4,93.80253872015626,0.0,0.0,56.23363142306309,59.985523178269716,0.0,0.0,0.0,118.0448389947964,0.0,0.0,0.0,0.0,0.0,0.0,0.0,0.0,0.0,0.0
26,6.5,R1Z5,126.70462427417073,0.0,0.0,37.00531652874254,23.08642481751495,0.0,0.0,0.0,118.0448389947964,0.0,0.0,0.0,0.0,0.0,0.0,0.0,0.0,0.0,0.0
26,6.5,R1Z6,121.1429789545502,0.0,0.0,72.9192228137702,70.70464697779977,-1.4210854715202004e-14,0.0,0.0,0.0,0.0,0.0,0.0,24.830888337021626,0.0,0.0,0.0,0.0,0.0,0.0
26,6.5,R1Z7,125.36851834487163,0.0,0.0,17.925195044286298,31.72096768816114,0.0,0.0,0.0,59.0224194973982,0.0,0.0,0.0,58.528019518426646,0.0,0.0,0.0,0.0,0.0,0.0
26,6.5,R1Z8,140.89500564024175,0.0,0.0,20.410888411169264,0.0,0.0,0.0,0.0,0.0,0.0,0.0,0.0,0.0,0.0,0.0,0.0,0.0,0.0,0.0
26,6.5,R1Z9,152.8250658255947,0.0,0.0,34.994729783727884,50.708131659541515,7.105427357601002e-15,0.0,0.0,0.0,0.0,0.0,35.35605443113529,62.534373033073,0.0,0.0,0.0,0.0,0.0,0.0
26,6.5,R1Z10,122.72273792982614,0.0,0.0,47.38267200312882,25.931680167470603,7.105427357601002e-15,0.0,0.0,0.0,0.0,0.0,0.0,45.961877346518044,0.0,0.0,0.0,0.0,0.0,0.0
26,6.5,R2Z1,160.16332148734074,0.0,135.0,0.0,0.0,72.65047875171302,67.35775226351521,0.0,0.0,0.0,0.0,0.0,76.01036329372371,2.354085651465958,0.0,640.0,0.0,0.0,0.0
26,6.5,R2Z2,121.74015379276588,0.0,135.0,38.42118990253805,21.92655307052533,0.0,0.0,0.0,0.0,0.0,0.0,0.0,82.1540648885303,2.354085651465958,0.0,640.0,0.0,0.0,0.0
26,6.5,R2Z3,112.3630089829844,0.0,0.0,0.0,0.0,59.68132690549817,47.065912683903065,0.0,59.0224194973982,0.0,0.0,0.0,71.11596116680967,0.0,0.0,0.0,0.0,0.0,0.0
26,6.5,R2Z4,151.43706848374487,0.0,0.0,0.0,0.0,21.237404368059288,110.9957724933765,0.0,118.0448389947964,0.0,0.0,0.0,0.0,0.0,0.0,0.0,0.0,0.0,0.0
26,6.5,R2Z5,137.96246493478816,0.0,0.0,0.0,0.0,19.987035596949738,123.6888034463726,0.0,59.0224194973982,0.0,0.0,0.0,0.0,0.0,0.0,0.0,0.0,0.0,0.0
26,6.5,R2Z6,101.11546367075452,0.0,0.0,38.25680845571361,98.50359651312186,0.0,0.0,0.0,118.0448389947964,0.0,0.0,0.0,171.70841677801405,0.0,0.0,0.0,0.0,0.0,0.0
26,6.5,R2Z7,145.87425300657998,0.0,0.0,20.46955543531584,49.16304857703112,3.552713678800501e-15,0.0,0.0,118.0448389947964,0.0,0.0,0.0,87.732749049282,0.0,0.0,0.0,0.0,0.0,0.0
26,6.5,R2Z8,135.07127560729032,0.0,0.0,0.0,3.5594142160742024,38.81689827864759,55.93951727102672,0.0,0.0,0.0,0.0,0.0,90.4054558989835,0.0,0.0,0.0,0.0,0.0,0.0
26,6.5,R2Z9,107.01279643483774,0.0,0.0,13.540316274102935,188.8275408156272,-3.552713678800501e-15,0.0,0.0,59.0224194973982,0.0,0.0,0.0,82.68634223054335,0.0,0.0,0.0,0.0,0.0,0.0
26,6.5,R3Z1,127.67127274738523,0.0,0.0,83.03818535301625,38.466150188503335,0.0,0.0,0.0,0.0,0.0,0.0,0.0,0.0,0.0,0.0,0.0,0.0,0.0,0.0
26,6.5,R3Z2,110.71771954283227,0.0,0.0,0.0,0.0,60.41043566200737,112.91619776515876,0.0,118.0448389947964,0.0,0.0,0.0,164.69910580206604,0.0,0.0,0.0,0.0,0.0,0.0
26,6.5,R3Z3,97.57930160382989,0.0,0.0,0.0,0.0,23.249226216412037,34.980816624904286,0.0,59.0224194973982,0.0,0.0,0.0,0.0,0.0,0.0,0.0,0.0,0.0,0.0
26,6.5,R4Z1,140.01968415335205,0.0,135.0,0.0,0.0,16.764702330823916,122.69505018185194,0.0,118.0448389947964,0.0,0.0,0.0,81.48253757869345,0.0,0.0,0.0,0.0,0.0,0.0
26,6.5,R4Z2,156.50454177482624,0.0,0.0,0.0,0.0,69.25084784396316,63.960058742065826,0.0,118.0448389947964,0.0,0.0,0.0,161.07931508069325,0.0,0.0,0.0,0.0,0.0,0.0
26,6.5,R4Z3,108.49664986507068,0.0,0.0,0.0,0.0,32.72972274850383,105.79178054117453,0.0,0.0,0.0,0.0,0.0,0.0,0.0,0.0,0.0,0.0,0.0,0.0
26,6.5,R4Z4,138.02313899191023,0.0,0.0,0.0,0.0,18.81416267900034,35.50757716145322,0.0,0.0,0.0,0.0,0.0,0.0,0.0,0.0,0.0,0.0,0.0,0.0
26,6.5,R4Z5,157.54530643178109,0.0,0.0,0.0,0.0,22.475748671324855,105.81897336299633,0.0,118.0448389947964,0.0,0.0,0.0,0.0,0.0,0.0,0.0,0.0,0.0,0.0
26,6.5,R4Z6,99.77235437318599,0.0,0.0,0.0,0.0,41.24503943961841,34.61361966871868,0.0,118.0448389947964,0.0,0.0,0.0,153.3042331665816,0.0,0.0,0.0,0.0,0.0,0.0
26,6.5,R4Z7,146.47883189098232,0.0,0.0,0.0,0.0,42.7426598576168,116.6550128273031,0.0,118.0448389947964,0.0,0.0,0.0,0.0,0.0,0.0,0.0,0.0,0.0,0.0
26,6.5,R4Z8,138.49829492670048,0.0,0.0,0.0,0.0,32.668391941634184,34.27567515053905,0.0,118.0448389947964,0.0,0.0,0.0,0.0,0.0,0.0,0.0,0.0,0.0,0.0
26,6.5,R4Z9,115.18380024556123,0.0,0.0,23.284435598672403,103.12145397670291,19.246801146799363,0.0,0.0,0.0,0.0,0.0,0.0,88.73411468743856,0.0,0.0,0.0,0.0,0.0,0.0
26,6.5,R4Z10,133.57841306820697,0.0,0.0,17.060150522785705,240.0,2.4868995751603507e-14,0.0,0.0,0.0,0.0,0.0,0.0,90.39559244068657,0.0,0.0,0.0,0.0,0.0,0.0
26,6.5,R4Z11,124.79744797841312,0.0,0.0,34.64260283467013,79.4732461287005,0.0,0.0,0.0,59.0224194973982,0.0,0.0,0.0,83.62839584323957,0.0,0.0,0.0,0.0,0.0,0.0
26,6.5,R5Z1,97.55658527372343,0.0,135.0,54.72013107364098,51.11191232320618,-7.105427357601002e-15,0.0,0.0,0.0,0.0,0.0,0.0,73.01078468766684,0.0,0.0,0.0,0.0,0.0,0.0
26,6.5,R5Z2,88.78286253211388,0.0,135.0,15.001638765080983,64.35721657525215,0.0,0.0,0.0,59.0224194973982,0.0,0.0,0.0,173.7162924762066,0.0,0.0,0.0,0.0,0.0,0.0
26,6.5,R5Z3,156.98767896074284,0.0,0.0,43.229900925064385,157.4599121654054,7.105427357601002e-15,0.0,0.0,59.0224194973982,0.0,0.0,0.0,147.3448786913061,0.0,0.0,0.0,0.0,0.0,0.0
26,6.5,R5Z4,129.71889263388553,0.0,0.0,0.0,0.0,56.20902885243761,34.39610805039468,0.0,118.0448389947964,0.0,0.0,0.0,0.0,0.0,0.0,0.0,0.0,0.0,0.0
26,6.5,R5Z5,109.86724813431582,0.0,0.0,0.0,28.97243623658973,22.924355364386702,78.6963673087735,0.0,59.0224194973982,0.0,0.0,0.0,81.06325116177257,0.0,0.0,0.0,0.0,0.0,0.0
26,6.5,R5Z6,137.23913204697885,0.0,0.0,23.17719944701807,132.48574290224755,1.0658141036401503e-14,0.0,0.0,118.0448389947964,0.0,0.0,0.0,164.5510623179429,0.0,0.0,0.0,0.0,0.0,0.0
26,6.5,R5Z7,120.12121916131171,0.0,0.0,0.0,0.0,34.948201349651505,48.56837950388331,0.0,0.0,0.0,0.0,0.0,89.27485917897233,0.0,0.0,0.0,0.0,0.0,0.0
26,6.5,R5Z8,122.15991050315922,0.0,0.0,39.59300425868807,98.58064128964341,-1.4210854715202004e-14,0.0,0.0,59.0224194973982,0.0,0.0,0.0,166.16161547927058,0.0,0.0,0.0,0.0,0.0,0.0
26,6.5,R5Z9,139.0618202075669,0.0,0.0,0.0,0.0,50.39176417459085,97.76931614367705,0.0,0.0,0.0,0.0,0.0,86.57179689382417,0.0,0.0,0.0,0.0,0.0,0.0
26,6.5,R6Z1,110.04391732995217,0.0,135.0,22.89182274371262,16.213231658372703,25.764548914691606,0.0,0.0,0.0,0.0,0.0,0.0,0.0,2.354085651465958,0.0,640.0,0.0,0.0,0.0
26,6.5,R6Z2,122.81146500086427,0.0,135.0,0.0,0.0,32.71904429792589,34.785538452661775,0.0,118.0448389947964,0.0,0.0,0.0,141.02800157360124,2.354085651465958,0.0,640.0,0.0,0.0,0.0
26,6.5,R6Z3,151.0695253919016,0.0,0.0,0.0,0.0,65.65923648930293,71.49167505720435,0.0,59.0224194973982,0.0,0.0,0.0,83.05939041743113,0.0,0.0,0.0,0.0,0.0,0.0
26,6.5,R6Z4,156.5616533660281,0.0,0.0,0.0,0.0,16.65016113143588,102.89757865522029,0.0,59.0224194973982,0.0,0.0,0.0,78.75809115146606,0.0,0.0,0.0,0.0,0.0,0.0
26,6.5,R7Z1,108.63741197061339,0.0,135.0,0.0,0.0,40.15126350479307,65.09874353668717,0.0,59.0224194973982,0.0,0.0,0.0,0.0,2.354085651465958,0.0,640.0,0.0,0.0,0.0
26,6.5,R7Z2,108.28839691272616,0.0,135.0,0.0,0.0,40.34238214357849,47.41483885079131,0.0,0.0,0.0,0.0,0.0,167.906160127174,0.0,0.0,0.0,0.0,0.0,0.0
26,6.5,R7Z3,83.00908838406998,0.0,0.0,0.0,0.0,21.43414684824427,150.41196321839698,0.0,118.0448389947964,0.0,0.0,0.0,143.3934063944811,0.0,0.0,0.0,0.0,0.0,0.0
26,6.5,R7Z4,170.7575535705944,0.0,0.0,0.0,0.0,40.98568437397862,136.12112754567684,0.0,59.0224194973982,0.0,0.0,0.0,69.9633919956176,0.0,0.0,0.0,0.0,0.0,0.0
26,6.5,R7Z5,164.7894859994222,0.0,0.0,0.0,0.0,17.655153407217885,167.43699571164532,0.0,118.0448389947964,0.0,0.0,0.0,0.0,0.0,0.0,0.0,0.0,0.0,0.0
26,6.5,R7Z6,116.32339692253669,0.0,0.0,5.840937757269231,72.62768963114243,29.2423310274525,0.0,0.0,118.0448389947964,0.0,0.0,0.0,0.0,0.0,0.0,0.0,0.0,0.0,0.0
26,6.5,R7Z7,115.72013188260067,0.0,0.0,0.0,0.0,22.480714271345267,98.66070008991221,0.0,0.0,0.0,0.0,0.0,70.27736397781213,0.0,0.0,0.0,0.0,0.0,0.0
26,6.5,R7Z8,136.51228083061557,0.0,0.0,0.0,0.0,45.701883942799725,101.15458480851561,0.0,118.0448389947964,0.0,0.0,0.0,149.27448755166262,0.0,0.0,0.0,0.0,0.0,0.0
26,6.5,R7Z9,123.92614271374109,0.0,0.0,0.0,0.0,34.75754615974299,67.82061460288946,0.0,118.0448389947964,0.0,0.0,0.0,81.61732476108564,0.0,0.0,0.0,0.0,0.0,0.0
26,6.5,R8Z1,118.03493032194214,0.0,135.0,0.0,83.88789262530696,37.98952081591708,38.494095809107876,0.0,59.0224194973982,0.0,0.0,0.0,86.90892955107883,2.354085651465958,0.0,640.0,0.0,0.0,0.0
26,6.5,R8Z2,136.1759734493325,0.0,135.0,0.0,0.0,43.88571985729583,173.34555919950472,0.0,59.0224194973982,0.0,0.0,0.0,151.40294783862785,0.0,0.0,0.0,0.0,0.0,0.0
26,6.5,R8Z3,95.97175616978417,0.0,0.0,0.0,0.0,40.82049414365632,54.48493394991707,0.0,59.0224194973982,0.0,0.0,0.0,177.1307196432436,0.0,0.0,0.0,0.0,0.0,0.0
26,6.5,R8Z4,116.10108783468233,0.0,0.0,0.0,9.984195805782292,32.74302557971538,114.99343046081427,0.0,0.0,0.0,0.0,0.0,0.0,0.0,0.0,0.0,0.0,0.0,0.0
26,6.5,R8Z5,155.19368901781758,0.0,0.0,33.80488038726634,74.8659855211345,0.0,0.0,0.0,59.0224194973982,0.0,0.0,0.0,88.14952905065404,0.0,0.0,0.0,0.0,0.0,0.0
26,6.5,R8Z6,138.35751030915233,0.0,0.0,21.88773081198346,118.30316003499249,-3.552713678800501e-15,0.0,0.0,59.0224194973982,0.0,0.0,0.0,0.0,0.0,0.0,0.0,0.0,0.0,0.0
26,6.5,R8Z7,135.26038769182207,0.0,0.0,49.68157932506775,34.58571232911358,0.0,0.0,0.0,0.0,0.0,0.0,0.0,81.66907159087845,0.0,0.0,0.0,0.0,0.0,0.0
26,6.5,R8Z8,156.67708023618994,0.0,0.0,0.0,0.0,39.51509153248304,134.69853004333544,0.0,59.0224194973982,0.0,0.0,0.0,86.83183501818682,0.0,0.0,0.0,0.0,0.0,0.0
26,6.5,R9Z1,128.153048047324,0.0,135.0,16.353731788453373,51.97851568851662,7.105427357601002e-15,0.0,0.0,59.0224194973982,0.0,0.0,0.0,0.0,2.354085651465958,0.0,640.0,0.0,0.0,0.0
26,6.5,R9Z2,113.13786848987463,0.0,135.0,0.0,0.0,19.486254178017155,44.430864694437346,0.0,59.0224194973982,0.0,0.0,0.0,77.21477002127104,2.354085651465958,0.0,640.0,0.0,0.0,0.0
26,6.5,R9Z3,129.97881615967626,0.0,0.0,0.0,0.0,31.711315014826596,14.732736731099564,0.0,118.0448389947964,0.0,0.0,0.0,141.9352905280549,0.0,0.0,0.0,0.0,0.0,0.0
26,6.5,R9Z4,141.36790872937036,0.0,0.0,43.098151436750584,135.73306572132935,0.0,0.0,0.0,59.0224194973982,0.0,0.0,0.0,74.4461283811713,0.0,0.0,0.0,0.0,0.0,0.0
26,6.5,R9Z5,121.59313647802593,0.0,0.0,0.0,62.57071698062773,33.50064045983125,64.59969635573754,0.0,59.0224194973982,0.0,0.0,0.0,155.0529833488062,0.0,0.0,0.0,0.0,0.0,0.0
26,6.5,R9Z6,145.06693059840276,0.0,0.0,12.648945953988424,36.37899007898205,4.809238396564101,0.0,0.0,59.0224194973982,0.0,0.0,0.0,164.85642351038499,0.0,0.0,0.0,0.0,0.0,0.0
26,6.5,R9Z7,115.92363444889494,0.0,0.0,55.90978118541916,1.1296778232375515,0.0,0.0,0.0,0.0,0.0,0.0,0.0,79.01094520331067,0.0,0.0,0.0,0.0,0.0,0.0
26,6.5,R9Z8,133.38787976089628,0.0,0.0,32.764278535926955,29.367058934417415,0.0,0.0,0.0,59.0224194973982,0.0,0.0,0.0,73.82720003710925,0.0,0.0,0.0,0.0,0.0,0.0
26,6.5,R9Z9,144.64504864090236,0.0,0.0,38.03925516426289,36.12802892864048,-7.105427357601002e-15,0.0,0.0,0.0,0.0,0.0,0.0,167.53833358872893,0.0,0.0,0.0,0.0,0.0,0.0
26,6.5,R9Z10,145.30317872885814,0.0,0.0,35.827793315624604,149.64428503173247,1.4210854715202004e-14,0.0,0.0,0.0,0.0,0.0,0.0,0.0,0.0,0.0,0.0,0.0,0.0,0.0
26,6.5,R9Z11,126.32746567613088,0.0,0.0,21.23489176564734,25.177723086894453,3.552713678800501e-15,0.0,0.0,0.0,0.0,0.0,0.0,165.5769781615187,0.0,0.0,0.0,0.0,0.0,0.0
26,6.5,R10Z1,146.88757066175762,0.0,0.0,0.0,0.0,22.70104429786496,78.27685918906508,0.0,0.0,0.0,0.0,0.0,72.58196221506527,2.354085651465958,0.0,640.0,0.0,0.0,0.0
26,6.5,R10Z2,117.8100832668166,0.0,0.0,0.0,0.0,31.462014873711375,38.533255618355774,0.0,0.0,0.0,0.0,0.0,172.85413466239814,2.354085651465958,0.0,640.0,0.0,0.0,0.0
26,6.5,R10Z3,86.53873079071403,0.0,0.0,0.0,55.81348326153616,59.229432220802806,19.629489747519088,0.0,0.0,0.0,0.0,0.0,83.09011293753967,0.0,0.0,0.0,0.0,0.0,0.0
26,6.5,R10Z4,138.07677105340042,0.0,0.0,0.0,0.0,20.03716983230678,59.128835357169585,0.0,118.0448389947964,0.0,0.0,0.0,84.24432790618157,0.0,0.0,0.0,0.0,0.0,0.0
26,6.5,R10Z5,88.90215574329912,0.0,0.0,0.0,0.0,18.865595272563244,78.85851060408439,0.0,118.0448389947964,0.0,0.0,0.0,0.0,0.0,0.0,0.0,0.0,0.0,0.0
26,6.5,R10Z6,104.19066650232938,0.0,0.0,43.42383478678399,39.2068197421323,7.105427357601002e-15,0.0,0.0,118.0448389947964,0.0,0.0,0.0,71.47318980054872,0.0,0.0,0.0,0.0,0.0,0.0
26,6.5,R10Z7,93.6159233486071,0.0,0.0,0.0,0.0,17.299377410298845,118.86684301818077,0.0,118.0448389947964,0.0,0.0,0.0,86.46645749050376,0.0,0.0,0.0,0.0,0.0,0.0
26,6.5,R10Z8,106.83373703076433,0.0,0.0,0.0,0.0,20.754293181451757,20.006768873771506,0.0,0.0,0.0,0.0,0.0,83.67070584054784,0.0,0.0,0.0,0.0,0.0,0.0
26,6.5,R10Z9,131.45584605364002,0.0,0.0,0.0,0.0,17.530727584918132,92.08417130898297,0.0,59.0224194973982,0.0,0.0,0.0,0.0,0.0,0.0,0.0,0.0,0.0,0.0
26,6.5,R11Z1,159.171337468736,0.0,135.0,0.0,0.0,36.691032402864245,149.94026665969116,0.0,118.0448389947964,0.0,0.0,0.0,163.34637310832338,0.0,0.0,0.0,0.0,0.0,0.0
26,6.5,R11Z2,99.77614927889509,0.0,135.0,0.0,0.0,21.62141075430608,39.0144095403399,0.0,59.0224194973982,0.0,0.0,0.0,71.54169623291803,0.0,0.0,0.0,0.0,0.0,0.0
26,6.5,R11Z3,176.41522157119317,0.0,0.0,0.0,0.0,20.68731337028174,49.09686739141581,0.0,59.0224194973982,0.0,0.0,0.0,0.0,0.0,0.0,0.0,0.0,0.0,0.0
26,6.5,R11Z4,129.8076175016018,0.0,0.0,0.0,123.11647949026784,56.69652576066421,18.066164997116232,0.0,0.0,0.0,0.0,0.0,82.94717691209728,0.0,0.0,0.0,0.0,0.0,0.0
26,6.5,R11Z5,83.04566538310058,0.0,0.0,0.0,0.0,16.7273173437955,55.33020988450372,0.0,59.0224194973982,0.0,0.0,0.0,90.82298115165452,0.0,0.0,0.0,0.0,0.0,0.0
26,6.5,R11Z6,137.03080642016968,0.0,0.0,19.517983959703145,92.60740350957096,-3.552713678800501e-15,0.0,0.0,0.0,0.0,0.0,0.0,0.0,0.0,0.0,0.0,0.0,0.0,0.0
26,6.5,R11Z7,121.28617402118181,0.0,0.0,0.0,0.0,16.82208470529302,107.15578297101953,0.0,59.0224194973982,0.0,0.0,0.0,0.0,0.0,0.0,0.0,0.0,0.0,0.0
26,6.5,R11Z8,119.61220844989884,0.0,0.0,35.55641956217676,130.23774027655168,7.105427357601002e-15,0.0,0.0,59.0224194973982,0.0,0.0,0.0,163.18843881495204,0.0,0.0,0.0,0.0,0.0,0.0
26,6.5,R12Z1,138.99942246237495,0.0,135.0,31.88546785668308,142.4027026136306,-1.4210854715202004e-14,0.0,0.0,118.0448389947964,0.0,0.0,0.0,140.87559280049615,0.0,0.0,0.0,0.0,0.0,0.0
26,6.5,R12Z2,147.35832938728672,0.0,135.0,0.0,0.0,13.654626926912908,107.49423529457265,0.0,59.0224194973982,0.0,0.0,0.0,89.85921569752094,0.0,0.0,0.0,0.0,0.0,0.0
26,6.5,R12Z3,126.46846862999774,0.0,0.0,0.0,0.0,57.573989171288844,47.355016805267425,0.0,59.0224194973982,0.0,0.0,0.0,162.825050515743,0.0,0.0,0.0,0.0,0.0,0.0
26,6.5,R12Z4,126.3530248288799,0.0,0.0,55.4628976479235,38.72893243775404,7.105427357601002e-15,0.0,0.0,0.0,0.0,0.0,0.0,0.0,0.0,0.0,0.0,0.0,0.0,0.0
26,6.5,R12Z5,132.88753956354685,0.0,0.0,13.902893465531953,47.07003889642942,1.7763568394002505e-15,0.0,0.0,0.0,0.0,0.0,0.0,154.14944436629577,0.0,0.0,0.0,0.0,0.0,0.0
26,6.5,R12Z6,120.18593731187109,0.0,0.0,0.0,144.12523268138028,30.82626173992565,22.748670108428144,0.0,0.0,0.0,0.0,0.0,0.0,0.0,0.0,0.0,0.0,0.0,0.0
26,6.5,R12Z7,121.85191777398522,0.0,0.0,42.60332666569937,85.04688258961593,7.105427357601002e-15,0.0,0.0,118.0448389947964,0.0,0.0,0.0,0.0,0.0,0.0,0.0,0.0,0.0,0.0
26,6.5,R12Z8,179.05560487582954,0.0,0.0,0.0,0.0,31.966990273270042,84.14439097860132,0.0,0.0,0.0,0.0,0.0,74.45513279524977,0.0,0.0,0.0,0.0,0.0,0.0
26,6.5,R12Z9,133.60839794173032,0.0,0.0,0.0,0.0,18.977630894376002,162.8294166273675,0.0,118.0448389947964,0.0,0.0,0.0,168.93296683614665,0.0,0.0,0.0,0.0,0.0,0.0
27,6.75,R1Z1,96.45656560845218,0.0,0.0,68.40606586950037,240.0,2.842170943040401e-14,0.0,0.0,83.73902283265184,0.0,0.0,0.0,154.31723867947778,0.0,0.0,594.961752700014,0.0,0.0,0.0
27,6.75,R1Z2,84.26469994680743,0.0,0.0,18.95854991903326,178.58464689257778,-7.105427357601002e-15,0.0,0.0,83.73902283265184,0.0,0.0,0.0,100.73763739286784,0.0,0.0,0.0,0.0,0.0,0.0
27,6.75,R1Z3,168.4931707738625,0.0,0.0,59.443111962759495,30.791827735326684,0.0,0.0,0.0,41.86951141632592,0.0,0.0,0.0,63.26288971951448,0.0,0.0,0.0,0.0,0.0,0.0
27,6.75,R1Z4,117.09348913355224,0.0,0.0,62.38776149810023,104.75860597477337,-7.105427357601002e-15,0.0,0.0,83.73902283265184,0.0,0.0,0.0,0.0,0.0,0.0,0.0,0.0,0.0,0.0
27,6.75,R1Z5,119.70589210954017,0.0,0.0,35.30480248206158,19.59592534449559,0.0,0.0,0.0,83.73902283265184,0.0,0.0,0.0,0.0,0.0,0.0,0.0,0.0,0.0,0.0
27,6.75,R1Z6,115.97599663535595,0.0,0.0,63.157807526328625,43.68123692122779,0.0,0.0,0.0,0.0,0.0,0.0,45.0,13.129017556508876,0.0,0.0,0.0,0.0,0.0,0.0
27,6.75,R1Z7,140.23807014938782,0.0,0.0,14.984731870450414,9.414313289574164,-1.7763568394002505e-15,0.0,0.0,41.86951141632592,0.0,0.0,0.0,58.46257188488848,0.0,0.0,0.0,0.0,0.0,0.0
27,6.75,R1Z8,141.0408689373851,0.0,0.0,22.784415277548135,79.96586165797342,-7.105427357601002e-15,0.0,0.0,0.0,0.0,0.0,0.0,0.0,0.0,0.0,0.0,0.0,0.0,0.0
27,6.75,R1Z9,127.47490121849697,0.0,0.0,51.49928593983354,76.59503988613581,7.105427357601002e-15,0.0,0.0,0.0,0.0,0.0,8.761978208256167,60.19137323838552,0.0,0.0,0.0,0.0,0.0,0.0
27,6.75,R1Z10,124.78342656420791,0.0,0.0,61.087192192649006,35.715918613398834,0.0,0.0,0.0,0.0,0.0,0.0,0.0,45.91048151713492,0.0,0.0,0.0,0.0,0.0,0.0
27,6.75,R2Z1,169.62910963120856,0.0,135.0,0.0,0.0,61.508935984279496,86.05781228963,0.0,0.0,0.0,0.0,0.0,75.92536642482429,2.354085651465958,0.0,640.0,0.0,0.0,0.0
27,6.75,R2Z2,120.92388909565769,0.0,135.0,0.0,0.0,49.041986375322125,29.349049290716124,0.0,0.0,0.0,0.0,0.0,82.06219796433336,2.354085651465958,0.0,640.0,0.0,0.0,0.0
27,6.75,R2Z3,111.38394194390862,0.0,0.0,7.268227234731192,39.519212192732375,56.614700251880876,0.0,0.0,41.86951141632592,0.0,0.0,0.0,71.03643735234513,0.0,0.0,0.0,0.0,0.0,0.0
27,6.75,R2Z4,140.6890045591937,0.0,0.0,23.038097242981195,126.23347099295395,-1.0658141036401503e-14,0.0,0.0,83.73902283265184,0.0,0.0,0.0,0.0,0.0,0.0,0.0,0.0,0.0,0.0
27,6.75,R2Z5,129.24192947471812,0.0,0.0,25.679359418710746,84.04871013732463,0.0,0.0,0.0,41.86951141632592,0.0,0.0,0.0,0.0,0.0,0.0,0.0,0.0,0.0,0.0
27,6.75,R2Z6,103.71939232160855,0.0,0.0,35.879168160247296,63.09135139220778,7.105427357601002e-15,0.0,0.0,83.73902283265184,0.0,0.0,0.0,171.5164077261245,0.0,0.0,0.0,0.0,0.0,0.0
27,6.75,R2Z7,139.83262233208214,0.0,0.0,24.347573769309747,55.25202564876561,-3.552713678800501e-15,0.0,0.0,83.73902283265184,0.0,0.0,0.0,87.63464388774881,0.0,0.0,0.0,0.0,0.0,0.0
27,6.75,R2Z8,113.03496041784554,0.0,0.0,0.0,0.0,58.92267930240954,46.991320570193594,0.0,0.0,0.0,0.0,0.0,90.3043620434898,0.0,0.0,0.0,0.0,0.0,0.0
27,6.75,R2Z9,114.86303578777796,0.0,0.0,15.686912207333634,99.29782937186101,5.329070518200751e-15,0.0,0.0,41.86951141632592,0.0,0.0,0.0,82.59388009925232,0.0,0.0,0.0,0.0,0.0,0.0
27,6.75,R3Z1,126.4319002555609,0.0,0.0,0.0,0.0,79.60770244571741,30.79304431848307,0.0,0.0,0.0,0.0,0.0,0.0,0.0,0.0,0.0,0.0,0.0,0.0
27,6.75,R3Z2,100.30282970086836,0.0,0.0,65.00585548284675,118.25012793705429,0.0,0.0,0.0,83.73902283265184,0.0,0.0,0.0,164.51493475357867,0.0,0.0,0.0,0.0,0.0,0.0
27,6.75,R3Z3,114.5369876847012,0.0,0.0,0.0,0.0,20.99463315676976,6.699234784078793,0.0,41.86951141632592,0.0,0.0,0.0,0.0,0.0,0.0,0.0,0.0,0.0,0.0
27,6.75,R4Z1,147.79758315415378,0.0,135.0,16.689278662015866,64.99358703709329,3.552713678800501e-15,0.0,0.0,83.73902283265184,0.0,0.0,0.0,81.39142157471639,0.0,0.0,0.0,0.0,0.0,0.0
27,6.75,R4Z2,164.35006802071092,0.0,0.0,43.993853128246464,36.617192059812616,24.424490591516424,0.0,0.0,83.73902283265184,0.0,0.0,0.0,160.8991917812766,0.0,0.0,0.0,0.0,0.0,0.0
27,6.75,R4Z3,113.40921199768235,0.0,0.0,0.0,0.0,36.48510848065391,195.86508100378404,0.0,0.0,0.0,0.0,0.0,0.0,0.0,0.0,0.0,0.0,0.0,0.0
27,6.75,R4Z4,142.42156573643962,0.0,0.0,24.185682423124085,42.91796470398743,3.552713678800501e-15,0.0,0.0,0.0,0.0,0.0,0.0,0.0,0.0,0.0,0.0,0.0,0.0,0.0
27,6.75,R4Z5,156.2763629350831,0.0,0.0,0.0,127.45834561950883,25.51133975511267,78.78331276435827,0.0,83.73902283265184,0.0,0.0,0.0,0.0,0.0,0.0,0.0,0.0,0.0,0.0
27,6.75,R4Z6,97.82153997049271,0.0,0.0,0.0,0.0,49.1908317932815,25.539910858745017,0.0,83.73902283265184,0.0,0.0,0.0,153.13280417659197,0.0,0.0,0.0,0.0,0.0,0.0
27,6.75,R4Z7,137.66906641080652,0.0,0.0,47.92755784879549,113.44780941794616,7.105427357601002e-15,0.0,0.0,83.73902283265184,0.0,0.0,0.0,0.0,0.0,0.0,0.0,0.0,0.0,0.0
27,6.75,R4Z8,131.40911873402592,0.0,0.0,40.26404362567867,33.62713229649775,-7.105427357601002e-15,0.0,0.0,83.73902283265184,0.0,0.0,0.0,0.0,0.0,0.0,0.0,0.0,0.0,0.0
27,6.75,R4Z9,119.88987085252619,0.0,0.0,0.0,0.0,40.98598055014174,166.8310356943466,0.0,0.0,0.0,0.0,0.0,88.63488977143795,0.0,0.0,0.0,0.0,0.0,0.0
27,6.75,R4Z10,115.57500024295149,0.0,0.0,19.377104670430327,111.0337370683448,-3.552713678800501e-15,0.0,0.0,0.0,0.0,0.0,0.0,90.29450961478194,0.0,0.0,0.0,0.0,0.0,0.0
27,6.75,R4Z11,140.9518325957541,0.0,0.0,0.0,0.0,37.12906220281182,41.67275415662849,0.0,41.86951141632592,0.0,0.0,0.0,83.5348802818116,0.0,0.0,0.0,0.0,0.0,0.0
27,6.75,R5Z1,92.82387364750033,0.0,135.0,0.0,0.0,64.59284356384143,45.56701313816291,0.0,0.0,0.0,0.0,0.0,72.92914202967346,0.0,0.0,0.0,0.0,0.0,0.0
27,6.75,R5Z2,101.98141319355977,0.0,135.0,16.70372255762092,39.4553626541021,3.552713678800501e-15,0.0,0.0,41.86951141632592,0.0,0.0,0.0,173.52203816274888,0.0,0.0,0.0,0.0,0.0,0.0
27,6.75,R5Z3,142.0489710634056,0.0,0.0,54.15274743754671,116.31906436019926,0.0,0.0,0.0,41.86951141632592,0.0,0.0,0.0,147.1801136146187,0.0,0.0,0.0,0.0,0.0,0.0
27,6.75,R5Z4,128.7626903960447,0.0,0.0,0.0,0.0,56.13327076784927,43.107799788386856,0.0,83.73902283265184,0.0,0.0,0.0,0.0,0.0,0.0,0.0,0.0,0.0,0.0
27,6.75,R5Z5,102.89780945452357,0.0,0.0,21.2930106376279,77.8861597263986,7.105427357601002e-15,0.0,0.0,41.86951141632592,0.0,0.0,0.0,80.97260401534422,0.0,0.0,0.0,0.0,0.0,0.0
27,6.75,R5Z6,143.02243782492553,0.0,0.0,0.0,0.0,22.43680597787333,95.70274032081501,0.0,83.73902283265184,0.0,0.0,0.0,164.36705681573193,0.0,0.0,0.0,0.0,0.0,0.0
27,6.75,R5Z7,128.58742296410523,0.0,0.0,0.0,0.0,36.58551179302627,38.26675283425499,0.0,0.0,0.0,0.0,0.0,89.17502958767926,0.0,0.0,0.0,0.0,0.0,0.0
27,6.75,R5Z8,122.30757599545194,0.0,0.0,0.0,0.0,41.814830708322944,69.87803843655536,0.0,41.86951141632592,0.0,0.0,0.0,165.97580901242824,0.0,0.0,0.0,0.0,0.0,0.0
27,6.75,R5Z9,146.2549876336041,0.0,0.0,12.873424356146728,190.20467199601111,47.188175572799246,0.0,0.0,0.0,0.0,0.0,0.0,86.47498994077044,0.0,0.0,0.0,0.0,0.0,0.0
27,6.75,R6Z1,121.11778658138755,0.0,135.0,0.0,0.0,49.81227526492403,41.36299581618634,0.0,0.0,0.0,0.0,0.0,0.0,2.354085651465958,0.0,640.0,0.0,0.0,0.0
27,6.75,R6Z2,120.2500366197305,0.0,135.0,33.01758583004433,27.556878371208605,0.0,0.0,0.0,83.73902283265184,0.0,0.0,0.0,140.87030020182146,2.354085651465958,0.0,640.0,0.0,0.0,0.0
27,6.75,R6Z3,135.72716235638023,0.0,0.0,66.88034076267854,84.75331264905077,1.4210854715202004e-14,0.0,0.0,41.86951141632592,0.0,0.0,0.0,82.96651113344592,0.0,0.0,0.0,0.0,0.0,0.0
27,6.75,R6Z4,128.37294877557702,0.0,0.0,0.0,0.0,19.597402093015162,127.77458311505438,0.0,41.86951141632592,0.0,0.0,0.0,78.67002169806136,0.0,0.0,0.0,0.0,0.0,0.0
27,6.75,R7Z1,105.65443392480924,0.0,135.0,37.489325881259305,131.79996618929655,-1.4210854715202004e-14,0.0,0.0,41.86951141632592,0.0,0.0,0.0,0.0,2.354085651465958,0.0,640.0,0.0,0.0,0.0
27,6.75,R7Z2,124.02322811301285,0.0,135.0,0.0,0.0,57.96186420097628,8.16149709969379,0.0,0.0,0.0,0.0,0.0,167.7184028627522,0.0,0.0,0.0,0.0,0.0,0.0
27,6.75,R7Z3,99.35132382943121,0.0,0.0,0.0,0.0,16.857140322496658,125.5138268553331,0.0,83.73902283265184,0.0,0.0,0.0,143.23305996228137,0.0,0.0,0.0,0.0,0.0,0.0
27,6.75,R7Z4,161.07577200167663,0.0,0.0,67.274131910962,23.144455425091262,0.0,0.0,0.0,41.86951141632592,0.0,0.0,0.0,69.88515701555006,0.0,0.0,0.0,0.0,0.0,0.0
27,6.75,R7Z5,147.5702513873188,0.0,0.0,0.0,0.0,17.069897346257036,16.65653846341075,0.0,83.73902283265184,0.0,0.0,0.0,0.0,0.0,0.0,0.0,0.0,0.0,0.0
27,6.75,R7Z6,118.39867211779162,0.0,0.0,29.293260451677313,108.525269452454,-3.552713678800501e-15,0.0,0.0,83.73902283265184,0.0,0.0,0.0,0.0,0.0,0.0,0.0,0.0,0.0,0.0
27,6.75,R7Z7,118.62644948044371,0.0,0.0,0.0,0.0,25.972778490780993,83.4676641679373,0.0,0.0,0.0,0.0,0.0,70.1987779056796,0.0,0.0,0.0,0.0,0.0,0.0
27,6.75,R7Z8,136.97067140246403,0.0,0.0,0.0,0.0,64.13324590303431,66.17884338798318,0.0,83.73902283265184,0.0,0.0,0.0,149.10756473352757,0.0,0.0,0.0,0.0,0.0,0.0
27,6.75,R7Z9,124.07662202881728,0.0,0.0,39.32619166601515,97.80117488203263,-7.105427357601002e-15,0.0,0.0,83.73902283265184,0.0,0.0,0.0,81.52605803439164,0.0,0.0,0.0,0.0,0.0,0.0
27,6.75,R8Z1,114.79063810355113,0.0,135.0,0.0,0.0,33.98342893891183,81.89767289285653,0.0,41.86951141632592,0.0,0.0,0.0,86.81174560705928,2.354085651465958,0.0,640.0,0.0,0.0,0.0
27,6.75,R8Z2,135.92315531005974,0.0,135.0,0.0,0.0,41.53034219426546,164.94549682443582,0.0,41.86951141632592,0.0,0.0,0.0,151.23364491793666,0.0,0.0,0.0,0.0,0.0,0.0
27,6.75,R8Z3,87.3047292818062,0.0,0.0,19.451061710817214,80.26427875886878,26.14083771744813,0.0,0.0,41.86951141632592,0.0,0.0,0.0,176.93264722386309,0.0,0.0,0.0,0.0,0.0,0.0
27,6.75,R8Z4,112.81049856110114,0.0,0.0,0.0,112.81049856110114,37.24623244605562,4.475236364789623,0.0,0.0,0.0,0.0,0.0,0.0,0.0,0.0,0.0,0.0,0.0,0.0
27,6.75,R8Z5,187.78034079096017,0.0,0.0,0.0,30.85890215870353,41.751648913592255,27.686764989866404,0.0,41.86951141632592,0.0,0.0,0.0,88.0509578343146,0.0,0.0,0.0,0.0,0.0,0.0
27,6.75,R8Z6,140.2938099828902,0.0,0.0,21.490644828745502,98.67124092992336,-3.552713678800501e-15,0.0,0.0,41.86951141632592,0.0,0.0,0.0,0.0,0.0,0.0,0.0,0.0,0.0,0.0
27,6.75,R8Z7,135.12027202596715,0.0,0.0,41.74871433016622,64.46615661579224,7.105427357601002e-15,0.0,0.0,0.0,0.0,0.0,0.0,81.57774699946287,0.0,0.0,0.0,0.0,0.0,0.0
27,6.75,R8Z8,138.00835936700628,0.0,0.0,0.0,0.0,44.68688640222775,64.83991770110927,0.0,41.86951141632592,0.0,0.0,0.0,86.73473728338429,0.0,0.0,0.0,0.0,0.0,0.0
27,6.75,R9Z1,107.9253291225698,0.0,135.0,0.0,0.0,19.291866996359385,45.6947003010511,0.0,41.86951141632592,0.0,0.0,0.0,0.0,2.354085651465958,0.0,640.0,0.0,0.0,0.0
27,6.75,R9Z2,125.86833094847914,0.0,135.0,21.305955349848883,24.41916989511009,3.552713678800501e-15,0.0,0.0,41.86951141632592,0.0,0.0,0.0,77.12842635180012,2.354085651465958,0.0,640.0,0.0,0.0,0.0
27,6.75,R9Z3,136.97748018019578,0.0,0.0,0.0,0.0,37.692533061146364,4.779825125388699,0.0,83.73902283265184,0.0,0.0,0.0,141.77657460093064,0.0,0.0,0.0,0.0,0.0,0.0
27,6.75,R9Z4,134.9967980862925,0.0,0.0,47.747051327294855,113.32252673663683,7.105427357601002e-15,0.0,0.0,41.86951141632592,0.0,0.0,0.0,74.36288068256957,0.0,0.0,0.0,0.0,0.0,0.0
27,6.75,R9Z5,129.1629559315672,0.0,0.0,37.82294419784975,171.2904703489278,1.4210854715202004e-14,0.0,0.0,41.86951141632592,0.0,0.0,0.0,154.87959885849352,0.0,0.0,0.0,0.0,0.0,0.0
27,6.75,R9Z6,130.25174532666048,0.0,0.0,19.85396396667568,34.22812351760662,0.0,0.0,0.0,41.86951141632592,0.0,0.0,0.0,164.67207654492984,0.0,0.0,0.0,0.0,0.0,0.0
27,6.75,R9Z7,116.57373880723738,0.0,0.0,61.737256159833215,33.68148894031618,0.0,0.0,0.0,0.0,0.0,0.0,0.0,78.92259300158372,0.0,0.0,0.0,0.0,0.0,0.0
27,6.75,R9Z8,137.18876030301627,0.0,0.0,0.0,0.0,37.37223253332882,42.76085056459303,0.0,41.86951141632592,0.0,0.0,0.0,73.74464444112404,0.0,0.0,0.0,0.0,0.0,0.0
27,6.75,R9Z9,143.91914144245462,0.0,0.0,0.0,19.428512862431873,41.879047695768996,30.04182710364998,0.0,0.0,0.0,0.0,0.0,167.3509876380111,0.0,0.0,0.0,0.0,0.0,0.0
27,6.75,R9Z10,112.13309238555463,0.0,0.0,37.78593893008235,138.90267455895292,-7.105427357601002e-15,0.0,0.0,0.0,0.0,0.0,0.0,0.0,0.0,0.0,0.0,0.0,0.0,0.0
27,6.75,R9Z11,128.03716936187197,0.0,0.0,21.596968868664163,98.79110793506528,3.552713678800501e-15,0.0,0.0,0.0,0.0,0.0,0.0,165.39182545212861,0.0,0.0,0.0,0.0,0.0,0.0
27,6.75,R10Z1,146.9833890349322,0.0,0.0,29.986662100698496,54.71141393678873,3.552713678800501e-15,0.0,0.0,0.0,0.0,0.0,0.0,72.5007990780991,2.354085651465958,0.0,640.0,0.0,0.0,0.0
27,6.75,R10Z2,103.68300519453048,0.0,0.0,0.0,0.0,35.00818533386362,128.49670742470892,0.0,0.0,0.0,0.0,0.0,172.66084443740803,2.354085651465958,0.0,640.0,0.0,0.0,0.0
27,6.75,R10Z3,94.78656670440779,0.0,0.0,71.68957920949293,71.05622439603275,-1.4210854715202004e-14,0.0,0.0,0.0,0.0,0.0,0.0,82.9971992987915,0.0,0.0,0.0,0.0,0.0,0.0
27,6.75,R10Z4,140.0785097086002,0.0,0.0,0.0,0.0,21.070193210985888,40.43058157607778,0.0,83.73902283265184,0.0,0.0,0.0,84.15012359266063,0.0,0.0,0.0,0.0,0.0,0.0
27,6.75,R10Z5,91.4758172697768,0.0,0.0,0.0,0.0,18.49630626789936,144.58496041908938,0.0,83.73902283265184,0.0,0.0,0.0,0.0,0.0,0.0,0.0,0.0,0.0,0.0
27,6.75,R10Z6,106.25155649631817,0.0,0.0,48.77675121540305,23.260606688739283,0.0,0.0,0.0,83.73902283265184,0.0,0.0,0.0,71.39326652324736,0.0,0.0,0.0,0.0,0.0,0.0
27,6.75,R10Z7,97.38322892986007,0.0,0.0,0.0,61.13519768246316,21.483346801837644,104.85208368262393,0.0,83.73902283265184,0.0,0.0,0.0,86.36976833085433,0.0,0.0,0.0,0.0,0.0,0.0
27,6.75,R10Z8,115.46499424837029,0.0,0.0,25.757126712968606,26.75475103765575,0.0,0.0,0.0,0.0,0.0,0.0,0.0,83.5771429669227,0.0,0.0,0.0,0.0,0.0,0.0
27,6.75,R10Z9,98.657906218746,0.0,0.0,0.0,0.0,17.439861692318278,92.27910726938909,0.0,41.86951141632592,0.0,0.0,0.0,0.0,0.0,0.0,0.0,0.0,0.0,0.0
27,6.75,R11Z1,150.78672298909373,0.0,135.0,45.108411740086524,106.2462715594522,-7.105427357601002e-15,0.0,0.0,83.73902283265184,0.0,0.0,0.0,163.16371472256307,0.0,0.0,0.0,0.0,0.0,0.0
27,6.75,R11Z2,163.46709551129754,0.0,135.0,0.0,0.0,23.981185919164943,52.50493433115531,0.0,41.86951141632592,0.0,0.0,0.0,71.46169634984874,0.0,0.0,0.0,0.0,0.0,0.0
27,6.75,R11Z3,183.66737516758988,0.0,0.0,0.0,0.0,24.230669962261576,42.460977992816716,0.0,41.86951141632592,0.0,0.0,0.0,0.0,0.0,0.0,0.0,0.0,0.0,0.0
27,6.75,R11Z4,154.20544733199966,0.0,0.0,71.32950433529737,157.37509759801873,-1.4210854715202004e-14,0.0,0.0,0.0,0.0,0.0,0.0,82.85442310832539,0.0,0.0,0.0,0.0,0.0,0.0
27,6.75,R11Z5,71.03367456824473,0.0,0.0,15.72359139775864,44.05416616524613,-1.7763568394002505e-15,0.0,0.0,41.86951141632592,0.0,0.0,0.0,90.72142040799419,0.0,0.0,0.0,0.0,0.0,0.0
27,6.75,R11Z6,133.12665047021156,0.0,0.0,0.0,0.0,24.726253873534183,67.36142207051564,0.0,0.0,0.0,0.0,0.0,0.0,0.0,0.0,0.0,0.0,0.0,0.0
27,6.75,R11Z7,141.02232095425902,0.0,0.0,0.0,0.0,18.87391096478461,128.96462866465706,0.0,41.86951141632592,0.0,0.0,0.0,0.0,0.0,0.0,0.0,0.0,0.0,0.0
27,6.75,R11Z8,87.03857030007768,0.0,0.0,32.56436066792074,180.42720793949647,-7.105427357601002e-15,0.0,0.0,41.86951141632592,0.0,0.0,0.0,163.00595703564179,0.0,0.0,0.0,0.0,0.0,0.0
27,6.75,R12Z1,123.30064899783436,0.0,135.0,0.0,0.0,50.50760754200262,125.83235512133197,0.0,83.73902283265184,0.0,0.0,0.0,140.7180618563784,0.0,0.0,0.0,0.0,0.0,0.0
27,6.75,R12Z2,150.6842720837269,0.0,135.0,0.0,0.0,20.85747158420294,148.55857927526512,0.0,41.86951141632592,0.0,0.0,0.0,89.75873266277299,0.0,0.0,0.0,0.0,0.0,0.0
27,6.75,R12Z3,109.63319537017064,0.0,0.0,27.937601174185083,39.826082779659636,40.687782396032354,0.0,0.0,41.86951141632592,0.0,0.0,0.0,162.6429750871761,0.0,0.0,0.0,0.0,0.0,0.0
27,6.75,R12Z4,139.61142655861178,0.0,0.0,56.65779323051136,22.65747209566112,0.0,0.0,0.0,0.0,0.0,0.0,0.0,0.0,0.0,0.0,0.0,0.0,0.0,0.0
27,6.75,R12Z5,142.93983229846893,0.0,0.0,0.0,0.0,15.21961978172953,55.989634523759584,0.0,0.0,0.0,0.0,0.0,153.9770702380063,0.0,0.0,0.0,0.0,0.0,0.0
27,6.75,R12Z6,116.11587148753078,0.0,0.0,0.0,0.0,35.6453250182519,91.1989932669885,0.0,0.0,0.0,0.0,0.0,0.0,0.0,0.0,0.0,0.0,0.0,0.0
27,6.75,R12Z7,114.68268849769099,0.0,0.0,0.0,81.1871951742255,58.12228766234924,8.568186628762135,0.0,83.73902283265184,0.0,0.0,0.0,0.0,0.0,0.0,0.0,0.0,0.0,0.0
27,6.75,R12Z8,174.09721210963758,0.0,0.0,33.31380104360932,97.35013452430758,-1.4210854715202004e-14,0.0,0.0,0.0,0.0,0.0,0.0,74.37187502766572,0.0,0.0,0.0,0.0,0.0,0.0
27,6.75,R12Z9,116.55204074464102,0.0,0.0,23.19638937399594,103.79965153445141,3.552713678800501e-15,0.0,0.0,83.73902283265184,0.0,0.0,0.0,168.74406136835566,0.0,0.0,0.0,0.0,0.0,0.0
28,7.0,R1Z1,85.01953037788556,0.0,0.0,72.9016938279421,7.633314088599001,0.0,0.0,0.0,78.51387158555397,0.0,0.0,0.0,154.1446769189942,0.0,0.0,594.451446354011,0.0,0.0,0.0
28,7.0,R1Z2,90.76242383112022,0.0,0.0,17.16906630754883,99.54617294953901,3.552713678800501e-15,0.0,0.0,78.51387158555397,0.0,90.0,0.0,122.30759565472444,0.0,0.0,0.0,0.0,0.0,0.0
28,7.0,R1Z3,169.13657887926487,0.0,0.0,43.73992437994794,90.78271420163817,0.0,0.0,0.0,39.256935792776986,0.0,2.084903240916475,0.0,63.69443781560613,0.0,0.0,0.0,0.0,0.0,0.0
28,7.0,R1Z4,111.04380922916452,0.0,0.0,68.32793636403665,86.37062754585682,0.0,0.0,0.0,78.51387158555397,0.0,0.0,0.0,0.0,0.0,0.0,0.0,0.0,0.0,0.0
28,7.0,R1Z5,97.52067353994282,0.0,0.0,47.722106020653975,57.343291989330545,0.0,0.0,0.0,78.51387158555397,0.0,0.0,0.0,0.0,0.0,0.0,0.0,0.0,0.0,0.0
28,7.0,R1Z6,132.80163358090547,0.0,0.0,75.67536723290621,85.2102535639205,0.0,0.0,0.0,0.0,0.0,0.0,0.0,13.11433632969094,0.0,0.0,0.0,0.0,0.0,0.0
28,7.0,R1Z7,140.63356940397912,0.0,0.0,17.793208540925185,31.515336091933378,0.0,0.0,0.0,39.256935792776986,0.0,0.0,0.0,58.397197436685666,0.0,0.0,0.0,0.0,0.0,0.0
28,7.0,R1Z8,130.2172284102313,0.0,0.0,25.29048441330056,147.4105673283706,3.552713678800501e-15,0.0,0.0,0.0,0.0,0.0,0.0,0.0,0.0,0.0,0.0,0.0,0.0,0.0
28,7.0,R1Z9,131.55555420396948,0.0,0.0,46.59256012170205,123.15938143282007,0.0,0.0,0.0,0.0,0.0,0.0,0.0,60.124065597186004,0.0,0.0,0.0,0.0,0.0,0.0
28,7.0,R1Z10,127.01046504947224,0.0,0.0,38.51762352607625,24.903320070759033,0.0,0.0,0.0,0.0,0.0,0.0,0.0,45.85914315997509,0.0,0.0,0.0,0.0,0.0,0.0
28,7.0,R2Z1,170.25457933593407,0.0,135.0,74.48298688873074,64.5525066751065,1.4210854715202004e-14,0.0,0.0,0.0,0.0,0.0,0.0,75.84046460175033,2.354085651465958,0.0,640.0,0.0,0.0,0.0
28,7.0,R2Z2,113.13581756886076,0.0,135.0,0.0,0.0,46.56923812271029,38.577909210107116,0.0,0.0,0.0,0.0,0.0,81.97043376824578,2.354085651465958,0.0,640.0,0.0,0.0,0.0
28,7.0,R2Z3,127.32167203320178,0.0,0.0,0.0,0.0,63.61108937149369,41.33392493107784,0.0,39.256935792776986,0.0,0.0,0.0,70.95700246358676,0.0,0.0,0.0,0.0,0.0,0.0
28,7.0,R2Z4,161.74319653577297,0.0,0.0,22.45095726180513,68.99993484860833,-3.552713678800501e-15,0.0,0.0,78.51387158555397,0.0,0.0,0.0,0.0,0.0,0.0,0.0,0.0,0.0,0.0
28,7.0,R2Z5,118.29266923672411,0.0,0.0,0.0,46.89606877601655,22.34467369019833,63.6040278957734,0.0,39.256935792776986,0.0,0.0,0.0,0.0,0.0,0.0,0.0,0.0,0.0,0.0
28,7.0,R2Z6,103.96899396105451,0.0,0.0,0.0,0.0,41.67018609764868,123.43310785364842,0.0,78.51387158555397,0.0,0.0,0.0,171.3246133840127,0.0,0.0,0.0,0.0,0.0,0.0
28,7.0,R2Z7,158.32369245351185,0.0,0.0,21.933742475677548,50.95837365181775,3.552713678800501e-15,0.0,0.0,78.51387158555397,0.0,0.0,0.0,87.53664843009271,0.0,0.0,0.0,0.0,0.0,0.0
28,7.0,R2Z8,103.08994309543952,0.0,0.0,58.76109758487553,54.74630769027284,0.0,0.0,0.0,0.0,0.0,0.0,0.0,90.20338123391261,0.0,0.0,0.0,0.0,0.0,0.0
28,7.0,R2Z9,100.29464684447369,0.0,0.0,15.51403015613218,58.5249542238692,-5.329070518200751e-15,0.0,0.0,39.256935792776986,0.0,0.0,0.0,82.5015213616475,0.0,0.0,0.0,0.0,0.0,0.0
28,7.0,R3Z1,126.83785120543398,0.0,0.0,79.9241319906753,45.94706919775568,0.0,0.0,0.0,0.0,0.0,0.0,0.0,0.0,0.0,0.0,0.0,0.0,0.0,0.0
28,7.0,R3Z2,107.96167691920103,0.0,0.0,66.78071677487415,135.81814314049362,0.0,0.0,0.0,78.51387158555397,0.0,0.0,0.0,164.3309696501991,0.0,0.0,0.0,0.0,0.0,0.0
28,7.0,R3Z3,122.70078391335525,0.0,0.0,19.29933512162971,37.63720099668282,3.552713678800501e-15,0.0,0.0,39.256935792776986,0.0,0.0,0.0,0.0,0.0,0.0,0.0,0.0,0.0,0.0
28,7.0,R4Z1,141.64537827115186,0.0,135.0,17.301163634992093,90.45451495563948,-3.552713678800501e-15,0.0,0.0,78.51387158555397,0.0,0.0,0.0,81.30040745914913,0.0,0.0,0.0,0.0,0.0,0.0
28,7.0,R4Z2,152.73044639181114,0.0,0.0,0.0,0.0,66.15355097806734,12.877171542350789,0.0,78.51387158555397,0.0,0.0,0.0,160.71926990066396,0.0,0.0,0.0,0.0,0.0,0.0
28,7.0,R4Z3,122.54346629430711,0.0,0.0,0.0,0.0,35.99369729191438,118.08390004157104,0.0,0.0,0.0,0.0,0.0,0.0,0.0,0.0,0.0,0.0,0.0,0.0
28,7.0,R4Z4,146.7575781283944,0.0,0.0,0.0,0.0,21.976756325386074,30.821119493279884,0.0,0.0,0.0,0.0,0.0,0.0,0.0,0.0,0.0,0.0,0.0,0.0
28,7.0,R4Z5,144.12065852296197,0.0,0.0,0.0,0.0,26.526332719268623,73.84888071921802,0.0,78.51387158555397,0.0,0.0,0.0,0.0,0.0,0.0,0.0,0.0,0.0,0.0
28,7.0,R4Z6,90.26825548188175,0.0,0.0,52.49743421904813,70.57183639116603,0.0,0.0,0.0,78.51387158555397,0.0,0.0,0.0,152.96156688319155,0.0,0.0,0.0,0.0,0.0,0.0
28,7.0,R4Z7,139.9246069065562,0.0,0.0,49.80760866041865,77.86529208456533,0.0,0.0,0.0,78.51387158555397,0.0,0.0,0.0,0.0,0.0,0.0,0.0,0.0,0.0,0.0
28,7.0,R4Z8,146.1675458052714,0.0,0.0,40.18680104083303,27.97252247878323,7.105427357601002e-15,0.0,0.0,78.51387158555397,0.0,0.0,0.0,0.0,0.0,0.0,0.0,0.0,0.0,0.0
28,7.0,R4Z9,101.17943852217512,0.0,0.0,49.77867405867289,148.34712790906832,7.105427357601002e-15,0.0,0.0,0.0,0.0,0.0,0.0,88.53577581145456,0.0,0.0,0.0,0.0,0.0,0.0
28,7.0,R4Z10,122.67522499672562,0.0,0.0,17.3043988217337,66.00871288157963,3.552713678800501e-15,0.0,0.0,0.0,0.0,0.0,0.0,90.19353982246022,0.0,0.0,0.0,0.0,0.0,0.0
28,7.0,R4Z11,124.67059890262257,0.0,0.0,0.0,50.71630331449552,39.9243032749916,20.684143595316712,0.0,39.256935792776986,0.0,0.0,0.0,83.44146929204425,0.0,0.0,0.0,0.0,0.0,0.0
28,7.0,R5Z1,104.46756610101441,0.0,135.0,0.0,0.0,70.25167761335626,32.88846811470796,0.0,0.0,0.0,0.0,0.0,72.84759066673509,0.0,0.0,0.0,0.0,0.0,0.0
28,7.0,R5Z2,103.57723073293702,0.0,135.0,0.0,0.0,17.652667632491713,54.74906254744707,0.0,39.256935792776986,0.0,0.0,0.0,173.32800106978186,0.0,0.0,0.0,0.0,0.0,0.0
28,7.0,R5Z3,127.86616328337679,0.0,0.0,0.0,0.0,59.16455628947869,146.52133852012983,0.0,39.256935792776986,0.0,0.0,0.0,147.01553278275026,0.0,0.0,0.0,0.0,0.0,0.0
28,7.0,R5Z4,114.52912323124399,0.0,0.0,4.364751482137102,36.41987461227249,53.58247270139703,0.0,0.0,78.51387158555397,0.0,0.0,0.0,0.0,0.0,0.0,0.0,0.0,0.0,0.0
28,7.0,R5Z5,114.31174819977925,0.0,0.0,23.461324295888488,82.6061547486676,-3.552713678800501e-15,0.0,0.0,39.256935792776986,0.0,0.0,0.0,80.88205823303632,0.0,0.0,0.0,0.0,0.0,0.0
28,7.0,R5Z6,123.90000270116428,0.0,0.0,0.0,0.0,23.0589407599346,96.7944641769279,0.0,78.51387158555397,0.0,0.0,0.0,164.1832570735104,0.0,0.0,0.0,0.0,0.0,0.0
28,7.0,R5Z7,119.8450725359486,0.0,0.0,0.0,0.0,42.35826706836716,35.69374488729865,0.0,0.0,0.0,0.0,0.0,89.07531162856786,0.0,0.0,0.0,0.0,0.0,0.0
28,7.0,R5Z8,113.61189582111483,0.0,0.0,0.0,0.0,43.11535194467347,116.5930402339393,0.0,39.256935792776986,0.0,0.0,0.0,165.79021031946328,0.0,0.0,0.0,0.0,0.0,0.0
28,7.0,R5Z9,130.21660661920586,0.0,0.0,58.98546913013237,145.28589851878144,7.105427357601002e-15,0.0,0.0,0.0,0.0,0.0,0.0,86.37829123990156,0.0,0.0,0.0,0.0,0.0,0.0
28,7.0,R6Z1,93.54438010928281,0.0,135.0,38.6299020793167,19.69027125544755,0.0,0.0,0.0,0.0,0.0,0.0,0.0,0.0,2.354085651465958,0.0,640.0,0.0,0.0,0.0
28,7.0,R6Z2,135.38959805662705,0.0,135.0,0.0,0.0,37.05428949956289,0.0,0.0,78.51387158555397,0.0,0.0,0.0,140.71277517603244,2.354085651465958,0.0,640.0,0.0,0.0,0.0
28,7.0,R6Z3,148.6853335935705,0.0,0.0,56.341393124283826,0.0,0.0,0.0,0.0,39.256935792776986,0.0,0.0,0.0,82.87373570961849,0.0,0.0,0.0,0.0,0.0,0.0
28,7.0,R6Z4,143.29303217301413,0.0,0.0,24.915334303562958,72.65276900846561,3.552713678800501e-15,0.0,0.0,39.256935792776986,0.0,0.0,0.0,78.58205072633022,0.0,0.0,0.0,0.0,0.0,0.0
28,7.0,R7Z1,113.93780654693302,0.0,135.0,43.7907918645774,25.088115896964993,0.0,0.0,0.0,39.256935792776986,0.0,0.0,0.0,0.0,2.354085651465958,0.0,640.0,0.0,0.0,0.0
28,7.0,R7Z2,126.61764929006789,0.0,135.0,44.05740676196259,37.03164213184018,0.0,0.0,0.0,0.0,0.0,0.0,0.0,167.53085555364305,0.0,0.0,0.0,0.0,0.0,0.0
28,7.0,R7Z3,106.92531786862551,0.0,0.0,21.173545505623512,0.0,0.0,0.0,0.0,78.51387158555397,0.0,0.0,0.0,143.07289283385137,0.0,0.0,0.0,0.0,0.0,0.0
28,7.0,R7Z4,169.98264915371985,0.0,0.0,0.0,129.82047261512844,58.69822583402572,23.630663107864848,0.0,39.256935792776986,0.0,0.0,0.0,69.80700951997879,0.0,0.0,0.0,0.0,0.0,0.0
28,7.0,R7Z5,156.32971554596827,0.0,0.0,18.44332831023226,88.75922838510331,0.0,0.0,0.0,78.51387158555397,0.0,0.0,0.0,0.0,0.0,0.0,0.0,0.0,0.0,0.0
28,7.0,R7Z6,103.99318707452097,0.0,0.0,0.0,0.0,38.929945244693364,89.7420841885619,0.0,78.51387158555397,0.0,0.0,0.0,0.0,0.0,0.0,0.0,0.0,0.0,0.0
28,7.0,R7Z7,142.34202145303414,0.0,0.0,41.74756037798636,18.66384477112907,0.0,0.0,0.0,0.0,0.0,0.0,0.0,70.12027971064411,0.0,0.0,0.0,0.0,0.0,0.0
28,7.0,R7Z8,147.22407336627586,0.0,0.0,0.0,0.0,63.75192113544884,0.0,0.0,78.51387158555397,0.0,0.0,0.0,148.940828573057,0.0,0.0,0.0,0.0,0.0,0.0
28,7.0,R7Z9,118.77370271881504,0.0,0.0,0.0,0.0,40.632356484284145,88.64769840707645,0.0,78.51387158555397,0.0,0.0,0.0,81.43489336464971,0.0,0.0,0.0,0.0,0.0,0.0
28,7.0,R8Z1,116.95420957366697,0.0,135.0,0.0,0.0,47.2050640749228,73.20763849705308,0.0,39.256935792776986,0.0,0.0,0.0,86.7146703367862,2.354085651465958,0.0,640.0,0.0,0.0,0.0
28,7.0,R8Z2,146.72497222179416,0.0,135.0,45.26158072876687,107.27130438070891,0.0,0.0,0.0,39.256935792776986,0.0,0.0,0.0,151.06453131640578,0.0,0.0,0.0,0.0,0.0,0.0
28,7.0,R8Z3,98.37539752631415,0.0,0.0,0.0,0.0,50.063535982656845,88.51294570816441,0.0,39.256935792776986,0.0,0.0,0.0,176.73479629448386,0.0,0.0,0.0,0.0,0.0,0.0
28,7.0,R8Z4,113.7161322669771,0.0,0.0,45.28143457083644,41.1687951432917,0.0,0.0,0.0,0.0,0.0,0.0,0.0,0.0,0.0,0.0,0.0,0.0,0.0,0.0
28,7.0,R8Z5,156.85182986349722,0.0,0.0,0.0,0.0,43.59243755954799,118.99268678956435,0.0,39.256935792776986,0.0,0.0,0.0,87.95249684300751,0.0,0.0,0.0,0.0,0.0,0.0
28,7.0,R8Z6,140.76757027799883,0.0,0.0,0.0,0.0,21.583111980155042,2.4899358454037746,0.0,39.256935792776986,0.0,0.0,0.0,0.0,0.0,0.0,0.0,0.0,0.0,0.0
28,7.0,R8Z7,125.1497948057912,0.0,0.0,54.09550793694198,30.738618581537473,-7.105427357601002e-15,0.0,0.0,0.0,0.0,0.0,0.0,81.48652452970529,0.0,0.0,0.0,0.0,0.0,0.0
28,7.0,R8Z8,152.18113836748878,0.0,0.0,56.74853591057999,217.57610939939443,-1.4210854715202004e-14,0.0,0.0,39.256935792776986,0.0,0.0,0.0,86.63774812592672,0.0,0.0,0.0,0.0,0.0,0.0
28,7.0,R9Z1,110.67699801807768,0.0,135.0,22.91800738059223,18.937527227995346,3.552713678800501e-15,0.0,0.0,39.256935792776986,0.0,0.0,0.0,0.0,2.354085651465958,0.0,640.0,0.0,0.0,0.0
28,7.0,R9Z2,119.19385825363767,0.0,135.0,0.0,0.0,23.83864126162903,65.95843375070336,0.0,39.256935792776986,0.0,0.0,0.0,77.04217923418392,2.354085651465958,0.0,640.0,0.0,0.0,0.0
28,7.0,R9Z3,137.06122114675816,0.0,0.0,37.31195998489958,33.85847341018029,-7.105427357601002e-15,0.0,0.0,78.51387158555397,0.0,0.0,0.0,141.61803615430068,0.0,0.0,0.0,0.0,0.0,0.0
28,7.0,R9Z4,135.4016243751634,0.0,0.0,0.0,96.14468858238642,53.993051450092786,54.03766311117646,0.0,39.256935792776986,0.0,0.0,0.0,74.27972607382318,0.0,0.0,0.0,0.0,0.0,0.0
28,7.0,R9Z5,114.4266703525695,0.0,0.0,0.0,0.0,38.44872693894245,53.701194942811796,0.0,39.256935792776986,0.0,0.0,0.0,154.70640825146404,0.0,0.0,0.0,0.0,0.0,0.0
28,7.0,R9Z6,138.16585365587238,0.0,0.0,0.0,5.463144201271518,23.5586627077036,51.488634089828324,0.0,39.256935792776986,0.0,0.0,0.0,164.48793572129767,0.0,0.0,0.0,0.0,0.0,0.0
28,7.0,R9Z7,116.42108163389939,0.0,0.0,59.94572640121783,43.66752661062328,0.0,0.0,0.0,0.0,0.0,0.0,0.0,78.83433959770724,0.0,0.0,0.0,0.0,0.0,0.0
28,7.0,R9Z8,138.12495723934705,0.0,0.0,45.95509651945339,56.90587142180745,0.0,0.0,0.0,39.256935792776986,0.0,0.0,0.0,73.66218116106609,0.0,0.0,0.0,0.0,0.0,0.0
28,7.0,R9Z9,141.92506204985213,0.0,0.0,44.409809102896475,24.151880875415117,-7.105427357601002e-15,0.0,0.0,0.0,0.0,0.0,0.0,167.16385118266368,0.0,0.0,0.0,0.0,0.0,0.0
28,7.0,R9Z10,130.80475717300425,0.0,0.0,42.177384252791995,138.66713630237473,7.105427357601002e-15,0.0,0.0,0.0,0.0,0.0,0.0,0.0,0.0,0.0,0.0,0.0,0.0,0.0
28,7.0,R9Z11,132.08063611874496,0.0,0.0,19.07641165589581,95.39963444669593,-3.552713678800501e-15,0.0,0.0,0.0,0.0,0.0,0.0,165.20687978556643,0.0,0.0,0.0,0.0,0.0,0.0
28,7.0,R10Z1,155.84507327441472,0.0,0.0,25.351072494819746,72.30295262841217,0.0,0.0,0.0,0.0,0.0,0.0,0.0,72.4197266999744,2.354085651465958,0.0,640.0,0.0,0.0,0.0
28,7.0,R10Z2,104.63502008181803,0.0,0.0,45.60529664253994,107.91612149635472,7.105427357601002e-15,0.0,0.0,0.0,0.0,0.0,0.0,172.4677703548385,2.354085651465958,0.0,640.0,0.0,0.0,0.0
28,7.0,R10Z3,89.35595557020136,0.0,0.0,0.0,0.0,74.6836784989094,20.159035845287924,0.0,0.0,0.0,0.0,0.0,82.90438955861754,0.0,0.0,0.0,0.0,0.0,0.0
28,7.0,R10Z4,144.0606425659372,0.0,0.0,21.501349685238125,9.124813479106757,-3.552713678800501e-15,0.0,0.0,78.51387158555397,0.0,0.0,0.0,84.05602462098177,0.0,0.0,0.0,0.0,0.0,0.0
28,7.0,R10Z5,85.25866667582288,0.0,0.0,0.0,0.0,19.287766104356603,144.80459639561823,0.0,78.51387158555397,0.0,0.0,0.0,0.0,0.0,0.0,0.0,0.0,0.0,0.0
28,7.0,R10Z6,92.58814214212157,0.0,0.0,57.75106441796627,34.095408545160815,0.0,0.0,0.0,78.51387158555397,0.0,0.0,0.0,71.31343261834246,0.0,0.0,0.0,0.0,0.0,0.0
28,7.0,R10Z7,95.00339020205796,0.0,0.0,0.0,0.0,17.309813724348373,114.39052754236795,0.0,78.51387158555397,0.0,0.0,0.0,86.27318729166993,0.0,0.0,0.0,0.0,0.0,0.0
28,7.0,R10Z8,119.07803372177453,0.0,0.0,26.836803009702777,44.07264717722586,0.0,0.0,0.0,0.0,0.0,0.0,0.0,83.48368471786398,0.0,0.0,0.0,0.0,0.0,0.0
28,7.0,R10Z9,114.01917890130468,0.0,0.0,21.344369604154124,49.85885369892701,3.552713678800501e-15,0.0,0.0,39.256935792776986,0.0,0.0,0.0,0.0,0.0,0.0,0.0,0.0,0.0,0.0
28,7.0,R11Z1,159.54112547195936,0.0,135.0,0.0,0.0,44.302025620360915,130.1059402885299,0.0,78.51387158555397,0.0,0.0,0.0,162.9812605904097,0.0,0.0,0.0,0.0,0.0,0.0
28,7.0,R11Z2,131.1192937349312,0.0,135.0,23.967021157155926,32.88870881781703,0.0,0.0,0.0,39.256935792776986,0.0,0.0,0.0,71.38178592483857,0.0,0.0,0.0,0.0,0.0,0.0
28,7.0,R11Z3,197.81403606069756,0.0,0.0,26.160168270669026,52.12458630904741,0.0,0.0,0.0,39.256935792776986,0.0,0.0,0.0,0.0,0.0,0.0,0.0,0.0,0.0,0.0
28,7.0,R11Z4,131.31269556447347,0.0,0.0,67.74773804103808,190.15074617001886,2.842170943040401e-14,0.0,0.0,0.0,0.0,0.0,0.0,82.76177302439588,0.0,0.0,0.0,0.0,0.0,0.0
28,7.0,R11Z5,75.23780721196125,0.0,0.0,0.0,0.0,17.685476071505935,30.24281353251355,0.0,39.256935792776986,0.0,0.0,0.0,90.61997323233749,0.0,0.0,0.0,0.0,0.0,0.0
28,7.0,R11Z6,137.4856734315847,0.0,0.0,0.0,0.0,25.687019195438765,95.63224363534167,0.0,0.0,0.0,0.0,0.0,0.0,0.0,0.0,0.0,0.0,0.0,0.0
28,7.0,R11Z7,120.39695521145022,0.0,0.0,0.0,0.0,20.871188877143364,0.0,0.0,39.256935792776986,0.0,0.0,0.0,0.0,0.0,0.0,0.0,0.0,0.0,0.0
28,7.0,R11Z8,106.25466070751834,0.0,0.0,18.89121770975217,102.43351036963873,17.69202339332471,0.0,0.0,39.256935792776986,0.0,0.0,0.0,162.82367931245233,0.0,0.0,0.0,0.0,0.0,0.0
28,7.0,R12Z1,129.59691682596969,0.0,135.0,0.0,76.85740325050432,54.1210311259087,5.512121266675521,0.0,78.51387158555397,0.0,0.0,0.0,140.5607070676745,0.0,0.0,0.0,0.0,0.0,0.0
28,7.0,R12Z2,161.31601260037093,0.0,135.0,12.309171349393665,185.92114570912022,7.105427357601002e-15,0.0,0.0,39.256935792776986,0.0,0.0,0.0,89.65836199090505,0.0,0.0,0.0,0.0,0.0,0.0
28,7.0,R12Z3,133.57086930615077,0.0,0.0,68.48095098898798,46.93284456150461,0.0,0.0,0.0,39.256935792776986,0.0,0.0,0.0,162.46110326033747,0.0,0.0,0.0,0.0,0.0,0.0
28,7.0,R12Z4,118.81229236355733,0.0,0.0,0.0,0.0,65.02724021460817,53.20369094164849,0.0,0.0,0.0,0.0,0.0,0.0,0.0,0.0,0.0,0.0,0.0,0.0
28,7.0,R12Z5,134.9044105223425,0.0,0.0,20.09020368134395,70.31723861714396,3.552713678800501e-15,0.0,0.0,0.0,0.0,0.0,0.0,153.80488886318554,0.0,0.0,0.0,0.0,0.0,0.0
28,7.0,R12Z6,117.47153128802417,0.0,0.0,36.494318200797125,150.13584958662514,0.0,0.0,0.0,0.0,0.0,0.0,0.0,0.0,0.0,0.0,0.0,0.0,0.0,0.0
28,7.0,R12Z7,116.33641260740073,0.0,0.0,0.0,0.0,55.97050528345761,110.11797006499344,0.0,78.51387158555397,0.0,0.0,0.0,0.0,0.0,0.0,0.0,0.0,0.0,0.0
28,7.0,R12Z8,177.3312733450698,0.0,0.0,0.0,3.6343170494701695,38.8065796981226,50.84292541926116,0.0,0.0,0.0,0.0,0.0,74.28871036119645,0.0,0.0,0.0,0.0,0.0,0.0
28,7.0,R12Z9,130.7248175641571,0.0,0.0,25.084477865181753,114.43800046436638,7.105427357601002e-15,0.0,0.0,78.51387158555397,0.0,0.0,0.0,168.55536713982974,0.0,0.0,0.0,0.0,0.0,0.0
29,7.25,R1Z1,102.03476042796254,0.0,0.0,43.40599848447309,123.55666023364057,7.105427357601002e-15,0.0,0.0,106.00337445772234,0.0,0.0,0.0,153.9723081217948,0.0,0.0,593.941577704323,0.0,0.0,0.0
29,7.25,R1Z2,90.70443602842538,0.0,0.0,20.721390437736233,51.84064735761754,-3.552713678800501e-15,0.0,0.0,106.00337445772234,0.0,87.86097622465074,0.0,143.33810480530775,0.0,0.0,0.0,0.0,0.0,0.0
29,7.25,R1Z3,159.65663831115867,0.0,0.0,58.81735984545969,134.89275000749797,0.0,0.0,0.0,53.00168722886117,0.0,28.068250296348936,0.0,70.38535526225266,0.0,0.0,0.0,0.0,0.0,0.0
29,7.25,R1Z4,106.469446842616,0.0,0.0,82.63053995815875,56.00736121929771,1.4210854715202004e-14,0.0,0.0,106.00337445772234,0.0,0.0,0.0,0.0,0.0,0.0,0.0,0.0,0.0,0.0
29,7.25,R1Z5,114.07782335857993,0.0,0.0,45.730207020700014,19.86143204111861,-7.105427357601002e-15,0.0,0.0,106.00337445772234,0.0,0.0,0.0,0.0,0.0,0.0,0.0,0.0,0.0,0.0
29,7.25,R1Z6,124.82446853642045,0.0,0.0,66.52219377009627,93.25653673158715,1.4210854715202004e-14,0.0,0.0,0.0,0.0,45.0,0.0,23.94097444258471,0.0,0.0,0.0,0.0,0.0,0.0
29,7.25,R1Z7,129.15843582428835,0.0,0.0,21.101740731997587,32.590476107195194,-3.552713678800501e-15,0.0,0.0,53.00168722886117,0.0,0.0,0.0,58.331896091980354,0.0,0.0,0.0,0.0,0.0,0.0
29,7.25,R1Z8,125.29023708457386,0.0,0.0,20.91391968646974,70.23166743686626,-3.552713678800501e-15,0.0,0.0,0.0,0.0,0.0,0.0,0.0,0.0,0.0,0.0,0.0,0.0,0.0
29,7.25,R1Z9,127.62271593641216,0.0,0.0,37.78975682951642,172.61669826097352,-7.105427357601002e-15,0.0,0.0,0.0,0.0,90.0,0.0,81.73943906675733,0.0,0.0,0.0,0.0,0.0,0.0
29,7.25,R1Z10,109.41789936151325,0.0,0.0,69.1254900762242,77.84625151010073,-1.4210854715202004e-14,0.0,0.0,0.0,0.0,0.0,0.0,45.807862210771546,0.0,0.0,0.0,0.0,0.0,0.0
29,7.25,R2Z1,143.32068927389514,0.0,135.0,0.0,0.0,74.00745773475927,93.46989395824943,0.0,0.0,0.0,0.0,0.0,75.75565771821897,2.354085651465958,0.0,640.0,0.0,0.0,0.0
29,7.25,R2Z2,115.49887244708735,0.0,135.0,57.068098459463485,22.64115792668359,0.0,0.0,0.0,0.0,0.0,0.0,0.0,81.87877218539417,2.354085651465958,0.0,640.0,0.0,0.0,0.0
29,7.25,R2Z3,105.9444717833853,0.0,0.0,71.71066750754437,61.874694985582686,0.0,0.0,0.0,53.00168722886117,0.0,0.0,0.0,70.87765640109541,0.0,0.0,0.0,0.0,0.0,0.0
29,7.25,R2Z4,166.31164774538095,0.0,0.0,0.0,0.0,26.646064821767546,83.75374953892633,0.0,106.00337445772234,0.0,0.0,0.0,0.0,0.0,0.0,0.0,0.0,0.0,0.0
29,7.25,R2Z5,134.54296154647523,0.0,0.0,24.694844146901424,44.82306664453741,-3.552713678800501e-15,0.0,0.0,53.00168722886117,0.0,0.0,0.0,0.0,0.0,0.0,0.0,0.0,0.0,0.0
29,7.25,R2Z6,98.69921158161473,0.0,0.0,0.0,0.0,50.90793271715049,106.50331932571217,0.0,106.00337445772234,0.0,0.0,0.0,171.13303351158433,0.0,0.0,0.0,0.0,0.0,0.0
29,7.25,R2Z7,141.5790047787025,0.0,0.0,0.0,0.0,26.20797725681231,44.49666231554236,0.0,106.00337445772234,0.0,0.0,0.0,87.43876255363983,0.0,0.0,0.0,0.0,0.0,0.0
29,7.25,R2Z8,138.75383697405547,0.0,0.0,75.77037618174694,56.39185146392439,-1.4210854715202004e-14,0.0,0.0,0.0,0.0,0.0,0.0,90.10251334384087,0.0,0.0,0.0,0.0,0.0,0.0
29,7.25,R2Z9,105.32183024364195,0.0,0.0,21.394365076214385,120.6194748537933,1.4210854715202004e-14,0.0,0.0,53.00168722886117,0.0,0.0,0.0,82.40926590211126,0.0,0.0,0.0,0.0,0.0,0.0
29,7.25,R3Z1,145.090272375355,0.0,0.0,0.0,0.0,87.64946119963884,18.394751777060485,0.0,0.0,0.0,0.0,0.0,0.0,0.0,0.0,0.0,0.0,0.0,0.0
29,7.25,R3Z2,153.13042743817866,0.0,0.0,52.3154506314538,11.310743000959594,0.0,0.0,0.0,106.00337445772234,0.0,0.0,0.0,164.1472102616339,0.0,0.0,0.0,0.0,0.0,0.0
29,7.25,R3Z3,106.88824577332429,0.0,0.0,22.497002779024406,46.09932216561588,0.0,0.0,0.0,53.00168722886117,0.0,0.0,0.0,0.0,0.0,0.0,0.0,0.0,0.0,0.0
29,7.25,R4Z1,164.3213211039134,0.0,135.0,20.850621506618353,60.73580180628733,-3.552713678800501e-15,0.0,0.0,106.00337445772234,0.0,0.0,0.0,81.20949511805726,0.0,0.0,0.0,0.0,0.0,0.0
29,7.25,R4Z2,142.70129549310968,0.0,0.0,77.8072549229728,35.521588776097445,0.0,0.0,0.0,106.00337445772234,0.0,0.0,0.0,160.5395492136233,0.0,0.0,0.0,0.0,0.0,0.0
29,7.25,R4Z3,123.8478988562081,0.0,0.0,0.0,0.0,36.75297548671801,67.84009804135246,0.0,0.0,0.0,0.0,0.0,0.0,0.0,0.0,0.0,0.0,0.0,0.0
29,7.25,R4Z4,140.39380198784747,0.0,0.0,0.0,0.0,20.816173881089345,69.55757312814245,0.0,0.0,0.0,0.0,0.0,0.0,0.0,0.0,0.0,0.0,0.0,0.0
29,7.25,R4Z5,154.11008155108487,0.0,0.0,25.20796475568916,33.141834999758494,0.0,0.0,0.0,106.00337445772234,0.0,0.0,0.0,0.0,0.0,0.0,0.0,0.0,0.0,0.0
29,7.25,R4Z6,94.9551354605849,0.0,0.0,50.31895614381388,32.33352468447619,-7.105427357601002e-15,0.0,0.0,106.00337445772234,0.0,0.0,0.0,152.79052107201997,0.0,0.0,0.0,0.0,0.0,0.0
29,7.25,R4Z7,129.15882619968525,0.0,0.0,0.0,123.9772103527196,47.45420245878081,91.48136154592507,0.0,106.00337445772234,0.0,0.0,0.0,0.0,0.0,0.0,0.0,0.0,0.0,0.0
29,7.25,R4Z8,148.4680004461404,0.0,0.0,44.015788914966556,57.92496681923773,-7.105427357601002e-15,0.0,0.0,106.00337445772234,0.0,0.0,0.0,0.0,0.0,0.0,0.0,0.0,0.0,0.0
29,7.25,R4Z9,119.21614622073841,0.0,0.0,0.0,0.0,52.39606042575692,43.42769024852212,0.0,0.0,0.0,0.0,0.0,88.43677268341429,0.0,0.0,0.0,0.0,0.0,0.0
29,7.25,R4Z10,122.13270362409695,0.0,0.0,0.0,107.37620992499944,18.602027957991933,9.858090699032388,0.0,0.0,0.0,0.0,0.0,90.09268293732417,0.0,0.0,0.0,0.0,0.0,0.0
29,7.25,R4Z11,137.38763636354045,0.0,0.0,0.0,0.0,43.46258896095019,44.82896732421033,0.0,53.00168722886117,0.0,0.0,0.0,83.34816275700263,0.0,0.0,0.0,0.0,0.0,0.0
29,7.25,R5Z1,103.70533954339479,0.0,135.0,0.0,0.0,69.27888618913008,51.786504678421814,0.0,0.0,0.0,0.0,0.0,72.7661304967631,0.0,0.0,0.0,0.0,0.0,0.0
29,7.25,R5Z2,97.37304895769572,0.0,135.0,20.077647996204078,29.33343829254494,3.552713678800501e-15,0.0,0.0,53.00168722886117,0.0,0.0,0.0,173.13418095440366,0.0,0.0,0.0,0.0,0.0,0.0
29,7.25,R5Z3,138.9596308704223,0.0,0.0,0.0,0.0,62.29296717761087,132.587992411297,0.0,53.00168722886117,0.0,0.0,0.0,146.85113598967314,0.0,0.0,0.0,0.0,0.0,0.0
29,7.25,R5Z4,113.77443532390187,0.0,0.0,0.0,0.0,63.21805186273016,31.398982413717057,0.0,106.00337445772234,0.0,0.0,0.0,0.0,0.0,0.0,0.0,0.0,0.0,0.0
29,7.25,R5Z5,112.98889283962615,0.0,0.0,0.0,0.0,26.08162233170563,112.05684548673335,0.0,53.00168722886117,0.0,0.0,0.0,80.79161370150075,0.0,0.0,0.0,0.0,0.0,0.0
29,7.25,R5Z6,141.47769758614461,0.0,0.0,24.89897033047808,77.50303189800138,0.0,0.0,0.0,106.00337445772234,0.0,0.0,0.0,163.99966286119184,0.0,0.0,0.0,0.0,0.0,0.0
29,7.25,R5Z7,119.1843182356526,0.0,0.0,37.6969199948189,66.80748826985965,-7.105427357601002e-15,0.0,0.0,0.0,0.0,0.0,0.0,88.97570517680795,0.0,0.0,0.0,0.0,0.0,0.0
29,7.25,R5Z8,124.53047483991034,0.0,0.0,47.48300317562422,80.00683939642596,7.105427357601002e-15,0.0,0.0,53.00168722886117,0.0,0.0,0.0,165.6048191680373,0.0,0.0,0.0,0.0,0.0,0.0
29,7.25,R5Z9,153.99025755712807,0.0,0.0,0.0,0.0,61.52535714047863,112.76161066075994,0.0,0.0,0.0,0.0,0.0,86.28170067016696,0.0,0.0,0.0,0.0,0.0,0.0
29,7.25,R6Z1,106.19643489053672,0.0,135.0,0.0,0.0,64.7006644749265,8.604069587937301,0.0,0.0,0.0,0.0,0.0,0.0,2.354085651465958,0.0,640.0,0.0,0.0,0.0
29,7.25,R6Z2,143.34844762647245,0.0,135.0,0.0,0.0,52.91894064329415,29.739766358569266,0.0,106.00337445772234,0.0,0.0,0.0,140.55542629903925,2.354085651465958,0.0,640.0,0.0,0.0,0.0
29,7.25,R6Z3,150.18598401236832,0.0,0.0,0.0,29.643613059880153,66.30827758068176,33.73710361584976,0.0,53.00168722886117,0.0,0.0,0.0,82.78106402980956,0.0,0.0,0.0,0.0,0.0,0.0
29,7.25,R6Z4,131.03059515561915,0.0,0.0,0.0,0.0,27.733128309374557,50.47465650830839,0.0,53.00168722886117,0.0,0.0,0.0,78.49417812614774,0.0,0.0,0.0,0.0,0.0,0.0
29,7.25,R7Z1,115.86995282485493,0.0,135.0,0.0,0.0,42.85313653177078,130.53819245098967,0.0,53.00168722886117,0.0,0.0,0.0,0.0,2.354085651465958,0.0,640.0,0.0,0.0,0.0
29,7.25,R7Z2,106.01428975367702,0.0,135.0,42.62900701963402,48.749849207494535,7.105427357601002e-15,0.0,0.0,0.0,0.0,0.0,0.0,167.34351796506877,0.0,0.0,0.0,0.0,0.0,0.0
29,7.25,R7Z3,110.72698809276048,0.0,0.0,0.0,0.0,25.069666299060504,137.83671896796378,0.0,106.00337445772234,0.0,0.0,0.0,142.9129048086887,0.0,0.0,0.0,0.0,0.0,0.0
29,7.25,R7Z4,175.9360843214563,0.0,0.0,83.56501517345441,145.72082566225293,0.0,0.0,0.0,53.00168722886117,0.0,0.0,0.0,69.72894941107624,0.0,0.0,0.0,0.0,0.0,0.0
29,7.25,R7Z5,159.2355668325577,0.0,0.0,0.0,0.0,16.86130598574784,183.33875492592801,0.0,106.00337445772234,0.0,0.0,0.0,0.0,0.0,0.0,0.0,0.0,0.0,0.0
29,7.25,R7Z6,109.54060121928666,0.0,0.0,48.29468214278157,66.92872670645588,0.0,0.0,0.0,106.00337445772234,0.0,0.0,0.0,0.0,0.0,0.0,0.0,0.0,0.0,0.0
29,7.25,R7Z7,136.40667707653725,0.0,0.0,0.0,0.0,42.26582180389654,80.53876714881766,0.0,0.0,0.0,0.0,0.0,70.04186929443908,0.0,0.0,0.0,0.0,0.0,0.0
29,7.25,R7Z8,136.55893047366393,0.0,0.0,0.0,0.0,64.35073670623474,110.39782757948916,0.0,106.00337445772234,0.0,0.0,0.0,148.7742788615252,0.0,0.0,0.0,0.0,0.0,0.0
29,7.25,R7Z9,117.37317517460784,0.0,0.0,0.0,0.0,30.85751682926204,55.03418903050541,0.0,106.00337445772234,0.0,0.0,0.0,81.34383063773697,0.0,0.0,0.0,0.0,0.0,0.0
29,7.25,R8Z1,145.68265546040553,0.0,135.0,0.0,0.0,41.836395510297706,112.62052561908982,0.0,53.00168722886117,0.0,0.0,0.0,86.61770361873761,2.354085651465958,0.0,640.0,0.0,0.0,0.0
29,7.25,R8Z2,133.72295715682236,0.0,135.0,27.104503044709332,192.78007610746764,26.10614716328901,0.0,0.0,53.00168722886117,0.0,0.0,0.0,150.89560682233335,0.0,0.0,0.0,0.0,0.0,0.0
29,7.25,R8Z3,100.67113317694142,0.0,0.0,0.0,0.0,48.769219329570184,75.23549634270469,0.0,53.00168722886117,0.0,0.0,0.0,176.53716660742973,0.0,0.0,0.0,0.0,0.0,0.0
29,7.25,R8Z4,135.36987095371134,0.0,0.0,46.01131690319765,71.96946456646657,0.0,0.0,0.0,0.0,0.0,0.0,0.0,0.0,0.0,0.0,0.0,0.0,0.0,0.0
29,7.25,R8Z5,183.06415625756765,0.0,0.0,48.38427916717498,63.29165408389642,0.0,0.0,0.0,53.00168722886117,0.0,0.0,0.0,87.8541459534761,0.0,0.0,0.0,0.0,0.0,0.0
29,7.25,R8Z6,149.2095426372103,0.0,0.0,18.370429592487312,102.55450979452885,-3.552713678800501e-15,0.0,0.0,53.00168722886117,0.0,0.0,0.0,0.0,0.0,0.0,0.0,0.0,0.0,0.0
29,7.25,R8Z7,146.621157410944,0.0,0.0,0.0,0.0,53.411455789105545,19.348145422600744,0.0,0.0,0.0,0.0,0.0,81.39540406741047,0.0,0.0,0.0,0.0,0.0,0.0
29,7.25,R8Z8,139.71387892733355,0.0,0.0,51.1762593036342,104.23856294535713,7.105427357601002e-15,0.0,0.0,53.00168722886117,0.0,0.0,0.0,86.54086742439995,0.0,0.0,0.0,0.0,0.0,0.0
29,7.25,R9Z1,116.6355625280102,0.0,135.0,0.0,0.0,25.88147351896751,9.467148774013998,0.0,53.00168722886117,0.0,0.0,0.0,0.0,2.354085651465958,0.0,640.0,0.0,0.0,0.0
29,7.25,R9Z2,127.88983368212106,0.0,135.0,0.0,0.0,23.592514207753467,77.25039002510246,0.0,53.00168722886117,0.0,0.0,0.0,76.95602856045552,2.354085651465958,0.0,640.0,0.0,0.0,0.0
29,7.25,R9Z3,132.05397174416888,0.0,0.0,38.9986660573811,36.22526196467635,0.0,0.0,0.0,106.00337445772234,0.0,0.0,0.0,141.45967498970148,0.0,0.0,0.0,0.0,0.0,0.0
29,7.25,R9Z4,139.01861910343746,0.0,0.0,26.18594169960089,50.927183507324585,32.14688008736226,0.0,0.0,53.00168722886117,0.0,0.0,0.0,74.19666445083652,0.0,0.0,0.0,0.0,0.0,0.0
29,7.25,R9Z5,107.14150279883239,0.0,0.0,0.0,0.0,41.64775693325004,125.87918212395398,0.0,53.00168722886117,0.0,0.0,0.0,154.53341131091216,0.0,0.0,0.0,0.0,0.0,0.0
29,7.25,R9Z6,134.37521757369572,0.0,0.0,0.0,0.0,21.873893554087115,39.859257130447,0.0,53.00168722886117,0.0,0.0,0.0,164.30400080897508,0.0,0.0,0.0,0.0,0.0,0.0
29,7.25,R9Z7,108.71158454452045,0.0,0.0,67.57632642847986,65.16693076143915,0.0,0.0,0.0,0.0,0.0,0.0,0.0,78.74618488120278,0.0,0.0,0.0,0.0,0.0,0.0
29,7.25,R9Z8,136.87219512324845,0.0,0.0,0.0,0.0,48.68370870001633,35.79508149735499,0.0,53.00168722886117,0.0,0.0,0.0,73.57981009370519,0.0,0.0,0.0,0.0,0.0,0.0
29,7.25,R9Z9,156.94414399209975,0.0,0.0,50.31639196615537,16.66232144345907,7.105427357601002e-15,0.0,0.0,0.0,0.0,0.0,0.0,166.97692398842318,0.0,0.0,0.0,0.0,0.0,0.0
29,7.25,R9Z10,134.3926041349855,0.0,0.0,52.79857944869461,107.43586026534747,-7.105427357601002e-15,0.0,0.0,0.0,0.0,0.0,0.0,0.0,0.0,0.0,0.0,0.0,0.0,0.0
29,7.25,R9Z11,150.72137981757945,0.0,0.0,23.286631298745476,177.45574229919282,1.0658141036401503e-14,0.0,0.0,0.0,0.0,0.0,0.0,165.0221409303112,0.0,0.0,0.0,0.0,0.0,0.0
29,7.25,R10Z1,156.978637008398,0.0,0.0,0.0,63.07893269791046,24.6892588524966,36.664093470375775,0.0,0.0,0.0,0.0,0.0,72.33874497920215,2.354085651465958,0.0,640.0,0.0,0.0,0.0
29,7.25,R10Z2,119.74748781655903,0.0,0.0,39.0318181579088,67.4302832826615,-7.105427357601002e-15,0.0,0.0,0.0,0.0,0.0,0.0,172.27491217299323,2.354085651465958,0.0,640.0,0.0,0.0,0.0
29,7.25,R10Z3,100.64586723618424,0.0,0.0,83.56732657772663,91.98872387259529,0.0,0.0,0.0,0.0,0.0,0.0,0.0,82.81168360083555,0.0,0.0,0.0,0.0,0.0,0.0
29,7.25,R10Z4,135.86536019460442,0.0,0.0,0.0,0.0,24.09440616553419,42.909500460124015,0.0,106.00337445772234,0.0,0.0,0.0,83.96203087334885,0.0,0.0,0.0,0.0,0.0,0.0
29,7.25,R10Z5,91.67411706599172,0.0,0.0,0.0,0.0,24.606405049308528,137.3692758577918,0.0,106.00337445772234,0.0,0.0,0.0,0.0,0.0,0.0,0.0,0.0,0.0,0.0
29,7.25,R10Z6,110.95811989806323,0.0,0.0,0.0,0.0,48.23171947465728,49.872905706576574,0.0,106.00337445772234,0.0,0.0,0.0,71.23368798589534,0.0,0.0,0.0,0.0,0.0,0.0
29,7.25,R10Z7,91.3042333755629,0.0,0.0,20.969379700975693,56.29228916617622,7.105427357601002e-15,0.0,0.0,106.00337445772234,0.0,0.0,0.0,86.17671425204729,0.0,0.0,0.0,0.0,0.0,0.0
29,7.25,R10Z8,100.05096495112491,0.0,0.0,0.0,0.0,27.595704025396707,56.871376582218616,0.0,0.0,0.0,0.0,0.0,83.39033097637764,0.0,0.0,0.0,0.0,0.0,0.0
29,7.25,R10Z9,132.63521122442305,0.0,0.0,21.154453388927593,39.781674189299835,-3.552713678800501e-15,0.0,0.0,53.00168722886117,0.0,0.0,0.0,0.0,0.0,0.0,0.0,0.0,0.0,0.0
29,7.25,R11Z1,152.31556734627824,0.0,135.0,0.0,0.0,50.19265930428926,213.51166737642185,0.0,106.00337445772234,0.0,0.0,0.0,162.79901048346133,0.0,0.0,0.0,0.0,0.0,0.0
29,7.25,R11Z2,115.13042350293328,0.0,135.0,0.0,0.0,26.23700624119687,40.41414316172254,0.0,53.00168722886117,0.0,0.0,0.0,71.30196485785306,0.0,0.0,0.0,0.0,0.0,0.0
29,7.25,R11Z3,192.28949372910313,0.0,0.0,26.043099127741954,68.12805526448743,-3.552713678800501e-15,0.0,0.0,53.00168722886117,0.0,0.0,0.0,0.0,0.0,0.0,0.0,0.0,0.0,0.0
29,7.25,R11Z4,158.94936917339248,0.0,0.0,63.01457617310291,15.68849846610902,0.0,0.0,0.0,0.0,0.0,0.0,0.0,82.66922654432636,0.0,0.0,0.0,0.0,0.0,0.0
29,7.25,R11Z5,90.33085242530265,0.0,0.0,20.824988914881615,48.41450780156818,-7.105427357601002e-15,0.0,0.0,53.00168722886117,0.0,0.0,0.0,90.51863949768956,0.0,0.0,0.0,0.0,0.0,0.0
29,7.25,R11Z6,143.91408338764106,0.0,0.0,28.06636135641412,118.29944259825533,-1.4210854715202004e-14,0.0,0.0,0.0,0.0,0.0,0.0,0.0,0.0,0.0,0.0,0.0,0.0,0.0
29,7.25,R11Z7,140.67430597792344,0.0,0.0,0.0,40.33603740399711,21.34721731999715,43.08609263903267,0.0,53.00168722886117,0.0,0.0,0.0,0.0,0.0,0.0,0.0,0.0,0.0,0.0
29,7.25,R11Z8,133.0228003831548,0.0,0.0,0.0,0.0,50.30899267332999,114.19963741104709,0.0,53.00168722886117,0.0,0.0,0.0,162.6416054172025,0.0,0.0,0.0,0.0,0.0,0.0
29,7.25,R12Z1,146.25921790034826,0.0,135.0,46.72222175837071,18.467354553780453,7.105427357601002e-15,0.0,0.0,106.00337445772234,0.0,0.0,0.0,140.40352823740272,0.0,0.0,0.0,0.0,0.0,0.0
29,7.25,R12Z2,175.32690613271348,0.0,135.0,0.0,0.0,17.100650929885806,120.44389270958969,0.0,53.00168722886117,0.0,0.0,0.0,89.55810355626988,0.0,0.0,0.0,0.0,0.0,0.0
29,7.25,R12Z3,114.63468469189101,0.0,0.0,81.23431396391976,34.93496091563939,0.0,0.0,0.0,53.00168722886117,0.0,0.0,0.0,162.27943480755405,0.0,0.0,0.0,0.0,0.0,0.0
29,7.25,R12Z4,137.74396019168594,0.0,0.0,0.0,17.046735420405355,57.881974284983414,26.85620184082584,0.0,0.0,0.0,0.0,0.0,0.0,0.0,0.0,0.0,0.0,0.0,0.0
29,7.25,R12Z5,159.81925728134104,0.0,0.0,0.0,0.0,16.913205810971608,16.04342336614878,0.0,0.0,0.0,0.0,0.0,153.6329000262913,0.0,0.0,0.0,0.0,0.0,0.0
29,7.25,R12Z6,132.7603625398239,0.0,0.0,51.637779672815554,107.95833426967965,0.0,0.0,0.0,0.0,0.0,0.0,0.0,0.0,0.0,0.0,0.0,0.0,0.0,0.0
29,7.25,R12Z7,113.15608741638162,0.0,0.0,0.0,0.0,58.59157652740872,45.2604618425066,0.0,106.00337445772234,0.0,0.0,0.0,0.0,0.0,0.0,0.0,0.0,0.0,0.0
29,7.25,R12Z8,146.06335280579134,0.0,0.0,40.07847550331648,62.56314526776045,0.0,0.0,0.0,0.0,0.0,0.0,0.0,74.20563869173372,0.0,0.0,0.0,0.0,0.0,0.0
29,7.25,R12Z9,120.29849205692136,0.0,0.0,24.881145287370842,75.31055890063698,-3.552713678800501e-15,0.0,0.0,106.00337445772234,0.0,0.0,0.0,168.36688391435538,0.0,0.0,0.0,0.0,0.0,0.0
30,7.5,R1Z1,86.98660222807746,0.0,0.0,51.875715949592546,172.27133941801014,7.105427357601002e-15,0.0,0.0,69.90350891255876,0.0,0.0,0.0,153.80013207210277,0.0,0.0,593.4321463755324,0.0,0.0,0.0
30,7.5,R1Z2,90.65024744718265,0.0,0.0,20.268080082843767,73.81752706976155,0.0,0.0,0.0,69.90350891255876,0.0,0.0,0.0,143.17782021285882,0.0,0.0,0.0,0.0,0.0,0.0
30,7.5,R1Z3,157.99016379528103,0.0,0.0,53.99105583696004,35.69359346824306,-7.105427357601002e-15,0.0,0.0,34.95175445627938,0.0,0.0,0.0,70.3066484313098,0.0,0.0,0.0,0.0,0.0,0.0
30,7.5,R1Z4,117.7675828809092,0.0,0.0,75.06431787550488,82.78302092598946,1.4210854715202004e-14,0.0,0.0,69.90350891255876,0.0,0.0,0.0,0.0,0.0,0.0,0.0,0.0,0.0,0.0
30,7.5,R1Z5,124.25854298006533,0.0,0.0,41.19068154852478,12.119922146457622,0.0,0.0,0.0,69.90350891255876,0.0,0.0,0.0,0.0,0.0,0.0,0.0,0.0,0.0,0.0
30,7.5,R1Z6,123.44346853533894,0.0,0.0,73.65160352193328,144.12967819460954,1.4210854715202004e-14,0.0,0.0,0.0,0.0,0.0,45.0,12.240098788148716,0.0,0.0,0.0,0.0,0.0,0.0
30,7.5,R1Z7,128.9986668913144,0.0,0.0,20.98110790088535,74.11351958995124,0.0,0.0,0.0,34.95175445627938,0.0,0.0,0.0,58.26666776902621,0.0,0.0,0.0,0.0,0.0,0.0
30,7.5,R1Z8,140.55339255853883,0.0,0.0,24.216973196578905,73.63026567998658,-7.105427357601002e-15,0.0,0.0,0.0,0.0,0.0,0.0,0.0,0.0,0.0,0.0,0.0,0.0,0.0
30,7.5,R1Z9,129.42132096543577,0.0,0.0,40.14514642092246,84.40006532445196,7.105427357601002e-15,0.0,0.0,0.0,0.0,0.0,0.0,81.64803578850405,0.0,0.0,0.0,0.0,0.0,0.0
30,7.5,R1Z10,118.5245568978801,0.0,0.0,64.89789842147667,3.6907282171261713,0.0,0.0,0.0,0.0,0.0,0.0,26.567310934019048,38.864426245406236,0.0,0.0,0.0,0.0,0.0,0.0
30,7.5,R2Z1,166.93500080968997,0.0,135.0,0.0,0.0,72.81752754470791,70.61952579091025,0.0,0.0,0.0,0.0,0.0,75.67094566806624,2.354085651465958,0.0,640.0,0.0,0.0,0.0
30,7.5,R2Z2,117.79981078025183,0.0,135.0,52.05110910959509,52.14426584398886,-7.105427357601002e-15,0.0,0.0,0.0,0.0,0.0,0.0,81.78721310103359,2.354085651465958,0.0,640.0,0.0,0.0,0.0
30,7.5,R2Z3,106.65642181291463,0.0,0.0,79.49706470686306,33.68406313562422,0.0,0.0,0.0,34.95175445627938,0.0,0.0,0.0,70.79839906554311,0.0,0.0,0.0,0.0,0.0,0.0
30,7.5,R2Z4,146.8119041350666,0.0,0.0,30.02514685718276,113.6409477801233,-1.0658141036401503e-14,0.0,0.0,69.90350891255876,0.0,0.0,0.0,0.0,0.0,0.0,0.0,0.0,0.0,0.0
30,7.5,R2Z5,114.60094021531769,0.0,0.0,0.0,0.0,25.99384362191017,67.79058931151349,0.0,34.95175445627938,0.0,0.0,0.0,0.0,0.0,0.0,0.0,0.0,0.0,0.0
30,7.5,R2Z6,100.18549556772567,0.0,0.0,0.0,0.0,29.53184524449875,104.33375321660868,0.0,69.90350891255876,0.0,0.0,0.0,170.9416678690135,0.0,0.0,0.0,0.0,0.0,0.0
30,7.5,R2Z7,155.52392137707622,0.0,0.0,25.551261580758478,35.66649210484321,0.0,0.0,0.0,69.90350891255876,0.0,0.0,0.0,87.34098613585347,0.0,0.0,0.0,0.0,0.0,0.0
30,7.5,R2Z8,126.22434497830768,0.0,0.0,69.02539433545796,42.64480480211337,0.0,0.0,0.0,0.0,0.0,0.0,0.0,90.00175824700491,0.0,0.0,0.0,0.0,0.0,0.0
30,7.5,R2Z9,114.4005266799068,0.0,0.0,17.272936396521743,91.26501269709777,7.105427357601002e-15,0.0,0.0,34.95175445627938,0.0,0.0,0.0,82.31711360515521,0.0,0.0,0.0,0.0,0.0,0.0
30,7.5,R3Z1,147.35191293386842,0.0,0.0,83.32288647509918,37.78457841621415,-1.4210854715202004e-14,0.0,0.0,0.0,0.0,0.0,0.0,0.0,0.0,0.0,0.0,0.0,0.0,0.0
30,7.5,R3Z2,121.07062738485102,0.0,0.0,0.0,19.699866065846123,74.22743889719395,36.49138260296049,0.0,69.90350891255876,0.0,0.0,0.0,163.9636563578471,0.0,0.0,0.0,0.0,0.0,0.0
30,7.5,R3Z3,105.21661092308828,0.0,0.0,24.763155684251217,30.025649434063652,-3.552713678800501e-15,0.0,0.0,34.95175445627938,0.0,0.0,0.0,0.0,0.0,0.0,0.0,0.0,0.0,0.0
30,7.5,R4Z1,159.32643149066584,0.0,135.0,22.370892336940514,94.52633200962535,-3.552713678800501e-15,0.0,0.0,69.90350891255876,0.0,0.0,0.0,81.11868443763379,0.0,0.0,0.0,0.0,0.0,0.0
30,7.5,R4Z2,157.56363704042903,0.0,0.0,86.15611503652504,12.212338368276372,0.0,0.0,0.0,69.90350891255876,0.0,0.0,0.0,160.36002949517444,0.0,0.0,0.0,0.0,0.0,0.0
30,7.5,R4Z3,117.22108434820568,0.0,0.0,42.922907587930965,116.50053671260834,7.105427357601002e-15,0.0,0.0,0.0,0.0,0.0,0.0,0.0,0.0,0.0,0.0,0.0,0.0,0.0
30,7.5,R4Z4,147.45849522975158,0.0,0.0,0.0,0.0,26.055981583744323,44.45676214924215,0.0,0.0,0.0,0.0,0.0,0.0,0.0,0.0,0.0,0.0,0.0,0.0
30,7.5,R4Z5,155.12285688792213,0.0,0.0,25.65292163189639,114.49172818385301,-1.0658141036401503e-14,0.0,0.0,69.90350891255876,0.0,0.0,0.0,0.0,0.0,0.0,0.0,0.0,0.0,0.0
30,7.5,R4Z6,104.51315005679415,0.0,0.0,0.0,0.0,48.53991467009929,17.30289906344231,0.0,69.90350891255876,0.0,0.0,0.0,152.61966652895654,0.0,0.0,0.0,0.0,0.0,0.0
30,7.5,R4Z7,127.26402868783522,0.0,0.0,0.0,23.17507654066121,51.19321027103909,81.43164572349868,0.0,69.90350891255876,0.0,0.0,0.0,0.0,0.0,0.0,0.0,0.0,0.0,0.0
30,7.5,R4Z8,117.72477152063671,0.0,0.0,48.89826493640847,29.997997744695194,0.0,0.0,0.0,69.90350891255876,0.0,0.0,0.0,0.0,0.0,0.0,0.0,0.0,0.0,0.0
30,7.5,R4Z9,125.27775869177087,0.0,0.0,49.94593236395133,141.38485023022676,7.105427357601002e-15,0.0,0.0,0.0,0.0,0.0,0.0,88.33788026338186,0.0,0.0,0.0,0.0,0.0,0.0
30,7.5,R4Z10,122.55681192322709,0.0,0.0,20.99989797409318,32.8024717127756,0.0,0.0,0.0,0.0,0.0,0.0,0.0,89.99193883311787,0.0,0.0,0.0,0.0,0.0,0.0
30,7.5,R4Z11,117.38204542486135,0.0,0.0,0.0,0.0,45.03560271483695,53.641699278636736,0.0,34.95175445627938,0.0,0.0,0.0,83.25496055988262,0.0,0.0,0.0,0.0,0.0,0.0
30,7.5,R5Z1,114.93241416905131,0.0,135.0,82.39158031562874,44.278552861745375,0.0,0.0,0.0,0.0,0.0,0.0,0.0,72.68476141778301,0.0,0.0,0.0,0.0,0.0,0.0
30,7.5,R5Z2,118.1016695035066,0.0,135.0,0.0,0.0,22.200084859514615,37.809516783563936,0.0,34.95175445627938,0.0,0.0,0.0,172.940577573984,0.0,0.0,0.0,0.0,0.0,0.0
30,7.5,R5Z3,139.39073378483303,0.0,0.0,69.86422673364468,120.57242584586645,-1.4210854715202004e-14,0.0,0.0,34.95175445627938,0.0,0.0,0.0,146.68692302959013,0.0,0.0,0.0,0.0,0.0,0.0
30,7.5,R5Z4,113.65201949356164,0.0,0.0,69.0062123358779,65.27906353543946,-1.4210854715202004e-14,0.0,0.0,69.90350891255876,0.0,0.0,0.0,0.0,0.0,0.0,0.0,0.0,0.0,0.0
30,7.5,R5Z5,131.28788050599246,0.0,0.0,26.149217360901076,71.27779654691953,0.0,0.0,0.0,34.95175445627938,0.0,0.0,0.0,80.70127030751613,0.0,0.0,0.0,0.0,0.0,0.0
30,7.5,R5Z6,142.3892935427893,0.0,0.0,0.0,0.0,25.386692861739075,69.67882522008071,0.0,69.90350891255876,0.0,0.0,0.0,163.8162739489471,0.0,0.0,0.0,0.0,0.0,0.0
30,7.5,R5Z7,131.12527216947214,0.0,0.0,26.729594921606676,42.461959843897645,20.151228241461816,0.0,0.0,0.0,0.0,0.0,0.0,88.87621010770897,0.0,0.0,0.0,0.0,0.0,0.0
30,7.5,R5Z8,121.44024721434494,0.0,0.0,0.0,0.0,49.398526213875236,105.90642955836869,0.0,34.95175445627938,0.0,0.0,0.0,165.4196353260716,0.0,0.0,0.0,0.0,0.0,0.0
30,7.5,R5Z9,151.6192089873356,0.0,0.0,68.79508026354733,85.37353446153699,0.0,0.0,0.0,0.0,0.0,0.0,0.0,86.18521811065145,0.0,0.0,0.0,0.0,0.0,0.0
30,7.5,R6Z1,116.50214905742892,0.0,135.0,0.0,0.0,57.412241319446174,31.29711210970481,0.0,0.0,0.0,0.0,0.0,0.0,2.354085651465958,0.0,640.0,0.0,0.0,0.0
30,7.5,R6Z2,119.35214981864058,0.0,135.0,0.0,0.0,52.43307984776681,56.44036378624193,0.0,69.90350891255876,0.0,0.0,0.0,140.3982533738675,2.354085651465958,0.0,640.0,0.0,0.0,0.0
30,7.5,R6Z3,157.96307606779578,0.0,0.0,63.88379507187699,106.24718588607294,7.105427357601002e-15,0.0,0.0,34.95175445627938,0.0,0.0,0.0,82.68849597800973,0.0,0.0,0.0,0.0,0.0,0.0
30,7.5,R6Z4,154.81703621643413,0.0,0.0,0.0,0.0,23.501528896714433,111.70435388384578,0.0,34.95175445627938,0.0,0.0,0.0,78.40640378751216,0.0,0.0,0.0,0.0,0.0,0.0
30,7.5,R7Z1,96.62920612180679,0.0,135.0,60.15514347068242,65.69135238295237,0.0,0.0,0.0,34.95175445627938,0.0,0.0,0.0,0.0,2.354085651465958,0.0,640.0,0.0,0.0,0.0
30,7.5,R7Z2,118.04398455711168,0.0,135.0,0.0,0.0,60.6018142913966,21.61920252614186,0.0,0.0,0.0,0.0,0.0,167.1563898625141,0.0,0.0,0.0,0.0,0.0,0.0
30,7.5,R7Z3,110.60372009201784,0.0,0.0,28.792158922082322,127.13458969178986,-1.4210854715202004e-14,0.0,0.0,69.90350891255876,0.0,0.0,0.0,142.75309568651517,0.0,0.0,0.0,0.0,0.0,0.0
30,7.5,R7Z4,179.5614663500318,0.0,0.0,0.0,0.0,78.8056452634049,77.9803265135598,0.0,34.95175445627938,0.0,0.0,0.0,69.65097659112423,0.0,0.0,0.0,0.0,0.0,0.0
30,7.5,R7Z5,162.99337409971687,0.0,0.0,23.57117174526677,3.6559880939905787,0.0,0.0,0.0,69.90350891255876,0.0,0.0,0.0,0.0,0.0,0.0,0.0,0.0,0.0,0.0
30,7.5,R7Z6,98.80334684208029,0.0,0.0,0.0,0.0,50.1390078570713,11.464093825060829,0.0,69.90350891255876,0.0,0.0,0.0,0.0,0.0,0.0,0.0,0.0,0.0,0.0
30,7.5,R7Z7,149.7984175331257,0.0,0.0,42.240598844310654,94.3346818355607,-7.105427357601002e-15,0.0,0.0,0.0,0.0,0.0,0.0,69.96354655890781,0.0,0.0,0.0,0.0,0.0,0.0
30,7.5,R7Z8,134.79124506903233,0.0,0.0,46.49770663841013,63.73584349440012,34.29148057359195,0.0,0.0,69.90350891255876,0.0,0.0,0.0,148.60791539043987,0.0,0.0,0.0,0.0,0.0,0.0
30,7.5,R7Z9,112.65769876252364,0.0,0.0,50.99305875374704,34.93698259179559,7.105427357601002e-15,0.0,0.0,69.90350891255876,0.0,0.0,0.0,81.25286973965817,0.0,0.0,0.0,0.0,0.0,0.0
30,7.5,R8Z1,138.78581419112848,0.0,135.0,0.0,0.0,39.49229458951175,0.3010805884303281,0.0,34.95175445627938,0.0,0.0,0.0,86.52084533152745,2.354085651465958,0.0,640.0,0.0,0.0,0.0
30,7.5,R8Z2,133.3955748817085,0.0,135.0,48.20571595296633,18.797887534373046,0.0,0.0,0.0,34.95175445627938,0.0,0.0,0.0,150.72687122425424,0.0,0.0,0.0,0.0,0.0,0.0
30,7.5,R8Z3,90.02394628869332,0.0,0.0,0.0,55.07219183241394,44.17982579872133,67.62920590440947,0.0,34.95175445627938,0.0,0.0,0.0,176.33975791530145,0.0,0.0,0.0,0.0,0.0,0.0
30,7.5,R8Z4,127.08336745528062,0.0,0.0,11.686559314111477,0.0,41.06369514676397,0.0,0.0,0.0,0.0,0.0,0.0,0.0,0.0,0.0,0.0,0.0,0.0,0.0
30,7.5,R8Z5,173.14191695432837,0.0,0.0,45.134381758989896,50.98838093397017,-7.105427357601002e-15,0.0,0.0,34.95175445627938,0.0,0.0,0.0,87.75590504260158,0.0,0.0,0.0,0.0,0.0,0.0
30,7.5,R8Z6,131.7623882183737,0.0,0.0,25.58100548607404,0.0,0.0,0.0,0.0,34.95175445627938,0.0,0.0,0.0,0.0,0.0,0.0,0.0,0.0,0.0,0.0
30,7.5,R8Z7,134.2963075817005,0.0,0.0,57.8283609288102,63.11301615988607,7.105427357601002e-15,0.0,0.0,0.0,0.0,0.0,0.0,81.30438549851087,0.0,0.0,0.0,0.0,0.0,0.0
30,7.5,R8Z8,142.38210327477537,0.0,0.0,57.008861175589544,74.11166530367379,1.4210854715202004e-14,0.0,0.0,34.95175445627938,0.0,0.0,0.0,86.44409505752557,0.0,0.0,0.0,0.0,0.0,0.0
30,7.5,R9Z1,115.67411944816297,0.0,135.0,0.0,0.0,27.119860047736513,30.42680568609947,0.0,34.95175445627938,0.0,0.0,0.0,0.0,2.354085651465958,0.0,640.0,0.0,0.0,0.0
30,7.5,R9Z2,113.7726900207463,0.0,135.0,26.36813727824608,127.19695671884952,-1.0658141036401503e-14,0.0,0.0,34.95175445627938,0.0,0.0,0.0,76.86997422276873,2.354085651465958,0.0,640.0,0.0,0.0,0.0
30,7.5,R9Z3,145.41475374830586,0.0,0.0,0.0,0.0,50.8829861084758,64.2078925658638,0.0,69.90350891255876,0.0,0.0,0.0,141.30149090889142,0.0,0.0,0.0,0.0,0.0,0.0
30,7.5,R9Z4,134.96093968833628,0.0,0.0,2.9474397459032673,47.98410766681101,64.48175142207064,0.0,0.0,34.95175445627938,0.0,0.0,0.0,74.11369570963036,0.0,0.0,0.0,0.0,0.0,0.0
30,7.5,R9Z5,121.9332529615058,0.0,0.0,43.83994926733679,87.61426987803729,-7.105427357601002e-15,0.0,0.0,34.95175445627938,0.0,0.0,0.0,154.3606078202747,0.0,0.0,0.0,0.0,0.0,0.0
30,7.5,R9Z6,141.26279717040939,0.0,0.0,24.440406585622732,46.421749868879054,-7.105427357601002e-15,0.0,0.0,34.95175445627938,0.0,0.0,0.0,164.12027157770635,0.0,0.0,0.0,0.0,0.0,0.0
30,7.5,R9Z7,103.73950834352908,0.0,0.0,80.45114661105565,34.048943418587626,0.0,0.0,0.0,0.0,0.0,0.0,0.0,78.65812874171542,0.0,0.0,0.0,0.0,0.0,0.0
30,7.5,R9Z8,131.82602181984396,0.0,0.0,53.594280296816805,45.389388520123916,0.0,0.0,0.0,34.95175445627938,0.0,0.0,0.0,73.49753113592661,0.0,0.0,0.0,0.0,0.0,0.0
30,7.5,R9Z9,154.1935738740633,0.0,0.0,55.28733278273969,29.754498813675035,0.0,0.0,0.0,0.0,0.0,0.0,0.0,166.7902058212881,0.0,0.0,0.0,0.0,0.0,0.0
30,7.5,R9Z10,115.64923688839343,0.0,0.0,43.42039311861144,36.81505425460149,-7.105427357601002e-15,0.0,0.0,0.0,0.0,0.0,0.0,0.0,0.0,0.0,0.0,0.0,0.0,0.0
30,7.5,R9Z11,138.83002366054262,0.0,0.0,24.035286040343664,103.69674549359274,7.105427357601002e-15,0.0,0.0,0.0,0.0,0.0,0.0,164.83760865510084,0.0,0.0,0.0,0.0,0.0,0.0
30,7.5,R10Z1,154.9915681958104,0.0,0.0,0.0,0.0,29.422170112592383,69.49758656842977,0.0,0.0,0.0,0.0,0.0,72.2578538144068,2.354085651465958,0.0,640.0,0.0,0.0,0.0
30,7.5,R10Z2,100.26382443576922,0.0,0.0,0.0,0.0,42.874436145184276,125.4574179636325,0.0,0.0,0.0,0.0,0.0,172.08226965044608,2.354085651465958,0.0,640.0,0.0,0.0,0.0
30,7.5,R10Z3,88.32599325983381,0.0,0.0,83.12115804503381,112.72260345104496,0.0,0.0,0.0,0.0,0.0,0.0,0.0,82.71908130939325,0.0,0.0,0.0,0.0,0.0,0.0
30,7.5,R10Z4,135.05382287352703,0.0,0.0,23.464041623310315,36.24558189131783,0.0,0.0,0.0,69.90350891255876,0.0,0.0,0.0,83.86814223209747,0.0,0.0,0.0,0.0,0.0,0.0
30,7.5,R10Z5,92.18885039793263,0.0,0.0,24.306978439136557,124.06577626637876,7.105427357601002e-15,0.0,0.0,69.90350891255876,0.0,0.0,0.0,0.0,0.0,0.0,0.0,0.0,0.0,0.0
30,7.5,R10Z6,118.19145974579043,0.0,0.0,55.53259207053608,52.824695238809596,7.105427357601002e-15,0.0,0.0,69.90350891255876,0.0,0.0,0.0,71.15403252607912,0.0,0.0,0.0,0.0,0.0,0.0
30,7.5,R10Z7,85.56727298774639,0.0,0.0,0.0,0.0,19.56031447897327,82.4445539110515,0.0,69.90350891255876,0.0,0.0,0.0,86.08034909121837,0.0,0.0,0.0,0.0,0.0,0.0
30,7.5,R10Z8,106.8736876363713,0.0,0.0,26.612281509458676,36.62981021614663,0.0,0.0,0.0,0.0,0.0,0.0,0.0,83.29708162560044,0.0,0.0,0.0,0.0,0.0,0.0
30,7.5,R10Z9,112.79223211748545,0.0,0.0,0.0,0.0,22.15105062727597,63.69140953182597,0.0,34.95175445627938,0.0,0.0,0.0,0.0,0.0,0.0,0.0,0.0,0.0,0.0
30,7.5,R11Z1,176.32579687619906,0.0,135.0,0.0,0.0,56.324254505218505,45.079748825689386,0.0,69.90350891255876,0.0,0.0,0.0,162.61696417357135,0.0,0.0,0.0,0.0,0.0,0.0
30,7.5,R11Z2,120.60544409381151,0.0,135.0,0.0,0.0,29.453595732772353,49.60496628678004,0.0,34.95175445627938,0.0,0.0,0.0,71.22223304896964,0.0,0.0,0.0,0.0,0.0,0.0
30,7.5,R11Z3,176.10979710272187,0.0,0.0,0.0,0.0,31.261158446545956,12.43766694593595,0.0,34.95175445627938,0.0,0.0,0.0,0.0,0.0,0.0,0.0,0.0,0.0,0.0
30,7.5,R11Z4,167.16568572542172,0.0,0.0,79.55423246909915,67.90045170196196,1.4210854715202004e-14,0.0,0.0,0.0,0.0,0.0,0.0,82.57678355226417,0.0,0.0,0.0,0.0,0.0,0.0
30,7.5,R11Z5,95.65299636502883,0.0,0.0,21.564670804847438,34.34782095918499,0.0,0.0,0.0,34.95175445627938,0.0,0.0,0.0,90.41741907719756,0.0,0.0,0.0,0.0,0.0,0.0
30,7.5,R11Z6,149.04622799885075,0.0,0.0,0.0,0.0,27.931123912254844,46.39787143907314,0.0,0.0,0.0,0.0,0.0,0.0,0.0,0.0,0.0,0.0,0.0,0.0
30,7.5,R11Z7,117.02322138511626,0.0,0.0,26.30069349221104,106.9612901029982,-1.4210854715202004e-14,0.0,0.0,34.95175445627938,0.0,0.0,0.0,0.0,0.0,0.0,0.0,0.0,0.0,0.0
30,7.5,R11Z8,127.29049277351821,0.0,0.0,25.50282710499505,111.99082783572709,20.237392070478975,0.0,0.0,34.95175445627938,0.0,0.0,0.0,162.45973512196633,0.0,0.0,0.0,0.0,0.0,0.0
30,7.5,R12Z1,117.01766949103444,0.0,135.0,72.54307789992393,73.82078361408185,0.0,0.0,0.0,69.90350891255876,0.0,0.0,0.0,140.24652516880147,0.0,0.0,0.0,0.0,0.0,0.0
30,7.5,R12Z2,141.91014914473504,0.0,135.0,0.0,75.71247061064915,23.127716335307063,54.905240660698695,0.0,34.95175445627938,0.0,0.0,0.0,89.45795723336076,0.0,0.0,0.0,0.0,0.0,0.0
30,7.5,R12Z3,126.56386519785676,0.0,0.0,0.0,0.0,79.28254005563925,42.36790704183819,0.0,34.95175445627938,0.0,0.0,0.0,162.09796950140745,0.0,0.0,0.0,0.0,0.0,0.0
30,7.5,R12Z4,144.162661339548,0.0,0.0,73.63246594533895,17.107729125221415,0.0,0.0,0.0,0.0,0.0,0.0,0.0,0.0,0.0,0.0,0.0,0.0,0.0,0.0
30,7.5,R12Z5,152.33086599407338,0.0,0.0,23.08401895232183,15.435533188906302,3.552713678800501e-15,0.0,0.0,0.0,0.0,0.0,0.0,153.46110351202242,0.0,0.0,0.0,0.0,0.0,0.0
30,7.5,R12Z6,123.37097881741768,0.0,0.0,14.757592980027638,123.71687038982442,27.38188777923815,0.0,0.0,0.0,0.0,0.0,0.0,0.0,0.0,0.0,0.0,0.0,0.0,0.0
30,7.5,R12Z7,128.6310313916345,0.0,0.0,67.52387076881472,37.44562217596949,0.0,0.0,0.0,69.90350891255876,0.0,0.0,0.0,0.0,0.0,0.0,0.0,0.0,0.0,0.0
30,7.5,R12Z8,180.04756003310771,0.0,0.0,0.0,0.0,46.270149516737725,115.27438273707261,0.0,0.0,0.0,0.0,0.0,74.12265991528574,0.0,0.0,0.0,0.0,0.0,0.0
30,7.5,R12Z9,110.35778035446889,0.0,0.0,27.76995569389561,171.87372257187445,0.0,0.0,0.0,69.90350891255876,0.0,0.0,0.0,168.17861145598317,0.0,0.0,0.0,0.0,0.0,0.0
31,7.75,R1Z1,98.73341470202391,0.0,0.0,86.89276172590567,84.86999909391841,0.0,0.0,0.0,102.03922294954153,0.0,0.0,0.0,153.62814855438253,0.0,0.0,592.9231519925434,0.0,0.0,0.0
31,7.75,R1Z2,90.18026801083907,0.0,0.0,25.22370510596913,6.42046977405922,0.0,0.0,0.0,102.03922294954153,0.0,0.0,7.881579524517974,140.97303972966478,0.0,0.0,0.0,0.0,0.0,0.0
31,7.75,R1Z3,157.33323473309167,0.0,0.0,65.78320928982947,0.0,0.0,0.0,0.0,51.01961147477076,0.0,0.0,90.0,46.87982120956435,0.0,0.0,0.0,0.0,0.0,0.0
31,7.75,R1Z4,111.00848836733051,0.0,0.0,68.81488619241422,29.409047021402202,0.0,0.0,0.0,102.03922294954153,0.0,0.0,0.0,0.0,0.0,0.0,0.0,0.0,0.0,0.0
31,7.75,R1Z5,120.5797991929531,0.0,0.0,46.171878983775066,27.870000893547406,0.0,0.0,0.0,102.03922294954153,0.0,0.0,0.0,0.0,0.0,0.0,0.0,0.0,0.0,0.0
31,7.75,R1Z6,127.93046454374337,0.0,0.0,71.53545349690583,18.388007506577882,0.0,0.0,0.0,0.0,0.0,0.0,0.0,12.226411574630315,0.0,0.0,0.0,0.0,0.0,0.0
31,7.75,R1Z7,133.21241987692238,0.0,0.0,23.919297374335496,5.013771257537211,0.0,0.0,0.0,51.01961147477076,0.0,0.0,45.0,46.527408184700626,0.0,0.0,0.0,0.0,0.0,0.0
31,7.75,R1Z8,138.80080114714445,0.0,0.0,20.994600786307473,114.32046819834258,-7.105427357601002e-15,0.0,0.0,0.0,0.0,0.0,0.0,0.0,0.0,0.0,0.0,0.0,0.0,0.0
31,7.75,R1Z9,138.88797498276054,0.0,0.0,51.67990236096186,110.97082716819871,0.0,0.0,0.0,0.0,0.0,0.0,0.0,81.55673471989853,0.0,0.0,0.0,0.0,0.0,0.0
31,7.75,R1Z10,126.99625045692848,0.0,0.0,82.11943070099716,43.614862932383794,1.4210854715202004e-14,0.0,0.0,0.0,0.0,0.0,0.0,38.82096698012596,0.0,0.0,0.0,0.0,0.0,0.0
31,7.75,R2Z1,160.7491800020869,0.0,135.0,87.92470690276414,65.40571389789838,1.4210854715202004e-14,0.0,0.0,0.0,0.0,0.0,0.0,75.58632834524684,2.354085651465958,0.0,640.0,0.0,0.0,0.0
31,7.75,R2Z2,102.68654689595404,0.0,135.0,62.838173642025254,24.202901234337958,7.105427357601002e-15,0.0,0.0,0.0,0.0,0.0,0.0,81.69575640054742,2.354085651465958,0.0,640.0,0.0,0.0,0.0
31,7.75,R2Z3,104.65380352414626,0.0,0.0,0.0,0.0,85.26193160557735,34.41524668428761,0.0,51.01961147477076,0.0,0.0,0.0,70.71923035771297,0.0,0.0,0.0,0.0,0.0,0.0
31,7.75,R2Z4,136.01420500003093,0.0,0.0,14.106987239419084,82.79415250597674,8.289446806314952,0.0,0.0,102.03922294954153,0.0,0.0,0.0,0.0,0.0,0.0,0.0,0.0,0.0,0.0
31,7.75,R2Z5,125.84580855920082,0.0,0.0,0.0,0.0,29.551619283855167,45.777124485394225,0.0,51.01961147477076,0.0,0.0,0.0,0.0,0.0,0.0,0.0,0.0,0.0,0.0
31,7.75,R2Z6,102.80924540645344,0.0,0.0,0.0,0.0,53.04198896531347,69.07060640767132,0.0,102.03922294954153,0.0,0.0,0.0,170.7505162167425,0.0,0.0,0.0,0.0,0.0,0.0
31,7.75,R2Z7,139.86752966144246,0.0,0.0,0.0,0.0,24.64873740945779,38.81888740746168,0.0,102.03922294954153,0.0,0.0,0.0,87.24331905433395,0.0,0.0,0.0,0.0,0.0,0.0
31,7.75,R2Z8,123.40268379363795,0.0,0.0,0.0,0.0,76.21746897209655,21.931186544732174,0.0,0.0,0.0,0.0,0.0,89.90111581727625,0.0,0.0,0.0,0.0,0.0,0.0
31,7.75,R2Z9,106.56360200350423,0.0,0.0,22.535220999553474,102.04869265777953,7.105427357601002e-15,0.0,0.0,51.01961147477076,0.0,0.0,0.0,82.22506435542016,0.0,0.0,0.0,0.0,0.0,0.0
31,7.75,R3Z1,122.29989253427061,0.0,0.0,89.74006261545945,36.64356908365714,0.0,0.0,0.0,0.0,0.0,0.0,0.0,0.0,0.0,0.0,0.0,0.0,0.0,0.0
31,7.75,R3Z2,127.66702794134379,0.0,0.0,0.0,0.0,64.43538518284413,140.9099742575558,0.0,102.03922294954153,0.0,0.0,0.0,163.78030770906003,0.0,0.0,0.0,0.0,0.0,0.0
31,7.75,R3Z3,100.67429022061113,0.0,0.0,0.0,0.0,25.432194591347965,0.0,0.0,51.01961147477076,0.0,0.0,0.0,0.0,0.0,0.0,0.0,0.0,0.0,0.0
31,7.75,R4Z1,135.0543302569565,0.0,135.0,24.093831925419778,79.7463328060045,3.552713678800501e-15,0.0,0.0,102.03922294954153,0.0,0.0,0.0,81.02797530419896,0.0,0.0,0.0,0.0,0.0,0.0
31,7.75,R4Z2,150.4180528860314,0.0,0.0,23.045920195941267,25.33290974054861,73.50661983612248,0.0,0.0,102.03922294954153,0.0,0.0,0.0,160.18071052058883,0.0,0.0,0.0,0.0,0.0,0.0
31,7.75,R4Z3,112.92639422115248,0.0,0.0,47.58730965990096,52.22715350589264,-7.105427357601002e-15,0.0,0.0,0.0,0.0,0.0,0.0,0.0,0.0,0.0,0.0,0.0,0.0,0.0
31,7.75,R4Z4,141.92799697293484,0.0,0.0,28.9008908276927,15.139289305465738,0.0,0.0,0.0,0.0,0.0,0.0,0.0,0.0,0.0,0.0,0.0,0.0,0.0,0.0
31,7.75,R4Z5,155.0277393065653,0.0,0.0,0.0,0.0,33.40815954632345,50.39344573357711,0.0,102.03922294954153,0.0,0.0,0.0,0.0,0.0,0.0,0.0,0.0,0.0,0.0
31,7.75,R4Z6,109.13983231787338,0.0,0.0,0.0,0.0,60.162490422544806,30.000562240397805,0.0,102.03922294954153,0.0,0.0,0.0,152.44900304012006,0.0,0.0,0.0,0.0,0.0,0.0
31,7.75,R4Z7,124.39091277589347,0.0,0.0,0.0,65.79615851036729,56.930339334056335,5.812408626814474,0.0,102.03922294954153,0.0,0.0,0.0,0.0,0.0,0.0,0.0,0.0,0.0,0.0
31,7.75,R4Z8,140.85615337291534,0.0,0.0,46.78037939450681,18.69917136329481,0.0,0.0,0.0,102.03922294954153,0.0,0.0,0.0,0.0,0.0,0.0,0.0,0.0,0.0,0.0
31,7.75,R4Z9,112.35315498554586,0.0,0.0,58.94972747970664,62.75920187290272,0.0,0.0,0.0,0.0,0.0,0.0,0.0,88.23909842756053,0.0,0.0,0.0,0.0,0.0,0.0
31,7.75,R4Z10,124.24954813306975,0.0,0.0,0.0,0.0,25.323679543621097,77.4015962480479,0.0,0.0,0.0,0.0,0.0,89.89130738372661,0.0,0.0,0.0,0.0,0.0,0.0
31,7.75,R4Z11,135.94098995271546,0.0,0.0,45.82476023713338,36.61358755435011,-7.105427357601002e-15,0.0,0.0,51.01961147477076,0.0,0.0,0.0,83.16186258401069,0.0,0.0,0.0,0.0,0.0,0.0
31,7.75,R5Z1,96.9003502383849,0.0,135.0,0.0,0.0,87.12559258016081,35.10771775688421,0.0,0.0,0.0,0.0,0.0,72.60348332793438,0.0,0.0,0.0,0.0,0.0,0.0
31,7.75,R5Z2,99.19881788593041,0.0,135.0,21.237184676902352,37.63742775325742,-3.552713678800501e-15,0.0,0.0,51.01961147477076,0.0,0.0,0.0,172.74719068616392,0.0,0.0,0.0,0.0,0.0,0.0
31,7.75,R5Z3,141.80340789218366,0.0,0.0,0.0,0.0,72.85954961541073,178.88683037404815,0.0,51.01961147477076,0.0,0.0,0.0,146.52289369693418,0.0,0.0,0.0,0.0,0.0,0.0
31,7.75,R5Z4,112.33211154660978,0.0,0.0,75.64556975788076,53.195931154647305,0.0,0.0,0.0,102.03922294954153,0.0,0.0,0.0,0.0,0.0,0.0,0.0,0.0,0.0,0.0
31,7.75,R5Z5,111.87553842213994,0.0,0.0,29.8870543826651,96.06386626376906,3.552713678800501e-15,0.0,0.0,51.01961147477076,0.0,0.0,0.0,80.61102793798766,0.0,0.0,0.0,0.0,0.0,0.0
31,7.75,R5Z6,141.82233232487323,0.0,0.0,0.0,0.0,27.873366922731602,69.14822957920501,0.0,102.03922294954153,0.0,0.0,0.0,163.63309010720403,0.0,0.0,0.0,0.0,0.0,0.0
31,7.75,R5Z7,122.35637873022407,0.0,0.0,0.0,12.118604782490877,49.358564412049084,43.540579513106465,0.0,0.0,0.0,0.0,0.0,88.77682629671978,0.0,0.0,0.0,0.0,0.0,0.0
31,7.75,R5Z8,114.89251748946764,0.0,0.0,52.70018342779231,77.36363932290935,0.0,0.0,0.0,51.01961147477076,0.0,0.0,0.0,165.23465856174712,0.0,0.0,0.0,0.0,0.0,0.0
31,7.75,R5Z9,134.5286224674551,0.0,0.0,0.0,0.0,72.42006709971915,117.69905457609983,0.0,0.0,0.0,0.0,0.0,86.08884344057505,0.0,0.0,0.0,0.0,0.0,0.0
31,7.75,R6Z1,118.59398141446474,0.0,135.0,0.0,0.0,55.910281260397845,60.069197313978215,0.0,0.0,0.0,0.0,0.0,0.0,2.354085651465958,0.0,640.0,0.0,0.0,0.0
31,7.75,R6Z2,120.22336774194716,0.0,135.0,43.64273766980895,39.41686808666876,-7.105427357601002e-15,0.0,0.0,102.03922294954153,0.0,0.0,0.0,140.24125620376304,2.354085651465958,0.0,640.0,0.0,0.0,0.0
31,7.75,R6Z3,156.1670328033607,0.0,0.0,0.0,0.0,66.49137706688755,90.069883645055,0.0,51.01961147477076,0.0,0.0,0.0,82.59603143833932,0.0,0.0,0.0,0.0,0.0,0.0
31,7.75,R6Z4,134.09298218431772,0.0,0.0,0.0,0.0,26.831540086029868,141.41000976647283,0.0,51.01961147477076,0.0,0.0,0.0,78.31872760054473,0.0,0.0,0.0,0.0,0.0,0.0
31,7.75,R7Z1,117.23167592249777,0.0,135.0,0.0,0.0,60.52008407376805,86.46460779216993,0.0,51.01961147477076,0.0,0.0,0.0,0.0,2.354085651465958,0.0,640.0,0.0,0.0,0.0
31,7.75,R7Z2,124.09338129484252,0.0,135.0,0.0,0.0,56.77587855381736,12.19041952449,0.0,0.0,0.0,0.0,0.0,166.96947101172603,0.0,0.0,0.0,0.0,0.0,0.0
31,7.75,R7Z3,112.70537219664747,0.0,0.0,0.0,0.0,30.846968219753407,150.75778225488475,0.0,102.03922294954153,0.0,0.0,0.0,142.59346526727657,0.0,0.0,0.0,0.0,0.0,0.0
31,7.75,R7Z4,181.71438061364,0.0,0.0,75.14786875628599,70.89185763750513,1.4210854715202004e-14,0.0,0.0,51.01961147477076,0.0,0.0,0.0,69.57309096251389,0.0,0.0,0.0,0.0,0.0,0.0
31,7.75,R7Z5,165.15420961634456,0.0,0.0,31.166745440709725,36.41585774775282,3.552713678800501e-15,0.0,0.0,102.03922294954153,0.0,0.0,0.0,0.0,0.0,0.0,0.0,0.0,0.0,0.0
31,7.75,R7Z6,117.28722067458567,0.0,0.0,0.0,0.0,54.86779216776757,100.66074071257745,0.0,102.03922294954153,0.0,0.0,0.0,0.0,0.0,0.0,0.0,0.0,0.0,0.0
31,7.75,R7Z7,151.2451956559238,0.0,0.0,40.92882567041372,20.915467209782783,0.0,0.0,0.0,0.0,0.0,0.0,0.0,69.88531140600337,0.0,0.0,0.0,0.0,0.0,0.0
31,7.75,R7Z8,157.27968950727123,0.0,0.0,0.0,14.624546965058357,74.89235912441691,29.43662273590109,0.0,102.03922294954153,0.0,0.0,0.0,148.44173795154185,0.0,0.0,0.0,0.0,0.0,0.0
31,7.75,R7Z9,124.91008852328908,0.0,0.0,0.0,0.0,53.93150057893398,118.62178435373713,0.0,102.03922294954153,0.0,0.0,0.0,81.16201055654551,0.0,0.0,0.0,0.0,0.0,0.0
31,7.75,R8Z1,134.34719225940947,0.0,135.0,51.34229836498638,73.03495039603717,0.0,0.0,0.0,51.01961147477076,0.0,0.0,0.0,86.4240953539054,2.354085651465958,0.0,640.0,0.0,0.0,0.0
31,7.75,R8Z2,116.00854012626111,0.0,135.0,0.0,0.0,63.02910679401896,139.23005198948238,0.0,51.01961147477076,595.9394580021076,0.0,0.0,150.55832431093975,0.0,0.0,0.0,0.0,0.0,0.0
31,7.75,R8Z3,112.99754568055347,0.0,0.0,53.46109772461939,78.68046514958122,7.105427357601002e-15,0.0,0.0,51.01961147477076,0.0,0.0,0.0,176.14256997097647,0.0,0.0,0.0,0.0,0.0,0.0
31,7.75,R8Z4,127.44148793093204,0.0,0.0,47.11931805162605,111.64997678545625,0.0,0.0,0.0,0.0,0.0,0.0,0.0,0.0,0.0,0.0,0.0,0.0,0.0,0.0
31,7.75,R8Z5,173.62087787851007,0.0,0.0,42.59657054950637,113.03409216963999,1.4210854715202004e-14,0.0,0.0,51.01961147477076,0.0,0.0,0.0,87.65777398740279,0.0,0.0,0.0,0.0,0.0,0.0
31,7.75,R8Z6,144.11703161690474,0.0,0.0,0.0,0.0,26.06135223049316,105.80667885331968,0.0,51.01961147477076,0.0,0.0,0.0,0.0,0.0,0.0,0.0,0.0,0.0,0.0
31,7.75,R8Z7,126.34099585137528,0.0,0.0,61.013841385433636,55.043034445336644,0.0,0.0,0.0,0.0,0.0,0.0,0.0,81.2134687090665,0.0,0.0,0.0,0.0,0.0,0.0
31,7.75,R8Z8,148.3128631722161,0.0,0.0,0.0,0.0,63.45703631919907,179.73066949209715,0.0,51.01961147477076,0.0,0.0,0.0,86.34743090416083,0.0,0.0,0.0,0.0,0.0,0.0
31,7.75,R9Z1,129.44253517553798,0.0,135.0,0.0,0.0,29.25127351322758,37.45556140894381,0.0,51.01961147477076,0.0,0.0,0.0,0.0,2.354085651465958,0.0,640.0,0.0,0.0,0.0
31,7.75,R9Z2,127.92604053295618,0.0,135.0,0.0,0.0,29.610681961518626,78.12409645145732,0.0,51.01961147477076,0.0,0.0,0.0,76.78401611339794,2.354085651465958,0.0,640.0,0.0,0.0,0.0
31,7.75,R9Z3,124.15294771258054,0.0,0.0,55.093951392866835,34.13387481008875,7.105427357601002e-15,0.0,0.0,102.03922294954153,0.0,0.0,0.0,141.14348371385057,0.0,0.0,0.0,0.0,0.0,0.0
31,7.75,R9Z4,132.6004400408032,0.0,0.0,64.25840630371792,101.21896843998144,0.0,0.0,0.0,51.01961147477076,0.0,0.0,0.0,74.03081974634176,0.0,0.0,0.0,0.0,0.0,0.0
31,7.75,R9Z5,127.8000994542684,0.0,0.0,51.300008300431855,115.9077606782,0.0,0.0,0.0,51.01961147477076,0.0,0.0,0.0,154.18799756323074,0.0,0.0,0.0,0.0,0.0,0.0
31,7.75,R9Z6,131.33934395675126,0.0,0.0,28.287790406622964,17.542922557335057,0.0,0.0,0.0,51.01961147477076,0.0,0.0,0.0,163.93674779749333,0.0,0.0,0.0,0.0,0.0,0.0
31,7.75,R9Z7,111.9253904685716,0.0,0.0,0.0,33.44267618319108,83.63478933923578,15.646549240465163,0.0,0.0,0.0,0.0,0.0,78.57017106901363,0.0,0.0,0.0,0.0,0.0,0.0
31,7.75,R9Z8,152.9744667208322,0.0,0.0,0.0,0.0,57.06196751819431,20.629459462495817,0.0,51.01961147477076,0.0,0.0,0.0,73.41534418473087,0.0,0.0,0.0,0.0,0.0,0.0
31,7.75,R9Z9,153.58594018959403,0.0,0.0,63.55946401781779,44.644681409527905,0.0,0.0,0.0,0.0,0.0,0.0,0.0,166.60369644751867,0.0,0.0,0.0,0.0,0.0,0.0
31,7.75,R9Z10,112.11619794476117,0.0,0.0,49.89129288814878,84.55990048123063,7.105427357601002e-15,0.0,0.0,0.0,0.0,0.0,0.0,0.0,0.0,0.0,0.0,0.0,0.0,0.0
31,7.75,R9Z11,138.69640756821198,0.0,0.0,26.447128689984993,131.86407821080635,-1.0658141036401503e-14,0.0,0.0,0.0,0.0,0.0,0.0,164.6532827289319,0.0,0.0,0.0,0.0,0.0,0.0
31,7.75,R10Z1,155.1388527488986,0.0,0.0,28.138827184999016,85.86285633498947,-7.105427357601002e-15,0.0,0.0,0.0,0.0,0.0,0.0,72.1770531043262,2.354085651465958,0.0,640.0,0.0,0.0,0.0
31,7.75,R10Z2,109.57066342634113,0.0,0.0,0.0,0.0,48.912208013564445,148.4144392924969,0.0,0.0,0.0,0.0,0.0,171.88984254604094,2.354085651465958,0.0,640.0,0.0,0.0,0.0
31,7.75,R10Z3,93.2187520159639,0.0,0.0,0.0,0.0,80.99251273514088,119.54384539069169,0.0,0.0,0.0,0.0,0.0,82.62658256836806,0.0,0.0,0.0,0.0,0.0,0.0
31,7.75,R10Z4,129.98010712752398,0.0,0.0,8.541144856927758,34.59622969315048,16.75484893294624,0.0,0.0,102.03922294954153,0.0,0.0,0.0,83.77435857969479,0.0,0.0,0.0,0.0,0.0,0.0
31,7.75,R10Z5,86.67296632673674,0.0,0.0,0.0,0.0,24.785498256955098,116.83266853026322,0.0,102.03922294954153,0.0,0.0,0.0,0.0,0.0,0.0,0.0,0.0,0.0,0.0
31,7.75,R10Z6,119.67826547048439,0.0,0.0,0.0,0.0,52.28966623870488,41.35298555717188,0.0,102.03922294954153,0.0,0.0,0.0,71.0744661391785,0.0,0.0,0.0,0.0,0.0,0.0
31,7.75,R10Z7,105.03207494588344,0.0,0.0,23.655762756343393,82.5446785631712,-3.552713678800501e-15,0.0,0.0,102.03922294954153,0.0,0.0,0.0,85.98409168855012,0.0,0.0,0.0,0.0,0.0,0.0
31,7.75,R10Z8,111.61958865753327,0.0,0.0,0.0,0.0,27.467093511119927,51.70860857288487,0.0,0.0,0.0,0.0,0.0,83.20393654879983,0.0,0.0,0.0,0.0,0.0,0.0
31,7.75,R10Z9,115.49397421436271,0.0,0.0,23.34772493038281,57.510717668857225,0.0,0.0,0.0,51.01961147477076,0.0,0.0,0.0,0.0,0.0,0.0,0.0,0.0,0.0,0.0
31,7.75,R11Z1,161.75050592028998,0.0,135.0,61.532886043735886,126.43189170270975,7.105427357601002e-15,0.0,0.0,102.03922294954153,0.0,0.0,0.0,162.43512143284832,0.0,0.0,0.0,0.0,0.0,0.0
31,7.75,R11Z2,130.65734888284643,0.0,135.0,0.0,0.0,33.56538426254578,42.645228402162346,0.0,51.01961147477076,0.0,0.0,0.0,71.14259039837745,0.0,0.0,0.0,0.0,0.0,0.0
31,7.75,R11Z3,174.49262601542503,0.0,0.0,0.0,0.0,33.32495087307431,37.84977236656806,0.0,51.01961147477076,0.0,0.0,0.0,0.0,0.0,0.0,0.0,0.0,0.0,0.0
31,7.75,R11Z4,159.46934392029561,0.0,0.0,86.30103605676791,183.39977890570376,1.4210854715202004e-14,0.0,0.0,0.0,0.0,0.0,0.0,82.4844439324862,0.0,0.0,0.0,0.0,0.0,0.0
31,7.75,R11Z5,102.72827802763278,0.0,0.0,0.0,0.0,26.95600251349265,56.25290760770929,0.0,51.01961147477076,0.0,0.0,0.0,90.31631184415052,0.0,0.0,0.0,0.0,0.0,0.0
31,7.75,R11Z6,151.99778992851438,0.0,0.0,28.918652897747094,74.93650663041113,7.105427357601002e-15,0.0,0.0,0.0,0.0,0.0,0.0,0.0,0.0,0.0,0.0,0.0,0.0,0.0
31,7.75,R11Z7,136.30735120711313,0.0,0.0,27.93183247699949,75.38748644012105,3.552713678800501e-15,0.0,0.0,51.01961147477076,0.0,0.0,0.0,0.0,0.0,0.0,0.0,0.0,0.0,0.0
31,7.75,R11Z8,97.13875495489603,0.0,0.0,0.0,0.0,54.129013334854065,108.24836546796092,0.0,51.01961147477076,0.0,0.0,0.0,162.2780681990727,0.0,0.0,0.0,0.0,0.0,0.0
31,7.75,R12Z1,104.28465350062761,0.0,135.0,0.0,0.0,72.92057166062898,83.0878674364085,0.0,102.03922294954153,0.0,0.0,0.0,140.08969766532923,0.0,0.0,0.0,0.0,0.0,0.0
31,7.75,R12Z2,186.90022184998307,0.0,135.0,0.0,0.0,23.82523215606994,112.66772719328836,0.0,51.01961147477076,0.0,0.0,0.0,89.35792289681125,0.0,0.0,0.0,0.0,0.0,0.0
31,7.75,R12Z3,102.73534521262958,0.0,0.0,0.0,0.0,92.13846798501258,43.229735819087985,0.0,51.01961147477076,0.0,0.0,0.0,161.9167071147335,0.0,0.0,0.0,0.0,0.0,0.0
31,7.75,R12Z4,149.53746819924623,0.0,0.0,0.0,0.0,89.53076453637583,23.831922321899825,0.0,0.0,0.0,0.0,0.0,0.0,0.0,0.0,0.0,0.0,0.0,0.0
31,7.75,R12Z5,140.22634805070348,0.0,0.0,0.0,0.0,24.631249597188255,54.16133280925895,0.0,0.0,0.0,0.0,0.0,153.28949910531844,0.0,0.0,0.0,0.0,0.0,0.0
31,7.75,R12Z6,114.88202467892849,0.0,0.0,51.169281506238065,138.0757026930034,2.198744868351284,0.0,0.0,0.0,0.0,0.0,0.0,0.0,0.0,0.0,0.0,0.0,0.0,0.0
31,7.75,R12Z7,128.2236250164108,0.0,0.0,70.54458847231604,67.76890352448743,1.4210854715202004e-14,0.0,0.0,102.03922294954153,0.0,0.0,0.0,0.0,0.0,0.0,0.0,0.0,0.0,0.0
31,7.75,R12Z8,178.63303907000036,0.0,0.0,0.0,0.0,56.79117420961554,40.69673314514713,0.0,0.0,0.0,0.0,0.0,74.039773927977,0.0,0.0,0.0,0.0,0.0,0.0
31,7.75,R12Z9,123.2568449978519,0.0,0.0,31.03551468951335,106.32466828705591,1.0658141036401503e-14,0.0,0.0,102.03922294954153,0.0,0.0,0.0,167.9905495290276,0.0,0.0,0.0,0.0,0.0,0.0
32,8.0,R1Z1,92.37817979418476,0.0,0.0,77.83333008196695,57.42094732480489,0.0,0.0,0.0,83.82820310637658,0.0,0.0,0.0,153.4563573533396,0.0,0.0,592.4145941805818,0.0,0.0,0.0
32,8.0,R1Z2,92.07224082925664,0.0,0.0,21.679289012147805,88.7043635266718,-3.552713678800501e-15,0.0,0.0,83.82820310637658,0.0,0.0,16.481736077023243,136.53963305362876,0.0,0.0,0.0,0.0,0.0,0.0
32,8.0,R1Z3,176.49735216177754,0.0,0.0,66.95991670908207,93.91710172999781,0.0,0.0,0.0,41.91410155318829,0.0,0.0,90.0,23.47919050729089,0.0,0.0,0.0,0.0,0.0,0.0
32,8.0,R1Z4,120.60519787489176,0.0,0.0,63.18285656301395,2.9042501229404305,7.105427357601002e-15,0.0,0.0,83.82820310637658,0.0,0.0,0.0,0.0,0.0,0.0,0.0,0.0,0.0,0.0
32,8.0,R1Z5,159.87525355850178,0.0,0.0,47.87241101476941,0.0,0.0,0.0,0.0,83.82820310637658,0.0,0.0,0.0,0.0,0.0,0.0,0.0,0.0,0.0,0.0
32,8.0,R1Z6,162.11401319743152,0.0,0.0,85.1689865269081,59.112956002923305,0.0,0.0,0.0,0.0,0.0,0.0,45.0,0.5386354650610361,0.0,0.0,0.0,0.0,0.0,0.0
32,8.0,R1Z7,133.60520853112553,0.0,0.0,25.620626232151736,18.91872652913156,3.552713678800501e-15,0.0,0.0,41.91410155318829,0.0,0.0,0.0,46.47537996325372,0.0,0.0,0.0,0.0,0.0,0.0
32,8.0,R1Z8,115.51010249838579,0.0,0.0,28.364745415732425,0.0,0.0,0.0,0.0,0.0,0.0,0.0,0.0,0.0,0.0,0.0,0.0,0.0,0.0,0.0
32,8.0,R1Z9,134.1845185460908,0.0,0.0,50.17467037778701,130.4869621454003,-7.105427357601002e-15,0.0,0.0,0.0,0.0,0.0,0.0,81.46553574664715,0.0,0.0,0.0,0.0,0.0,0.0
32,8.0,R1Z10,124.90338624299216,0.0,0.0,66.14121374994636,54.16429713959573,0.0,0.0,0.0,0.0,0.0,0.0,47.55794119423935,26.439859398656335,0.0,0.0,0.0,0.0,0.0,0.0
32,8.0,R2Z1,156.56760422360958,0.0,135.0,0.0,0.0,104.32934319113501,28.9896024604245,0.0,0.0,0.0,0.0,0.0,75.50180564383409,2.354085651465958,0.0,640.0,0.0,0.0,0.0
32,8.0,R2Z2,113.35862637826291,0.0,135.0,0.0,0.0,59.0036471626389,22.357336609125316,0.0,0.0,0.0,0.0,0.0,81.60440196944724,2.354085651465958,0.0,640.0,0.0,0.0,0.0
32,8.0,R2Z3,102.4576669861747,0.0,0.0,85.09181955034373,36.35311055721797,0.0,0.0,0.0,41.91410155318829,0.0,0.0,0.0,70.64015017849906,0.0,0.0,0.0,0.0,0.0,0.0
32,8.0,R2Z4,160.9837586465848,0.0,0.0,29.190659904710785,89.7215242364767,7.105427357601002e-15,0.0,0.0,83.82820310637658,0.0,0.0,0.0,0.0,0.0,0.0,0.0,0.0,0.0,0.0
32,8.0,R2Z5,128.44660456250094,0.0,0.0,36.10796244937271,50.12494880419757,0.0,0.0,0.0,41.91410155318829,0.0,0.0,0.0,0.0,0.0,0.0,0.0,0.0,0.0,0.0
32,8.0,R2Z6,104.14656108464904,0.0,0.0,60.55888605230214,64.7281763928606,-7.105427357601002e-15,0.0,0.0,83.82820310637658,0.0,0.0,0.0,170.5595783154816,0.0,0.0,0.0,0.0,0.0,0.0
32,8.0,R2Z7,144.00304818799125,0.0,0.0,29.292281927330553,18.889218853405335,3.552713678800501e-15,0.0,0.0,83.82820310637658,0.0,0.0,0.0,87.14576118681848,0.0,0.0,0.0,0.0,0.0,0.0
32,8.0,R2Z8,106.10997536677212,0.0,0.0,0.0,0.0,76.32801022678544,26.86145438094686,0.0,0.0,0.0,0.0,0.0,89.80058592866743,0.0,0.0,0.0,0.0,0.0,0.0
32,8.0,R2Z9,120.41213062811542,0.0,0.0,0.0,0.0,22.696731942872482,70.42248205242684,0.0,41.91410155318829,0.0,0.0,0.0,82.13311803767586,0.0,0.0,0.0,0.0,0.0,0.0
32,8.0,R3Z1,128.40303609718518,0.0,0.0,92.25196973687088,39.57375432203833,0.0,0.0,0.0,0.0,0.0,0.0,0.0,0.0,0.0,0.0,0.0,0.0,0.0,0.0
32,8.0,R3Z2,112.7596571909902,0.0,0.0,67.66302606907503,93.16510878144207,0.0,0.0,0.0,83.82820310637658,0.0,0.0,0.0,163.5971640857509,0.0,0.0,0.0,0.0,0.0,0.0
32,8.0,R3Z3,118.6502731421885,0.0,0.0,0.0,0.0,29.318138920790634,27.645530948815082,0.0,41.91410155318829,0.0,0.0,0.0,0.0,0.0,0.0,0.0,0.0,0.0,0.0
32,8.0,R4Z1,152.50374360048923,0.0,135.0,25.276349265223878,63.739958138918574,0.0,0.0,0.0,83.82820310637658,0.0,0.0,0.0,80.93736760420016,0.0,0.0,0.0,0.0,0.0,0.0
32,8.0,R4Z2,164.20220403913586,0.0,0.0,0.0,0.0,80.1942320091707,14.282790636714694,0.0,83.82820310637658,0.0,0.0,0.0,160.0015920653892,0.0,0.0,0.0,0.0,0.0,0.0
32,8.0,R4Z3,111.33333626985925,0.0,0.0,0.0,0.0,54.74469592000307,63.43583972545297,0.0,0.0,0.0,0.0,0.0,0.0,0.0,0.0,0.0,0.0,0.0,0.0
32,8.0,R4Z4,153.6700928732261,0.0,0.0,30.636321702494357,35.98926704425898,-3.552713678800501e-15,0.0,0.0,0.0,0.0,0.0,0.0,0.0,0.0,0.0,0.0,0.0,0.0,0.0
32,8.0,R4Z5,139.4488100276453,0.0,0.0,31.76393874105446,88.14298858008077,3.552713678800501e-15,0.0,0.0,83.82820310637658,0.0,0.0,0.0,0.0,0.0,0.0,0.0,0.0,0.0,0.0
32,8.0,R4Z6,112.78263375859504,0.0,0.0,0.0,0.0,65.76893442097108,18.264351478955106,0.0,83.82820310637658,0.0,0.0,0.0,152.27853039186843,0.0,0.0,0.0,0.0,0.0,0.0
32,8.0,R4Z7,120.18605287664126,0.0,0.0,61.34286333609259,104.52170998044966,0.0,0.0,0.0,83.82820310637658,0.0,0.0,0.0,0.0,0.0,0.0,0.0,0.0,0.0,0.0
32,8.0,R4Z8,138.50675892605858,0.0,0.0,48.57434347554937,43.262026477968476,7.105427357601002e-15,0.0,0.0,83.82820310637658,0.0,0.0,0.0,0.0,0.0,0.0,0.0,0.0,0.0,0.0
32,8.0,R4Z9,93.37894256594811,0.0,0.0,56.23198964671985,127.46860352381543,-1.4210854715202004e-14,0.0,0.0,0.0,0.0,0.0,0.0,88.14042705229203,0.0,0.0,0.0,0.0,0.0,0.0
32,8.0,R4Z10,119.73182521308634,0.0,0.0,0.0,0.0,25.407754097593553,63.400747802163046,0.0,0.0,0.0,0.0,0.0,89.79078846317668,0.0,0.0,0.0,0.0,0.0,0.0
32,8.0,R4Z11,121.71248411851056,0.0,0.0,50.672723995483324,45.09358204499931,0.0,0.0,0.0,41.91410155318829,0.0,0.0,0.0,83.0688687128438,0.0,0.0,0.0,0.0,0.0,0.0
32,8.0,R5Z1,115.35592531616338,0.0,135.0,0.0,0.0,89.8665657575665,57.24658310744892,0.0,0.0,0.0,0.0,0.0,72.52229612547069,0.0,0.0,0.0,0.0,0.0,0.0
32,8.0,R5Z2,108.01432696765931,0.0,135.0,14.640826802692164,17.887131486497903,8.673881974269175,0.0,0.0,41.91410155318829,0.0,0.0,0.0,172.55402004885545,0.0,0.0,0.0,0.0,0.0,0.0
32,8.0,R5Z3,114.65018226881634,0.0,0.0,0.0,0.0,73.85957502099929,141.0475031138046,0.0,41.91410155318829,0.0,0.0,0.0,146.35904778636802,0.0,0.0,0.0,0.0,0.0,0.0
32,8.0,R5Z4,105.11740851269195,0.0,0.0,0.0,0.0,77.62615531136036,53.199419104722104,0.0,83.82820310637658,0.0,0.0,0.0,0.0,0.0,0.0,0.0,0.0,0.0,0.0
32,8.0,R5Z5,99.49406983322197,0.0,0.0,0.0,0.0,28.56758629068071,68.51134048510062,0.0,41.91410155318829,0.0,0.0,0.0,80.52088647994704,0.0,0.0,0.0,0.0,0.0,0.0
32,8.0,R5Z6,134.6806595367282,0.0,0.0,27.685668873651792,11.662452815569237,0.0,0.0,0.0,83.82820310637658,0.0,0.0,0.0,163.45011110664714,0.0,0.0,0.0,0.0,0.0,0.0
32,8.0,R5Z7,122.59117473102887,0.0,0.0,54.87988262680269,35.29620248694173,7.105427357601002e-15,0.0,0.0,0.0,0.0,0.0,0.0,88.67755361942851,0.0,0.0,0.0,0.0,0.0,0.0
32,8.0,R5Z8,115.59696764468046,0.0,0.0,54.361789592539964,91.78197314191667,-7.105427357601002e-15,0.0,0.0,41.91410155318829,0.0,0.0,0.0,165.04988864350395,0.0,0.0,0.0,0.0,0.0,0.0
32,8.0,R5Z9,133.4985693571287,0.0,0.0,0.0,38.2037624200412,77.25526570461743,86.88860639453246,0.0,0.0,0.0,0.0,0.0,85.99257653929284,0.0,0.0,0.0,0.0,0.0,0.0
32,8.0,R6Z1,135.51694144310966,0.0,135.0,0.0,0.0,58.958588978226196,40.331505982269604,0.0,0.0,0.0,0.0,0.0,0.0,2.354085651465958,0.0,640.0,0.0,0.0,0.0
32,8.0,R6Z2,125.17963335624026,0.0,135.0,59.71590006428485,8.791258560127932,0.0,0.0,0.0,83.82820310637658,0.0,0.0,0.0,140.08443459219174,2.354085651465958,0.0,640.0,0.0,0.0,0.0
32,8.0,R6Z3,141.48458992675913,0.0,0.0,0.0,0.0,80.42494939899292,43.1990266642475,0.0,41.91410155318829,0.0,0.0,0.0,82.50367029504825,0.0,0.0,0.0,0.0,0.0,0.0
32,8.0,R6Z4,131.80510166547384,0.0,0.0,0.0,0.0,24.83645655841652,97.84468008741823,0.0,41.91410155318829,0.0,0.0,0.0,78.23114945548957,0.0,0.0,0.0,0.0,0.0,0.0
32,8.0,R7Z1,109.74475772970786,0.0,135.0,66.44634628866292,88.80489339161416,1.4210854715202004e-14,0.0,0.0,41.91410155318829,0.0,0.0,0.0,0.0,2.354085651465958,0.0,640.0,0.0,0.0,0.0
32,8.0,R7Z2,123.05428210331077,0.0,135.0,69.72751469735442,7.8806232536488885,0.0,0.0,0.0,0.0,0.0,0.0,0.0,166.7827611787135,0.0,0.0,0.0,0.0,0.0,0.0
32,8.0,R7Z3,118.65248016920313,0.0,0.0,0.0,0.0,34.728514588420715,12.500741209004469,0.0,83.82820310637658,0.0,0.0,0.0,142.4340133511424,0.0,0.0,0.0,0.0,0.0,0.0
32,8.0,R7Z4,176.32652085974343,0.0,0.0,0.0,0.0,86.99544386207496,116.0806454220969,0.0,41.91410155318829,0.0,0.0,0.0,69.49529242774544,0.0,0.0,0.0,0.0,0.0,0.0
32,8.0,R7Z5,148.89283503724874,0.0,0.0,31.708119340202217,67.27932387708469,0.0,0.0,0.0,83.82820310637658,0.0,0.0,0.0,0.0,0.0,0.0,0.0,0.0,0.0,0.0
32,8.0,R7Z6,108.63504419432964,0.0,0.0,64.22112672052748,74.23709459642919,-1.4210854715202004e-14,0.0,0.0,83.82820310637658,0.0,0.0,0.0,0.0,0.0,0.0,0.0,0.0,0.0,0.0
32,8.0,R7Z7,149.7690477628176,0.0,0.0,59.596806998269585,40.90435278937828,0.0,0.0,0.0,0.0,0.0,0.0,0.0,69.80716373778847,0.0,0.0,0.0,0.0,0.0,0.0
32,8.0,R7Z8,148.0776913189073,0.0,0.0,0.0,0.0,86.02528016532003,9.406795637519672,0.0,83.82820310637658,0.0,0.0,0.0,148.27574633680487,0.0,0.0,0.0,0.0,0.0,0.0
32,8.0,R7Z9,129.01867710029947,0.0,0.0,66.53426390036076,51.1986975933513,0.0,0.0,0.0,83.82820310637658,0.0,0.0,0.0,81.07125297465853,0.0,0.0,0.0,0.0,0.0,0.0
32,8.0,R8Z1,132.95034709325037,0.0,135.0,0.0,0.0,46.88075791264683,51.07539215264475,0.0,41.91410155318829,0.0,0.0,0.0,86.32745356475671,2.354085651465958,0.0,640.0,0.0,0.0,0.0
32,8.0,R8Z2,106.49560264969858,0.0,135.0,60.48216818403972,92.18040445134028,0.0,0.0,0.0,41.91410155318829,0.0,0.0,0.0,150.38996587139746,0.0,0.0,0.0,0.0,0.0,0.0
32,8.0,R8Z3,97.36687152390911,0.0,0.0,0.0,0.0,48.138059364298215,60.64247094351976,0.0,41.91410155318829,0.0,0.0,0.0,175.94560252760854,0.0,0.0,0.0,0.0,0.0,0.0
32,8.0,R8Z4,135.91396539737832,0.0,0.0,47.172538300339895,68.57791246474243,0.0,0.0,0.0,0.0,0.0,0.0,0.0,0.0,0.0,0.0,0.0,0.0,0.0,0.0
32,8.0,R8Z5,147.2962060947744,0.0,0.0,0.0,0.0,49.91394763593269,122.01740663983384,0.0,41.91410155318829,0.0,0.0,0.0,87.5597526650361,0.0,0.0,0.0,0.0,0.0,0.0
32,8.0,R8Z6,143.19105858595307,0.0,0.0,24.365381161726177,50.17122614935235,-3.552713678800501e-15,0.0,0.0,41.91410155318829,0.0,0.0,0.0,0.0,0.0,0.0,0.0,0.0,0.0,0.0
32,8.0,R8Z7,143.49273303222256,0.0,0.0,0.0,0.0,65.28698262557083,46.803338972019816,0.0,0.0,0.0,0.0,0.0,81.1226535852648,0.0,0.0,0.0,0.0,0.0,0.0
32,8.0,R8Z8,153.6297782801162,0.0,0.0,63.993181209016996,197.78531693987253,0.5558629220585516,0.0,0.0,41.91410155318829,0.0,0.0,0.0,86.2508748432984,0.0,0.0,0.0,0.0,0.0,0.0
32,8.0,R9Z1,112.69034249285527,0.0,135.0,29.25409661204995,56.17500054299863,3.552713678800501e-15,0.0,0.0,41.91410155318829,0.0,0.0,0.0,0.0,2.354085651465958,0.0,640.0,0.0,0.0,0.0
32,8.0,R9Z2,121.12503716185401,0.0,135.0,0.0,0.0,32.37601728394605,68.99103439987728,0.0,41.91410155318829,0.0,0.0,0.0,76.69815412473802,2.354085651465958,0.0,640.0,0.0,0.0,0.0
32,8.0,R9Z3,133.73351642398492,0.0,0.0,57.4541002405024,48.94474528616054,-7.105427357601002e-15,0.0,0.0,83.82820310637658,0.0,0.0,0.0,140.98565320678043,0.0,0.0,0.0,0.0,0.0,0.0
32,8.0,R9Z4,127.75139035031448,0.0,0.0,0.0,0.0,66.56413910666755,129.54674007147463,0.0,41.91410155318829,0.0,0.0,0.0,73.9480364572239,0.0,0.0,0.0,0.0,0.0,0.0
32,8.0,R9Z5,120.27509260772165,0.0,0.0,50.8046798770189,93.59900164323058,0.0,0.0,0.0,41.91410155318829,0.0,0.0,0.0,154.01558032370113,0.0,0.0,0.0,0.0,0.0,0.0
32,8.0,R9Z6,140.2722272108893,0.0,0.0,28.03172363240295,32.7637034701763,0.5243208402152035,0.0,0.0,41.91410155318829,0.0,0.0,0.0,163.753429238595,0.0,0.0,0.0,0.0,0.0,0.0
32,8.0,R9Z7,102.23591371922711,0.0,0.0,0.0,0.0,94.79419719266933,25.983054037230318,0.0,0.0,0.0,0.0,0.0,78.48231175298915,0.0,0.0,0.0,0.0,0.0,0.0
32,8.0,R9Z8,128.25958062034186,0.0,0.0,55.33768556547328,36.621377751186415,7.105427357601002e-15,0.0,0.0,41.91410155318829,0.0,0.0,0.0,73.3332491372337,0.0,0.0,0.0,0.0,0.0,0.0
32,8.0,R9Z9,147.04782298169445,0.0,0.0,0.0,0.0,59.56492748260929,53.45117414646981,0.0,0.0,0.0,0.0,0.0,166.41739563363637,0.0,0.0,0.0,0.0,0.0,0.0
32,8.0,R9Z10,97.34330261859247,0.0,0.0,57.60637941086361,145.49992249100904,-1.4210854715202004e-14,0.0,0.0,0.0,0.0,0.0,0.0,0.0,0.0,0.0,0.0,0.0,0.0,0.0
32,8.0,R9Z11,126.54248026738593,0.0,0.0,27.638269184160578,75.81007208337726,7.105427357601002e-15,0.0,0.0,0.0,0.0,0.0,0.0,164.46916292105925,0.0,0.0,0.0,0.0,0.0,0.0
32,8.0,R10Z1,147.00320346772307,0.0,0.0,0.0,0.0,32.7001035722016,79.16105280162391,0.0,0.0,0.0,0.0,0.0,72.0963427478114,2.354085651465958,0.0,640.0,0.0,0.0,0.0
32,8.0,R10Z2,114.27980210307273,0.0,0.0,0.0,2.4654076556562003,47.18192675095216,162.25492156099602,0.0,0.0,0.0,0.0,0.0,171.6976306188913,2.354085651465958,0.0,640.0,0.0,0.0,0.0
32,8.0,R10Z3,102.72309857714603,0.0,0.0,0.0,0.0,91.49191761428887,98.21907650820349,0.0,0.0,0.0,0.0,0.0,82.5341872619671,0.0,0.0,0.0,0.0,0.0,0.0
32,8.0,R10Z4,121.02027987758095,0.0,0.0,27.082771138931314,33.59903420488106,3.552713678800501e-15,0.0,0.0,83.82820310637658,0.0,0.0,0.0,83.6806797987394,0.0,0.0,0.0,0.0,0.0,0.0
32,8.0,R10Z5,90.33616765628592,0.0,0.0,0.0,0.0,26.56897926477031,133.92881247397455,0.0,83.82820310637658,0.0,0.0,0.0,0.0,0.0,0.0,0.0,0.0,0.0,0.0
32,8.0,R10Z6,123.67198962460581,0.0,0.0,62.81903966305794,46.82030070606839,7.105427357601002e-15,0.0,0.0,83.82820310637658,0.0,0.0,0.0,70.99498872558972,0.0,0.0,0.0,0.0,0.0,0.0
32,8.0,R10Z7,107.66103895395281,0.0,0.0,0.0,0.0,25.64925787103527,44.11728608072887,0.0,83.82820310637658,0.0,0.0,0.0,85.88794192354445,0.0,0.0,0.0,0.0,0.0,0.0
32,8.0,R10Z8,100.90176361941336,0.0,0.0,33.62650881940239,35.10569827572253,-7.105427357601002e-15,0.0,0.0,0.0,0.0,0.0,0.0,83.1108956293738,0.0,0.0,0.0,0.0,0.0,0.0
32,8.0,R10Z9,130.42639095275004,0.0,0.0,29.732272875384368,44.88021633043955,-7.105427357601002e-15,0.0,0.0,41.91410155318829,0.0,0.0,0.0,0.0,0.0,0.0,0.0,0.0,0.0,0.0
32,8.0,R11Z1,166.52365355548676,0.0,135.0,0.0,0.0,70.24717274051274,173.30070197439704,0.0,83.82820310637658,0.0,0.0,0.0,162.25348203365562,0.0,0.0,0.0,0.0,0.0,0.0
32,8.0,R11Z2,123.27445611595947,0.0,135.0,32.51728660313477,42.26476384969349,7.105427357601002e-15,0.0,0.0,41.91410155318829,0.0,0.0,0.0,71.06303680637724,0.0,0.0,0.0,0.0,0.0,0.0
32,8.0,R11Z3,191.73793014218367,0.0,0.0,0.0,0.0,35.00236859821305,53.056736397600034,0.0,41.91410155318829,0.0,0.0,0.0,0.0,0.0,0.0,0.0,0.0,0.0,0.0
32,8.0,R11Z4,151.29785865285672,0.0,0.0,87.14338129628709,137.80835865373498,0.0,0.0,0.0,0.0,0.0,0.0,0.0,82.3922075693987,0.0,0.0,0.0,0.0,0.0,0.0
32,8.0,R11Z5,88.90683834341147,0.0,0.0,0.0,0.0,27.499863527034552,34.7716510609772,0.0,41.91410155318829,0.0,0.0,0.0,90.21531767197912,0.0,0.0,0.0,0.0,0.0,0.0
32,8.0,R11Z6,160.69419707145047,0.0,0.0,0.0,89.4182084516064,37.618107776248856,29.505301553905326,0.0,0.0,0.0,0.0,0.0,0.0,0.0,0.0,0.0,0.0,0.0,0.0
32,8.0,R11Z7,130.01588615116432,0.0,0.0,27.864721894194517,68.84717334142667,0.0,0.0,0.0,41.91410155318829,0.0,0.0,0.0,0.0,0.0,0.0,0.0,0.0,0.0,0.0
32,8.0,R11Z8,104.28730278167484,0.0,0.0,53.41056560122945,128.7077202957446,-7.105427357601002e-15,0.0,0.0,41.91410155318829,0.0,0.0,0.0,162.0966044211051,0.0,0.0,0.0,0.0,0.0,0.0
32,8.0,R12Z1,137.42841896357157,0.0,135.0,78.8308628499254,106.99988415924729,0.0,0.0,0.0,83.82820310637658,0.0,0.0,0.0,139.93304553066426,0.0,0.0,0.0,0.0,0.0,0.0
32,8.0,R12Z2,165.74194045222092,0.0,135.0,0.0,0.0,27.06035613021454,131.19086291007187,0.0,41.91410155318829,0.0,0.0,0.0,89.25800042139515,0.0,0.0,0.0,0.0,0.0,0.0
32,8.0,R12Z3,128.05835853494645,0.0,0.0,56.40495661455074,29.739300367207417,38.75027540841626,0.0,0.0,41.91410155318829,0.0,0.0,0.0,161.7356474206221,0.0,0.0,0.0,0.0,0.0,0.0
32,8.0,R12Z4,127.60702894594505,0.0,0.0,0.0,0.0,86.50851876584154,28.17511558697273,0.0,0.0,0.0,0.0,0.0,0.0,0.0,0.0,0.0,0.0,0.0,0.0
32,8.0,R12Z5,125.93501086641483,0.0,0.0,0.0,0.0,29.670053797471137,56.96183923871835,0.0,0.0,0.0,0.0,0.0,153.11808659135946,0.0,0.0,0.0,0.0,0.0,0.0
32,8.0,R12Z6,119.70926509006496,0.0,0.0,30.416808833395336,66.07832144406157,22.187845608917662,0.0,0.0,0.0,0.0,0.0,0.0,0.0,0.0,0.0,0.0,0.0,0.0,0.0
32,8.0,R12Z7,129.84118394199479,0.0,0.0,71.75627956946443,55.30068847951249,0.0,0.0,0.0,83.82820310637658,0.0,0.0,0.0,0.0,0.0,0.0,0.0,0.0,0.0,0.0
32,8.0,R12Z8,166.17434776959453,0.0,0.0,50.94824697822051,54.064790484297916,0.0,0.0,0.0,0.0,0.0,0.0,0.0,73.95698062604814,0.0,0.0,0.0,0.0,0.0,0.0
32,8.0,R12Z9,123.64471372893661,0.0,0.0,28.530194077336517,49.80122520939365,0.0,0.0,0.0,83.82820310637658,0.0,0.0,0.0,167.8026978980666,0.0,0.0,0.0,0.0,0.0,0.0
33,8.25,R1Z1,97.46375294612783,0.0,0.0,83.73670717747083,80.65723079485954,1.4210854715202004e-14,0.0,0.0,92.49940924396905,0.0,0.0,0.0,153.2847582539202,0.0,0.0,591.9064725651953,0.0,0.0,0.0
33,8.25,R1Z2,86.77120865344371,0.0,0.0,25.223548860021126,71.82675895244643,3.552713678800501e-15,0.0,0.0,92.49940924396905,0.0,0.0,0.0,136.38695069839005,0.0,0.0,0.0,0.0,0.0,0.0
33,8.25,R1Z3,162.52717178487703,0.0,0.0,93.09818270293036,45.396399469314865,1.4210854715202004e-14,0.0,0.0,46.24970462198453,0.0,0.0,0.0,23.452935433759656,0.0,0.0,0.0,0.0,0.0,0.0
33,8.25,R1Z4,93.2479112945191,0.0,0.0,87.45104779120362,67.35699451578364,1.4210854715202004e-14,0.0,0.0,92.49940924396905,0.0,0.0,0.0,0.0,0.0,0.0,0.0,0.0,0.0,0.0
33,8.25,R1Z5,142.94966192360758,0.0,0.0,52.60331901108604,31.364250537127916,0.0,0.0,0.0,92.49940924396905,0.0,0.0,0.0,0.0,0.0,0.0,0.0,0.0,0.0,0.0
33,8.25,R1Z6,151.5159865633207,0.0,0.0,63.45082134799847,104.13264520204913,7.105427357601002e-15,0.0,0.0,0.0,0.0,0.0,0.0,0.5380331481397045,0.0,0.0,0.0,0.0,0.0,0.0
33,8.25,R1Z7,148.05960062345093,0.0,0.0,24.411295034491673,50.08253410263532,-7.105427357601002e-15,0.0,0.0,46.24970462198453,0.0,0.0,0.0,46.42340992118824,0.0,0.0,0.0,0.0,0.0,0.0
33,8.25,R1Z8,117.89993583064997,0.0,0.0,29.577511778656856,70.82565550039834,-3.552713678800501e-15,0.0,0.0,0.0,0.0,0.0,0.0,0.0,0.0,0.0,0.0,0.0,0.0,0.0
33,8.25,R1Z9,121.05618297613997,0.0,0.0,57.65174048401083,92.54895275829197,-7.105427357601002e-15,0.0,0.0,0.0,0.0,49.344121175153546,0.0,93.26231797941331,0.0,0.0,0.0,0.0,0.0,0.0
33,8.25,R1Z10,125.73531202952334,0.0,0.0,68.86447642545231,11.601910459425897,0.0,0.0,0.0,0.0,0.0,0.0,0.0,26.410293624127107,0.0,0.0,0.0,0.0,0.0,0.0
33,8.25,R2Z1,151.13718901538596,0.0,135.0,110.60496104728917,31.274203695688826,0.0,0.0,0.0,0.0,0.0,0.0,0.0,75.41737745801973,2.354085651465958,0.0,640.0,0.0,0.0,0.0
33,8.25,R2Z2,112.04232167671938,0.0,135.0,67.76968042539131,15.340862564623066,0.0,0.0,0.0,0.0,0.0,0.0,0.0,81.51314969337258,2.354085651465958,0.0,640.0,0.0,0.0,0.0
33,8.25,R2Z3,107.31743521981889,0.0,0.0,91.6498776161756,32.35687816557494,0.0,0.0,0.0,46.24970462198453,0.0,0.0,0.0,70.56115842890623,0.0,0.0,0.0,0.0,0.0,0.0
33,8.25,R2Z4,141.48920066430676,0.0,0.0,32.23488357338756,56.17503596868255,0.0,0.0,0.0,92.49940924396905,0.0,0.0,0.0,0.0,0.0,0.0,0.0,0.0,0.0,0.0
33,8.25,R2Z5,128.5131767204552,0.0,0.0,0.0,0.0,37.05601515498927,76.33881234695583,0.0,46.24970462198453,0.0,0.0,0.0,0.0,0.0,0.0,0.0,0.0,0.0,0.0
33,8.25,R2Z6,105.14587332487258,0.0,0.0,48.98498933353129,70.69633114295961,0.0,0.0,0.0,92.49940924396905,0.0,0.0,0.0,170.3688539262085,0.0,0.0,0.0,0.0,0.0,0.0
33,8.25,R2Z7,141.05682437346968,0.0,0.0,0.0,0.0,30.81940864044332,34.65884741633956,0.0,92.49940924396905,0.0,0.0,0.0,87.04831241118094,0.0,0.0,0.0,0.0,0.0,0.0
33,8.25,R2Z8,112.13001825069848,0.0,0.0,0.0,14.878164408537941,74.3392036678221,13.787127668024642,0.0,0.0,0.0,0.0,0.0,89.7001684553319,0.0,0.0,0.0,0.0,0.0,0.0
33,8.25,R2Z9,118.79902470483852,0.0,0.0,0.0,0.0,22.27303323279746,41.90440987492822,0.0,46.24970462198453,0.0,0.0,0.0,82.04127453682094,0.0,0.0,0.0,0.0,0.0,0.0
33,8.25,R3Z1,125.56122295433391,0.0,0.0,93.9131155338722,3.9530379519154635,0.0,0.0,0.0,0.0,0.0,0.0,0.0,0.0,0.0,0.0,0.0,0.0,0.0,0.0
33,8.25,R3Z2,130.25317785919106,0.0,0.0,0.0,15.186212951066906,93.80055155422777,25.028981368834245,0.0,92.49940924396905,0.0,0.0,0.0,163.41422525865462,0.0,0.0,0.0,0.0,0.0,0.0
33,8.25,R3Z3,101.64138009575275,0.0,0.0,29.215996182958307,48.61829617430351,0.0,0.0,0.0,46.24970462198453,0.0,0.0,0.0,0.0,0.0,0.0,0.0,0.0,0.0,0.0
33,8.25,R4Z1,139.65976020486244,0.0,135.0,26.235722625196175,40.98459004175754,0.0,0.0,0.0,92.49940924396905,0.0,0.0,0.0,80.84686122421175,0.0,0.0,0.0,0.0,0.0,0.0
33,8.25,R4Z2,146.33129114191217,0.0,0.0,101.32873755108596,31.135504936207155,0.0,0.0,0.0,92.49940924396905,0.0,0.0,0.0,159.82267390534923,0.0,0.0,0.0,0.0,0.0,0.0
33,8.25,R4Z3,110.8494846007483,0.0,0.0,0.0,0.0,55.036764369661135,84.79964485278926,0.0,0.0,0.0,0.0,0.0,0.0,0.0,0.0,0.0,0.0,0.0,0.0
33,8.25,R4Z4,162.1809272074263,0.0,0.0,0.0,0.0,29.873262228741957,5.367389448715811,0.0,0.0,0.0,0.0,0.0,0.0,0.0,0.0,0.0,0.0,0.0,0.0
33,8.25,R4Z5,142.58727243650029,0.0,0.0,0.0,0.0,31.72957351009094,81.07710800891442,0.0,92.49940924396905,0.0,0.0,0.0,0.0,0.0,0.0,0.0,0.0,0.0,0.0
33,8.25,R4Z6,91.77218397501377,0.0,0.0,66.5438286490625,24.357601427227927,1.4210854715202004e-14,0.0,0.0,92.49940924396905,0.0,0.0,0.0,152.1082483707985,0.0,0.0,0.0,0.0,0.0,0.0
33,8.25,R4Z7,122.96988317695252,0.0,0.0,68.84425787839164,69.90105449429048,1.4210854715202004e-14,0.0,0.0,92.49940924396905,0.0,0.0,0.0,0.0,0.0,0.0,0.0,0.0,0.0,0.0
33,8.25,R4Z8,116.97020688276301,0.0,0.0,54.027327939122216,18.31825923063091,0.0,0.0,0.0,92.49940924396905,0.0,0.0,0.0,0.0,0.0,0.0,0.0,0.0,0.0,0.0
33,8.25,R4Z9,128.19355599388933,0.0,0.0,61.79441448482861,98.22521266790856,-7.105427357601002e-15,0.0,0.0,0.0,0.0,0.0,0.0,88.04186601405631,0.0,0.0,0.0,0.0,0.0,0.0
33,8.25,R4Z10,116.77218994611908,0.0,0.0,0.0,9.676028308644192,25.287100305922895,58.23907440680513,0.0,0.0,0.0,0.0,0.0,89.69038194563527,0.0,0.0,0.0,0.0,0.0,0.0
33,8.25,R4Z11,113.99821151307039,0.0,0.0,0.0,0.0,50.18173596485439,22.225586684074564,0.0,46.24970462198453,0.0,0.0,0.0,82.9759788299692,0.0,0.0,0.0,0.0,0.0,0.0
33,8.25,R5Z1,117.09805944218914,0.0,135.0,0.0,0.0,107.76889696788793,46.97939152014659,0.0,0.0,0.0,0.0,0.0,72.44119970875916,0.0,0.0,0.0,0.0,0.0,0.0
33,8.25,R5Z2,104.18075540317277,0.0,135.0,0.0,0.0,27.6574215747141,35.62616045683995,0.0,46.24970462198453,0.0,0.0,0.0,172.36106542024137,0.0,0.0,0.0,0.0,0.0,0.0
33,8.25,R5Z3,123.87956080239329,0.0,0.0,0.0,0.0,90.44195566286423,172.93788626599604,0.0,46.24970462198453,0.0,0.0,0.0,146.1953850927841,0.0,0.0,0.0,0.0,0.0,0.0
33,8.25,R5Z4,107.071497211655,0.0,0.0,1.473475051841035,39.81819130848896,87.66113815752323,0.0,0.0,92.49940924396905,0.0,0.0,0.0,0.0,0.0,0.0,0.0,0.0,0.0,0.0
33,8.25,R5Z5,101.79340213517963,0.0,0.0,31.928749284456927,74.52522601650288,3.552713678800501e-15,0.0,0.0,46.24970462198453,0.0,0.0,0.0,80.43084582055228,0.0,0.0,0.0,0.0,0.0,0.0
33,8.25,R5Z6,149.7040590491162,0.0,0.0,19.33764740311618,34.08302144100743,12.717697344018205,0.0,0.0,92.49940924396905,0.0,0.0,0.0,163.26733671821745,0.0,0.0,0.0,0.0,0.0,0.0
33,8.25,R5Z7,105.60793267925904,0.0,0.0,0.0,0.0,61.3460598481896,35.47924346252077,0.0,0.0,0.0,0.0,0.0,88.57839195156242,0.0,0.0,0.0,0.0,0.0,0.0
33,8.25,R5Z8,125.85344766458905,0.0,0.0,59.59085262593858,50.6210649629199,-7.105427357601002e-15,0.0,0.0,46.24970462198453,0.0,0.0,0.0,164.86532534004115,0.0,0.0,0.0,0.0,0.0,0.0
33,8.25,R5Z9,139.57484996048655,0.0,0.0,0.0,0.0,82.4495510252154,21.08495121669752,0.0,0.0,0.0,0.0,0.0,85.89641728629479,0.0,0.0,0.0,0.0,0.0,0.0
33,8.25,R6Z1,121.41236629752042,0.0,135.0,70.84688945762872,31.716578846945545,-1.4210854715202004e-14,0.0,0.0,0.0,595.9394580021076,0.0,0.0,0.0,2.354085651465958,0.0,640.0,0.0,0.0,0.0
33,8.25,R6Z2,116.42767803555022,0.0,135.0,0.0,0.0,59.82290870509506,39.075649188236795,0.0,92.49940924396905,0.0,0.0,0.0,139.92778834283925,2.354085651465958,0.0,640.0,0.0,0.0,0.0
33,8.25,R6Z3,146.49301558227268,0.0,0.0,87.4357810742691,70.48948726076807,1.4210854715202004e-14,0.0,0.0,46.24970462198453,0.0,0.0,0.0,82.41141243251586,0.0,0.0,0.0,0.0,0.0,0.0
33,8.25,R6Z4,143.60529812886037,0.0,0.0,0.0,0.0,28.643246297412325,73.97169559609556,0.0,46.24970462198453,0.0,0.0,0.0,78.14366924271351,0.0,0.0,0.0,0.0,0.0,0.0
33,8.25,R7Z1,129.75748069933823,0.0,135.0,0.0,0.0,65.16358244751088,0.0,0.0,46.24970462198453,0.0,0.0,0.0,0.0,2.354085651465958,0.0,640.0,0.0,0.0,0.0
33,8.25,R7Z2,145.23087721732082,0.0,135.0,24.33662594943958,38.43667099581408,45.5038404709145,0.0,0.0,0.0,0.0,0.0,0.0,166.59626012974718,0.0,0.0,0.0,0.0,0.0,0.0
33,8.25,R7Z3,124.47822583552805,0.0,0.0,0.0,0.0,31.022567857991262,34.638651390211486,0.0,92.49940924396905,0.0,0.0,0.0,142.27473973850562,0.0,0.0,0.0,0.0,0.0,0.0
33,8.25,R7Z4,165.504184746518,0.0,0.0,0.0,0.0,106.7783117143063,98.27766872946401,0.0,46.24970462198453,0.0,0.0,0.0,69.41758088942818,0.0,0.0,0.0,0.0,0.0,0.0
33,8.25,R7Z5,145.4542452731763,0.0,0.0,27.336177515081488,116.92083077903197,7.105427357601002e-15,0.0,0.0,92.49940924396905,0.0,0.0,0.0,0.0,0.0,0.0,0.0,0.0,0.0,0.0
33,8.25,R7Z6,99.49211793011015,0.0,0.0,0.0,0.0,58.40261648747773,30.697984932085625,0.0,92.49940924396905,0.0,0.0,0.0,0.0,0.0,0.0,0.0,0.0,0.0,0.0
33,8.25,R7Z7,127.92953727585218,0.0,0.0,0.0,0.0,53.90229939291031,58.33528460656909,0.0,0.0,0.0,0.0,0.0,69.72910345643534,0.0,0.0,0.0,0.0,0.0,0.0
33,8.25,R7Z8,136.92976137821375,0.0,0.0,0.0,0.0,102.21464851723508,54.895203586323106,0.0,92.49940924396905,0.0,0.0,0.0,148.10994033843525,0.0,0.0,0.0,0.0,0.0,0.0
33,8.25,R7Z9,120.01073293194091,0.0,0.0,58.97806037199476,26.598651950992608,0.0,0.0,0.0,92.49940924396905,0.0,0.0,0.0,80.98059688038397,0.0,0.0,0.0,0.0,0.0,0.0
33,8.25,R8Z1,142.00179029773696,0.0,135.0,0.0,0.0,49.86581290043163,16.34341302737107,0.0,46.24970462198453,0.0,0.0,0.0,86.23091984310206,2.354085651465958,0.0,640.0,0.0,0.0,0.0
33,8.25,R8Z2,106.8746336770617,0.0,135.0,0.0,0.0,69.21393214295085,9.584981817505676,0.0,46.24970462198453,0.0,0.0,0.0,150.22179569487082,0.0,0.0,0.0,0.0,0.0,0.0
33,8.25,R8Z3,101.49774518270307,0.0,0.0,59.03448013041091,0.0,0.0,0.0,0.0,46.24970462198453,0.0,0.0,0.0,175.74885533862746,0.0,0.0,0.0,0.0,0.0,0.0
33,8.25,R8Z4,145.1525580463376,0.0,0.0,0.0,0.0,56.785898038231146,0.0,0.0,0.0,0.0,0.0,0.0,0.0,0.0,0.0,0.0,0.0,0.0,0.0
33,8.25,R8Z5,172.36245748107095,0.0,0.0,54.657565285099665,84.028741493688,-7.105427357601002e-15,0.0,0.0,46.24970462198453,0.0,0.0,0.0,87.46184095279527,0.0,0.0,0.0,0.0,0.0,0.0
33,8.25,R8Z6,144.2481823404136,0.0,0.0,0.0,6.913913541897301,26.69559823471721,25.654773660913037,0.0,46.24970462198453,0.0,0.0,0.0,0.0,0.0,0.0,0.0,0.0,0.0,0.0
33,8.25,R8Z7,141.34438705144467,0.0,0.0,53.02452750620412,24.76817439764847,0.0,0.0,0.0,0.0,0.0,0.0,0.0,81.03194001342045,0.0,0.0,0.0,0.0,0.0,0.0
33,8.25,R8Z8,137.02757641738918,0.0,0.0,67.8198671248801,91.81466906676953,0.0,0.0,0.0,46.24970462198453,0.0,0.0,0.0,86.15442675406631,0.0,0.0,0.0,0.0,0.0,0.0
33,8.25,R9Z1,128.53479781270758,0.0,135.0,33.05669876126331,35.03020666854889,0.0,0.0,0.0,46.24970462198453,0.0,0.0,0.0,0.0,2.354085651465958,0.0,640.0,0.0,0.0,0.0
33,8.25,R9Z2,140.70222654452817,0.0,135.0,0.0,0.0,31.63758626065999,45.00630619697514,0.0,46.24970462198453,0.0,0.0,0.0,76.61238814930417,2.354085651465958,0.0,640.0,0.0,0.0,0.0
33,8.25,R9Z3,137.35398313083007,0.0,0.0,60.615092229584214,24.403408444097657,-7.105427357601002e-15,0.0,0.0,92.49940924396905,0.0,0.0,0.0,140.82799919010364,0.0,0.0,0.0,0.0,0.0,0.0
33,8.25,R9Z4,137.88827252788042,0.0,0.0,0.0,126.81819971508537,75.65441111431969,44.07516157545143,0.0,46.24970462198453,0.0,0.0,0.0,73.86534573864601,0.0,0.0,0.0,0.0,0.0,0.0
33,8.25,R9Z5,134.54105717165405,0.0,0.0,0.0,0.0,51.33310092190981,104.17626257734699,0.0,46.24970462198453,0.0,0.0,0.0,153.8433558858484,0.0,0.0,0.0,0.0,0.0,0.0
33,8.25,R9Z6,125.4681749009088,0.0,0.0,30.899359758579134,26.989656169481503,0.0,0.0,0.0,46.24970462198453,0.0,0.0,0.0,163.5703156715273,0.0,0.0,0.0,0.0,0.0,0.0
33,8.25,R9Z7,98.75334059536002,0.0,0.0,0.0,0.0,90.84365835704197,36.57928034937976,0.0,0.0,0.0,0.0,0.0,78.39455068365686,0.0,0.0,0.0,0.0,0.0,0.0
33,8.25,R9Z8,144.39534841102088,0.0,0.0,0.0,0.0,67.96114608134825,35.38263304286995,0.0,46.24970462198453,0.0,0.0,0.0,73.25124589066586,0.0,0.0,0.0,0.0,0.0,0.0
33,8.25,R9Z9,152.59573070647437,0.0,0.0,55.07437059096416,37.884335895694925,5.372619880204546,0.0,0.0,0.0,0.0,0.0,0.0,166.23130314642384,0.0,0.0,0.0,0.0,0.0,0.0
33,8.25,R9Z10,121.95764934658571,0.0,0.0,59.22858531053157,182.9761087575901,0.0,0.0,0.0,0.0,0.0,0.0,0.0,0.0,0.0,0.0,0.0,0.0,0.0,0.0
33,8.25,R9Z11,129.3180252264902,0.0,0.0,32.370836267561145,124.4983706876227,0.0,0.0,0.0,0.0,0.0,0.0,0.0,164.28524900099575,0.0,0.0,0.0,0.0,0.0,0.0
33,8.25,R10Z1,151.13966548166184,0.0,0.0,0.0,0.0,35.093965275055055,71.75114571296731,0.0,0.0,595.9394580021076,0.0,0.0,72.01572264382658,2.354085651465958,0.0,640.0,0.0,0.0,0.0
33,8.25,R10Z2,114.92162461703705,0.0,0.0,57.01626448636338,152.5285139385853,0.0,0.0,0.0,0.0,0.0,0.0,0.0,171.50563362838014,2.354085651465958,0.0,640.0,0.0,0.0,0.0
33,8.25,R10Z3,84.8369558658662,0.0,0.0,0.0,0.0,102.23590424736584,112.48405230097488,0.0,0.0,0.0,0.0,0.0,82.44189527452694,0.0,0.0,0.0,0.0,0.0,0.0
33,8.25,R10Z4,136.72448971646423,0.0,0.0,30.86780932104115,38.08465140318114,0.0,0.0,0.0,92.49940924396905,0.0,0.0,0.0,83.58710577196119,0.0,0.0,0.0,0.0,0.0,0.0
33,8.25,R10Z5,84.79642510857335,0.0,0.0,31.098762555310323,58.52826173086424,-3.552713678800501e-15,0.0,0.0,92.49940924396905,0.0,0.0,0.0,0.0,0.0,0.0,0.0,0.0,0.0,0.0
33,8.25,R10Z6,95.84637029879191,0.0,0.0,66.94651518634024,55.95133188017751,0.0,0.0,0.0,92.49940924396905,0.0,0.0,0.0,70.91560018582038,0.0,0.0,0.0,0.0,0.0,0.0
33,8.25,R10Z7,93.8668106619516,0.0,0.0,0.0,0.0,25.920847956463877,127.56035710186653,0.0,92.49940924396905,0.0,0.0,0.0,85.79189967583794,0.0,0.0,0.0,0.0,0.0,0.0
33,8.25,R10Z8,118.91379343738201,0.0,0.0,33.38745581712777,32.95276509106752,0.0,0.0,0.0,0.0,0.0,0.0,0.0,83.01795875085072,0.0,0.0,0.0,0.0,0.0,0.0
33,8.25,R10Z9,101.48145507236791,0.0,0.0,0.0,0.0,27.261038601185717,61.94787864062684,0.0,46.24970462198453,0.0,0.0,0.0,0.0,0.0,0.0,0.0,0.0,0.0,0.0
33,8.25,R11Z1,191.24833216873665,0.0,135.0,38.62605975956848,119.95384972652829,31.70426455740828,0.0,0.0,92.49940924396905,0.0,0.0,0.0,162.0720457486112,0.0,0.0,0.0,0.0,0.0,0.0
33,8.25,R11Z2,114.88625313602617,0.0,135.0,38.15881170410489,30.447608567909683,0.0,0.0,0.0,46.24970462198453,0.0,0.0,0.0,70.98357217338126,0.0,0.0,0.0,0.0,0.0,0.0
33,8.25,R11Z3,181.45529590400108,0.0,0.0,39.98602427025464,44.613067745352744,0.0,0.0,0.0,46.24970462198453,0.0,0.0,0.0,0.0,0.0,0.0,0.0,0.0,0.0,0.0
33,8.25,R11Z4,138.69509820317964,0.0,0.0,41.903959122641396,126.85791892719894,57.928830433735655,0.0,0.0,0.0,0.0,0.0,0.0,82.30007434753725,0.0,0.0,0.0,0.0,0.0,0.0
33,8.25,R11Z5,84.68487369836456,0.0,0.0,26.416916988695654,22.992468112293643,3.552713678800501e-15,0.0,0.0,46.24970462198453,0.0,0.0,0.0,90.1144364342556,0.0,0.0,0.0,0.0,0.0,0.0
33,8.25,R11Z6,168.17650669127968,0.0,0.0,0.0,0.0,39.181748201632274,68.35917451418892,0.0,0.0,0.0,0.0,0.0,0.0,0.0,0.0,0.0,0.0,0.0,0.0
33,8.25,R11Z7,137.93125406569237,0.0,0.0,32.6584885277973,86.07377658381563,0.0,0.0,0.0,46.24970462198453,0.0,0.0,0.0,0.0,0.0,0.0,0.0,0.0,0.0,0.0
33,8.25,R11Z8,113.91699925798592,0.0,0.0,0.0,0.0,65.62059140702115,115.8828433552787,0.0,46.24970462198453,0.0,0.0,0.0,161.9153435609013,0.0,0.0,0.0,0.0,0.0,0.0
33,8.25,R12Z1,114.89578595056128,0.0,135.0,0.0,0.0,79.80750349384166,109.28402785307719,0.0,92.49940924396905,0.0,0.0,0.0,139.7765685687044,0.0,0.0,0.0,0.0,0.0,0.0
33,8.25,R12Z2,174.94777974881677,0.0,135.0,25.554037174573637,137.14360569219122,-3.552713678800501e-15,0.0,0.0,46.24970462198453,0.0,0.0,0.0,89.15818968202629,0.0,0.0,0.0,0.0,0.0,0.0
33,8.25,R12Z3,115.40141331556826,0.0,0.0,45.05666653532092,24.09504215826282,65.27374235600166,0.0,0.0,46.24970462198453,0.0,0.0,0.0,161.55479019241687,0.0,0.0,0.0,0.0,0.0,0.0
33,8.25,R12Z4,164.01743707736543,0.0,0.0,104.15444131998173,25.24553877295482,0.0,0.0,0.0,0.0,0.0,0.0,0.0,0.0,0.0,0.0,0.0,0.0,0.0,0.0
33,8.25,R12Z5,141.2586590627205,0.0,0.0,0.5778764537840857,70.62673960477613,30.23743969958676,0.0,0.0,0.0,0.0,0.0,0.0,152.9468657555657,0.0,0.0,0.0,0.0,0.0,0.0
33,8.25,R12Z6,116.96118305783443,0.0,0.0,0.0,0.0,47.25395324800162,63.45740963624033,0.0,0.0,0.0,0.0,0.0,0.0,0.0,0.0,0.0,0.0,0.0,0.0
33,8.25,R12Z7,116.73185800094684,0.0,0.0,84.83522803684907,55.08652171353013,1.4210854715202004e-14,0.0,0.0,92.49940924396905,0.0,0.0,0.0,0.0,0.0,0.0,0.0,0.0,0.0,0.0
33,8.25,R12Z8,187.1524349616817,0.0,0.0,57.45431699352376,45.173786182460546,-7.105427357601002e-15,0.0,0.0,0.0,0.0,0.0,0.0,73.87427990585583,0.0,0.0,0.0,0.0,0.0,0.0
33,8.25,R12Z9,120.39028445976466,0.0,0.0,0.0,0.0,36.428630538013756,46.594224786109585,0.0,92.49940924396905,0.0,0.0,0.0,167.61505632794152,0.0,0.0,0.0,0.0,0.0,0.0
34,8.5,R1Z1,98.564901085749,0.0,0.0,76.56434075009554,0.0,0.0,0.0,0.0,111.20057630590313,0.0,0.0,0.0,153.113351041311,0.0,0.0,591.3987867722523,0.0,0.0,0.0
34,8.5,R1Z2,82.9910065763881,0.0,0.0,25.76211735514982,59.52341153463215,-7.105427357601002e-15,0.0,0.0,111.20057630590313,0.0,0.0,0.0,136.23443907674041,0.0,0.0,0.0,0.0,0.0,0.0
34,8.5,R1Z3,164.86773994954734,0.0,0.0,82.72686985637387,0.8817215701383407,0.0,0.0,0.0,55.60028815295156,0.0,0.0,0.0,23.426709719370333,0.0,0.0,0.0,0.0,0.0,0.0
34,8.5,R1Z4,101.98998373574513,0.0,0.0,95.60983855451275,24.769417045659047,0.0,0.0,0.0,111.20057630590313,0.0,0.0,0.0,0.0,0.0,0.0,0.0,0.0,0.0,0.0
34,8.5,R1Z5,165.81262004702387,0.0,0.0,48.16702451982544,20.957906836496882,-7.105427357601002e-15,0.0,0.0,111.20057630590313,0.0,0.0,0.0,0.0,0.0,0.0,0.0,0.0,0.0,0.0
34,8.5,R1Z6,159.40400563004943,0.0,0.0,81.96990070626647,71.42090280189039,-1.4210854715202004e-14,0.0,0.0,0.0,0.0,0.0,0.0,0.5374315047456417,0.0,0.0,0.0,0.0,0.0,0.0
34,8.5,R1Z7,132.15103361117906,0.0,0.0,26.395397122679903,38.35449981465417,3.552713678800501e-15,0.0,0.0,55.60028815295156,0.0,0.0,0.0,46.3714979934464,0.0,0.0,0.0,0.0,0.0,0.0
34,8.5,R1Z8,106.91428326662981,0.0,0.0,29.519070664247707,62.694155347143735,0.0,0.0,0.0,0.0,0.0,0.0,0.0,0.0,0.0,0.0,0.0,0.0,0.0,0.0
34,8.5,R1Z9,114.40961561979607,0.0,0.0,59.78783936437157,0.0,0.0,0.0,0.0,0.0,0.0,0.0,83.0570462635527,71.61099366372055,0.0,0.0,0.0,0.0,0.0,0.0
34,8.5,R1Z10,119.01303927637709,0.0,0.0,88.26028910028032,21.252203085763295,0.0,0.0,0.0,0.0,0.0,0.0,0.0,26.380760910856274,0.0,0.0,0.0,0.0,0.0,0.0
34,8.5,R2Z1,152.54576977398798,0.0,135.0,0.0,0.0,112.55556481479977,53.82040124973973,0.0,0.0,0.0,0.0,0.0,75.33304368211384,2.354085651465958,0.0,640.0,0.0,0.0,0.0
34,8.5,R2Z2,104.28595185186734,0.0,135.0,0.0,0.0,69.31010223881133,20.243975109381722,0.0,0.0,0.0,0.0,0.0,81.42199945809092,2.354085651465958,0.0,640.0,0.0,0.0,0.0
34,8.5,R2Z3,109.02811334751303,0.0,0.0,102.38139418123453,34.33314471081943,0.0,0.0,0.0,55.60028815295156,0.0,0.0,0.0,70.48225501005007,0.0,0.0,0.0,0.0,0.0,0.0
34,8.5,R2Z4,155.32981030828697,0.0,0.0,34.68798790971408,18.15317605293867,0.0,0.0,0.0,111.20057630590313,0.0,0.0,0.0,0.0,0.0,0.0,0.0,0.0,0.0,0.0
34,8.5,R2Z5,128.80938414766683,0.0,0.0,0.0,0.0,30.056657675653003,68.83858744612449,0.0,55.60028815295156,0.0,0.0,0.0,0.0,0.0,0.0,0.0,0.0,0.0,0.0
34,8.5,R2Z6,115.07398282629094,0.0,0.0,55.07071150750986,58.30768691765399,7.105427357601002e-15,0.0,0.0,111.20057630590313,0.0,0.0,0.0,170.17834281016823,0.0,0.0,0.0,0.0,0.0,0.0
34,8.5,R2Z7,156.76668322081852,0.0,0.0,32.95812111077059,11.86546867260899,0.0,0.0,0.0,111.20057630590313,0.0,0.0,0.0,86.95097260543184,0.0,0.0,0.0,0.0,0.0,0.0
34,8.5,R2Z8,103.97205265478742,0.0,0.0,0.0,30.789432411429686,86.34832818776228,8.295138156894616,0.0,0.0,0.0,0.0,0.0,89.59986327156383,0.0,0.0,0.0,0.0,0.0,0.0
34,8.5,R2Z9,118.42979741709298,0.0,0.0,0.0,0.0,24.951785322188957,52.93361973644538,0.0,55.60028815295156,0.0,0.0,0.0,81.94953373788275,0.0,0.0,0.0,0.0,0.0,0.0
34,8.5,R3Z1,133.35458710185935,0.0,0.0,101.31690547286809,8.024453081860734,0.0,0.0,0.0,0.0,0.0,0.0,0.0,0.0,0.0,0.0,0.0,0.0,0.0,0.0
34,8.5,R3Z2,104.32170026790378,0.0,0.0,79.45250296602106,20.7255850993669,0.0,0.0,0.0,111.20057630590313,0.0,0.0,0.0,163.23149099876247,0.0,0.0,0.0,0.0,0.0,0.0
34,8.5,R3Z3,110.97156324737672,0.0,0.0,29.579475585058688,56.17154458110848,3.552713678800501e-15,0.0,0.0,55.60028815295156,0.0,0.0,0.0,0.0,0.0,0.0,0.0,0.0,0.0,0.0
34,8.5,R4Z1,140.11110179200466,0.0,135.0,0.0,0.0,25.888612876205713,50.65012399183001,0.0,111.20057630590313,0.0,0.0,0.0,80.75645605093491,0.0,0.0,0.0,0.0,0.0,0.0
34,8.5,R4Z2,150.87150014740294,0.0,0.0,97.68535345792134,31.910824943174138,-1.4210854715202004e-14,0.0,0.0,111.20057630590313,0.0,0.0,0.0,159.64395581649345,0.0,0.0,0.0,0.0,0.0,0.0
34,8.5,R4Z3,112.56463814427322,0.0,0.0,0.0,0.0,62.65082435388979,61.432769647027605,0.0,0.0,0.0,0.0,0.0,0.0,0.0,0.0,0.0,0.0,0.0,0.0
34,8.5,R4Z4,146.8234774551414,0.0,0.0,0.0,0.0,34.174048189403706,28.65365917887585,0.0,0.0,0.0,0.0,0.0,0.0,0.0,0.0,0.0,0.0,0.0,0.0
34,8.5,R4Z5,140.16121321912678,0.0,0.0,33.91712962493838,64.27075877232417,0.0,0.0,0.0,111.20057630590313,0.0,0.0,0.0,0.0,0.0,0.0,0.0,0.0,0.0,0.0
34,8.5,R4Z6,97.98579645660782,0.0,0.0,66.92796797663749,5.078959346172174,0.0,0.0,0.0,111.20057630590313,0.0,0.0,0.0,151.93815676374572,0.0,0.0,0.0,0.0,0.0,0.0
34,8.5,R4Z7,131.09062984317615,0.0,0.0,0.0,0.0,67.64128146187015,105.819031574937,0.0,111.20057630590313,0.0,0.0,0.0,0.0,0.0,0.0,0.0,0.0,0.0,0.0
34,8.5,R4Z8,137.34033203776158,0.0,0.0,0.0,0.0,56.45792492528888,25.912053412221887,0.0,111.20057630590313,0.0,0.0,0.0,0.0,0.0,0.0,0.0,0.0,0.0,0.0
34,8.5,R4Z9,107.71207860188034,0.0,0.0,70.3481277940822,86.7360571446769,-1.4210854715202004e-14,0.0,0.0,0.0,0.0,0.0,0.0,87.94341518947151,0.0,0.0,0.0,0.0,0.0,0.0
34,8.5,R4Z10,112.16796476328838,0.0,0.0,0.0,0.0,27.518486129199996,77.99565236096889,0.0,0.0,0.0,0.0,0.0,89.59008770541023,0.0,0.0,0.0,0.0,0.0,0.0
34,8.5,R4Z11,97.27477860709223,0.0,0.0,53.677728434918315,10.919839482905282,7.105427357601002e-15,0.0,0.0,55.60028815295156,0.0,0.0,0.0,82.88319281910434,0.0,0.0,0.0,0.0,0.0,0.0
34,8.5,R5Z1,112.65970897293812,0.0,135.0,0.0,0.0,113.35674073475116,53.02197541938651,0.0,0.0,0.0,0.0,0.0,72.36019397628068,0.0,0.0,0.0,0.0,0.0,0.0
34,8.5,R5Z2,90.71950914787456,0.0,135.0,0.0,0.0,31.511737634144904,30.335166717374964,0.0,55.60028815295156,0.0,0.0,0.0,172.16832655877485,0.0,0.0,0.0,0.0,0.0,0.0
34,8.5,R5Z3,115.9245158292204,0.0,0.0,0.0,13.539491482185923,89.17633876369442,78.6589913988503,0.0,55.60028815295156,0.0,0.0,0.0,146.03190541130417,0.0,0.0,0.0,0.0,0.0,0.0
34,8.5,R5Z4,88.2400417702926,0.0,0.0,0.0,0.0,91.85825666869613,36.448682196278384,0.0,111.20057630590313,0.0,0.0,0.0,0.0,0.0,0.0,0.0,0.0,0.0,0.0
34,8.5,R5Z5,93.38883655557844,0.0,0.0,0.0,0.0,36.6947002837364,56.875247641685164,0.0,55.60028815295156,0.0,0.0,0.0,80.34090584708758,0.0,0.0,0.0,0.0,0.0,0.0
34,8.5,R5Z6,137.8935827520583,0.0,0.0,33.87287996598415,54.432876541270296,0.0,0.0,0.0,111.20057630590313,0.0,0.0,0.0,163.08476671311206,0.0,0.0,0.0,0.0,0.0,0.0
34,8.5,R5Z7,94.72964387750714,0.0,0.0,0.0,10.026431771720084,64.92601378439825,16.725866207392016,0.0,0.0,0.0,0.0,0.0,88.47934116898774,0.0,0.0,0.0,0.0,0.0,0.0
34,8.5,R5Z8,124.24488111211238,0.0,0.0,63.11811871471326,8.738209252108735,0.0,0.0,0.0,55.60028815295156,0.0,0.0,0.0,164.68096842031642,0.0,0.0,0.0,0.0,0.0,0.0
34,8.5,R5Z9,136.8671119563893,0.0,0.0,0.0,0.0,90.61515316705317,83.6015132856919,0.0,0.0,0.0,0.0,0.0,85.80036556120567,0.0,0.0,0.0,0.0,0.0,0.0
34,8.5,R6Z1,140.94522442656194,0.0,135.0,34.679309199279075,5.616590636617564,29.106774511332297,0.0,0.0,0.0,0.0,0.0,0.0,0.0,2.354085651465958,0.0,640.0,0.0,0.0,0.0
34,8.5,R6Z2,131.59981068528643,0.0,135.0,0.0,0.0,61.00616165778198,41.797220323237205,0.0,111.20057630590313,0.0,0.0,0.0,139.77131725961073,2.354085651465958,0.0,640.0,0.0,0.0,0.0
34,8.5,R6Z3,158.5913755129042,0.0,0.0,0.0,0.0,84.78425182005606,61.87423687844276,0.0,55.60028815295156,0.0,0.0,0.0,82.31925773525076,0.0,0.0,0.0,0.0,0.0,0.0
34,8.5,R6Z4,119.31141402400608,0.0,0.0,0.0,0.0,25.257083632859533,75.66834694318618,0.0,55.60028815295156,0.0,0.0,0.0,78.05628685270602,0.0,0.0,0.0,0.0,0.0,0.0
34,8.5,R7Z1,124.46957880295602,0.0,135.0,0.0,0.0,65.97771289811762,160.46279916067775,0.0,55.60028815295156,0.0,0.0,0.0,0.0,2.354085651465958,0.0,640.0,0.0,0.0,0.0
34,8.5,R7Z2,144.74731138684263,0.0,135.0,89.99112754276894,32.59492495513762,1.4210854715202004e-14,0.0,0.0,0.0,0.0,0.0,0.0,166.40996763135897,0.0,0.0,0.0,0.0,0.0,0.0
34,8.5,R7Z3,112.78567705520223,0.0,0.0,0.0,0.0,38.315159081920044,117.69219859556536,0.0,111.20057630590313,0.0,0.0,0.0,142.11564422998234,0.0,0.0,0.0,0.0,0.0,0.0
34,8.5,R7Z4,162.1623324206421,0.0,0.0,0.0,0.0,109.38207203318473,66.05275873592323,0.0,55.60028815295156,0.0,0.0,0.0,69.33995625028031,0.0,0.0,0.0,0.0,0.0,0.0
34,8.5,R7Z5,153.91597894996838,0.0,0.0,36.01935642345538,117.37178021525477,7.105427357601002e-15,0.0,0.0,111.20057630590313,0.0,0.0,0.0,0.0,0.0,0.0,0.0,0.0,0.0,0.0
34,8.5,R7Z6,110.65691030768971,0.0,0.0,0.0,0.0,69.4766846028463,37.6530976906917,0.0,111.20057630590313,0.0,0.0,0.0,0.0,0.0,0.0,0.0,0.0,0.0,0.0
34,8.5,R7Z7,136.23222218080727,0.0,0.0,0.0,0.0,55.03015565253712,94.66780531396749,0.0,0.0,0.0,0.0,0.0,69.6511304642256,0.0,0.0,0.0,0.0,0.0,0.0
34,8.5,R7Z8,138.55655717432887,0.0,0.0,0.0,0.0,93.19278666992824,71.83638917916186,0.0,111.20057630590313,0.0,0.0,0.0,147.94431974887166,0.0,0.0,0.0,0.0,0.0,0.0
34,8.5,R7Z9,127.12261782476502,0.0,0.0,0.0,0.0,69.76003274903938,38.81442503627494,0.0,111.20057630590313,0.0,0.0,0.0,80.8900421602356,0.0,0.0,0.0,0.0,0.0,0.0
34,8.5,R8Z1,126.01614189037117,0.0,135.0,0.0,0.0,61.206420744538306,52.071680273673344,0.0,55.60028815295156,0.0,0.0,0.0,86.13449406809742,2.354085651465958,0.0,640.0,0.0,0.0,0.0
34,8.5,R8Z2,87.2632099335709,0.0,135.0,0.0,0.0,60.9578675967006,78.47837498461072,0.0,55.60028815295156,0.0,0.0,0.0,150.05381357083894,0.0,0.0,0.0,0.0,0.0,0.0
34,8.5,R8Z3,105.84038265731537,0.0,0.0,66.37627999337136,85.85970041679329,1.4210854715202004e-14,0.0,0.0,55.60028815295156,0.0,0.0,0.0,175.55232815773877,0.0,0.0,0.0,0.0,0.0,0.0
34,8.5,R8Z4,155.759553668276,0.0,0.0,56.404431438172395,50.79775761385861,-7.105427357601002e-15,0.0,0.0,0.0,0.0,0.0,0.0,0.0,0.0,0.0,0.0,0.0,0.0,0.0
34,8.5,R8Z5,164.28673489202228,0.0,0.0,48.11726410415188,51.776235313178,7.105427357601002e-15,0.0,0.0,55.60028815295156,0.0,0.0,0.0,87.36403872811124,0.0,0.0,0.0,0.0,0.0,0.0
34,8.5,R8Z6,134.10846495277076,0.0,0.0,0.0,0.0,28.735867229578545,51.61617622820256,0.0,55.60028815295156,0.0,0.0,0.0,0.0,0.0,0.0,0.0,0.0,0.0,0.0
34,8.5,R8Z7,133.03343914034676,0.0,0.0,0.0,18.781819991102935,74.39042353853864,20.93750254424797,0.0,0.0,0.0,0.0,0.0,80.94132787997528,0.0,0.0,0.0,0.0,0.0,0.0
34,8.5,R8Z8,129.8823394303721,0.0,0.0,75.36451017009347,30.669059939860716,0.0,0.0,0.0,55.60028815295156,0.0,0.0,0.0,86.05808651572771,0.0,0.0,0.0,0.0,0.0,0.0
34,8.5,R9Z1,110.05187466854976,0.0,135.0,0.0,0.0,30.09276365676087,42.135722661719875,0.0,55.60028815295156,0.0,0.0,0.0,0.0,2.354085651465958,0.0,640.0,0.0,0.0,0.0
34,8.5,R9Z2,122.58093588584012,0.0,135.0,0.0,0.0,34.27306225230845,72.48842380643498,0.0,55.60028815295156,0.0,0.0,0.0,76.52671807973174,2.354085651465958,0.0,640.0,0.0,0.0,0.0
34,8.5,R9Z3,121.59532126280519,0.0,0.0,0.0,0.0,66.52973161493736,39.90111392855235,0.0,111.20057630590313,0.0,0.0,0.0,140.67052146646384,0.0,0.0,0.0,0.0,0.0,0.0
34,8.5,R9Z4,132.00077274943973,0.0,0.0,84.91387933503191,90.91394120036196,0.0,0.0,0.0,55.60028815295156,0.0,0.0,0.0,73.78274748709316,0.0,0.0,0.0,0.0,0.0,0.0
34,8.5,R9Z5,122.11552797799033,0.0,0.0,0.0,66.51523982503876,62.503293294178874,26.963396928024906,0.0,55.60028815295156,0.0,0.0,0.0,153.67132403407646,0.0,0.0,0.0,0.0,0.0,0.0
34,8.5,R9Z6,134.16003207280204,0.0,0.0,0.0,0.0,29.145664304328225,24.88210606131044,0.0,55.60028815295156,0.0,0.0,0.0,163.38740686706277,0.0,0.0,0.0,0.0,0.0,0.0
34,8.5,R9Z7,84.60798143083719,0.0,0.0,0.0,0.0,96.39979893074175,26.78791408157439,0.0,0.0,0.0,0.0,0.0,78.30688775115462,0.0,0.0,0.0,0.0,0.0,0.0
34,8.5,R9Z8,114.02922712839865,0.0,0.0,68.49443875996398,28.37448784230988,0.0,0.0,0.0,55.60028815295156,0.0,0.0,0.0,73.16933434237303,0.0,0.0,0.0,0.0,0.0,0.0
34,8.5,R9Z9,155.71996918978328,0.0,0.0,8.021670203920507,48.52907286632173,58.94953593794389,0.0,0.0,0.0,0.0,0.0,0.0,166.04541875292452,0.0,0.0,0.0,0.0,0.0,0.0
34,8.5,R9Z10,120.63315711385226,0.0,0.0,58.74741757057099,98.27321729990591,-1.4210854715202004e-14,0.0,0.0,0.0,0.0,0.0,0.0,0.0,0.0,0.0,0.0,0.0,0.0,0.0
34,8.5,R9Z11,134.0980362036663,0.0,0.0,32.39745713013522,70.85147610579321,-7.105427357601002e-15,0.0,0.0,0.0,0.0,0.0,0.0,164.101540738512,0.0,0.0,0.0,0.0,0.0,0.0
34,8.5,R10Z1,134.474669663981,0.0,0.0,38.56026221465689,60.941928875447786,7.105427357601002e-15,0.0,0.0,0.0,0.0,0.0,0.0,71.93519269144888,2.354085651465958,0.0,640.0,0.0,0.0,0.0
34,8.5,R10Z2,111.84474080391247,0.0,0.0,0.0,0.0,55.05998560009295,98.65675730310728,0.0,0.0,0.0,0.0,0.0,171.31385133415935,2.354085651465958,0.0,640.0,0.0,0.0,0.0
34,8.5,R10Z3,93.23898390271732,0.0,0.0,0.0,0.0,99.2601085257582,58.84611165670253,0.0,0.0,0.0,0.0,0.0,82.34970649051348,0.0,0.0,0.0,0.0,0.0,0.0
34,8.5,R10Z4,121.39636959264844,0.0,0.0,0.0,0.0,29.79150611548757,46.79020725763142,0.0,111.20057630590313,0.0,0.0,0.0,83.49363638222117,0.0,0.0,0.0,0.0,0.0,0.0
34,8.5,R10Z5,87.03465824572338,0.0,0.0,0.0,0.0,29.112720234133793,102.54119013127904,0.0,111.20057630590313,0.0,0.0,0.0,0.0,0.0,0.0,0.0,0.0,0.0,0.0
34,8.5,R10Z6,138.091666305425,0.0,0.0,70.17562611181867,24.594785094568365,0.0,0.0,0.0,111.20057630590313,0.0,0.0,0.0,70.83630042048935,0.0,0.0,0.0,0.0,0.0,0.0
34,8.5,R10Z7,118.44135712123938,0.0,0.0,27.764339149600715,168.77040262627452,1.0658141036401503e-14,0.0,0.0,111.20057630590313,0.0,0.0,0.0,85.69596482520183,0.0,0.0,0.0,0.0,0.0,0.0
34,8.5,R10Z8,114.19687498734427,0.0,0.0,0.0,0.0,36.954348860737724,42.21973230802484,0.0,0.0,0.0,0.0,0.0,82.9251257968892,0.0,0.0,0.0,0.0,0.0,0.0
34,8.5,R10Z9,129.10373279229827,0.0,0.0,28.514846459805824,79.0079171802815,0.0,0.0,0.0,55.60028815295156,0.0,0.0,0.0,0.0,0.0,0.0,0.0,0.0,0.0,0.0
34,8.5,R11Z1,183.9633059762695,0.0,135.0,82.0771703172005,111.54219285893721,1.4210854715202004e-14,0.0,0.0,111.20057630590313,0.0,0.0,0.0,161.89081235058725,0.0,0.0,0.0,0.0,0.0,0.0
34,8.5,R11Z2,114.26436039499599,0.0,135.0,38.72434840127106,22.549736370323004,0.0,0.0,0.0,55.60028815295156,0.0,0.0,0.0,70.90419639991312,0.0,0.0,0.0,0.0,0.0,0.0
34,8.5,R11Z3,191.8107735161842,0.0,0.0,0.0,0.0,37.83962431292657,36.020872407825316,0.0,55.60028815295156,0.0,0.0,0.0,0.0,0.0,0.0,0.0,0.0,0.0,0.0
34,8.5,R11Z4,146.53016924324587,0.0,0.0,105.60462091716997,137.09105957490593,0.0,0.0,0.0,0.0,0.0,0.0,0.0,82.20804415156648,0.0,0.0,0.0,0.0,0.0,0.0
34,8.5,R11Z5,106.47547284386519,0.0,0.0,0.0,0.0,29.296711548886424,0.0,0.0,55.60028815295156,0.0,0.0,0.0,90.01366800469356,0.0,0.0,0.0,0.0,0.0,0.0
34,8.5,R11Z6,152.2436144699975,0.0,0.0,0.0,0.0,39.56182408240989,53.89847693646853,0.0,0.0,0.0,0.0,0.0,0.0,0.0,0.0,0.0,0.0,0.0,0.0
34,8.5,R11Z7,130.74726890743239,0.0,0.0,34.444835059562365,73.18287113002722,0.0,0.0,0.0,55.60028815295156,0.0,0.0,0.0,0.0,0.0,0.0,0.0,0.0,0.0,0.0
34,8.5,R11Z8,94.82170545364761,0.0,0.0,0.0,31.54587608638583,62.69290917814046,47.63529822657763,0.0,55.60028815295156,0.0,0.0,0.0,161.73428539155313,0.0,0.0,0.0,0.0,0.0,0.0
34,8.5,R12Z1,97.38826555061442,0.0,135.0,0.0,0.0,88.02064234770113,87.47809067042907,0.0,111.20057630590313,0.0,0.0,0.0,139.6202665835667,0.0,0.0,0.0,0.0,0.0,0.0
34,8.5,R12Z2,172.85735181194727,0.0,135.0,0.0,0.0,28.879252033630046,75.6650374202806,0.0,55.60028815295156,0.0,0.0,0.0,89.05849055375835,0.0,0.0,0.0,0.0,0.0,0.0
34,8.5,R12Z3,123.38066201372398,0.0,0.0,0.0,0.0,109.3976099351084,30.26999607601475,0.0,55.60028815295156,0.0,0.0,0.0,161.3741352037149,0.0,0.0,0.0,0.0,0.0,0.0
34,8.5,R12Z4,143.5566383911853,0.0,0.0,100.50439518717107,49.254354055768054,0.0,0.0,0.0,0.0,0.0,0.0,0.0,0.0,0.0,0.0,0.0,0.0,0.0,0.0
34,8.5,R12Z5,133.5807143103122,0.0,0.0,0.0,0.0,33.18039490698649,53.274056715843955,0.0,0.0,0.0,0.0,0.0,152.77583638359746,0.0,0.0,0.0,0.0,0.0,0.0
34,8.5,R12Z6,126.664841101183,0.0,0.0,56.06214347681666,82.88697488359938,0.0,0.0,0.0,0.0,0.0,0.0,0.0,0.0,0.0,0.0,0.0,0.0,0.0,0.0
34,8.5,R12Z7,122.40562720307472,0.0,0.0,0.0,0.0,97.46929800389181,94.02190432369,0.0,111.20057630590313,0.0,0.0,0.0,0.0,0.0,0.0,0.0,0.0,0.0,0.0
34,8.5,R12Z8,163.77211670989297,0.0,0.0,61.305505123689954,80.03101600602707,7.105427357601002e-15,0.0,0.0,0.0,0.0,0.0,0.0,73.79167166387265,0.0,0.0,0.0,0.0,0.0,0.0
34,8.5,R12Z9,123.64434940813518,0.0,0.0,6.22051334051455,45.64528981966135,28.54935716937228,0.0,0.0,111.20057630590313,0.0,0.0,0.0,167.42762458375654,0.0,0.0,0.0,0.0,0.0,0.0
35,8.75,R1Z1,97.9924914519997,0.0,0.0,86.58254931017518,84.83904473991029,0.0,0.0,0.0,107.01779920687456,0.0,0.0,0.0,152.94213550093895,0.0,0.0,590.8915364279422,0.0,0.0,0.0
35,8.75,R1Z2,79.67495859225657,0.0,0.0,31.223623376485683,36.01357974076104,0.0,0.0,0.0,107.01779920687456,0.0,0.0,0.0,136.08209799776088,0.0,0.0,0.0,0.0,0.0,0.0
35,8.75,R1Z3,171.36041292601516,0.0,0.0,77.72952160617284,55.164164309683585,0.0,0.0,0.0,53.50889960343728,0.0,0.0,0.0,23.400513331292725,0.0,0.0,0.0,0.0,0.0,0.0
35,8.75,R1Z4,82.37066195840626,0.0,0.0,107.02914067618386,35.15824281511925,0.0,0.0,0.0,107.01779920687456,0.0,0.0,0.0,0.0,0.0,0.0,0.0,0.0,0.0,0.0
35,8.75,R1Z5,139.8180502790414,0.0,0.0,58.9160861803889,7.900732271146625,-7.105427357601002e-15,0.0,0.0,107.01779920687456,0.0,0.0,0.0,0.0,0.0,0.0,0.0,0.0,0.0,0.0
35,8.75,R1Z6,148.0314908030831,0.0,0.0,99.0674508669783,14.743411156473387,0.0,0.0,0.0,0.0,0.0,0.0,0.0,0.5368305341256913,0.0,0.0,0.0,0.0,0.0,0.0
35,8.75,R1Z7,132.36904788923064,0.0,0.0,25.81829265778739,15.498849537847699,0.0,0.0,0.0,53.50889960343728,0.0,0.0,0.0,46.31964411504316,0.0,0.0,0.0,0.0,0.0,0.0
35,8.75,R1Z8,90.48944725539461,0.0,0.0,36.138667261293705,0.0,0.0,0.0,0.0,0.0,0.0,0.0,0.0,0.0,0.0,0.0,0.0,0.0,0.0,0.0
35,8.75,R1Z9,131.9221191174571,0.0,0.0,72.34080330186683,85.9120736538485,0.0,0.0,0.0,0.0,0.0,11.235054752629296,0.0,74.23764144430214,0.0,0.0,0.0,0.0,0.0,0.0
35,8.75,R1Z10,110.34367774417377,0.0,0.0,83.01109822408775,46.23657590857958,0.0,0.0,0.0,0.0,0.0,0.0,0.0,26.351261221873834,0.0,0.0,0.0,0.0,0.0,0.0
35,8.75,R2Z1,144.95848663926722,0.0,135.0,106.29320512205169,138.16722163521473,-1.4210854715202004e-14,0.0,0.0,0.0,0.0,0.0,0.0,75.24880421054468,2.354085651465958,0.0,640.0,0.0,0.0,0.0
35,8.75,R2Z2,101.63593297136562,0.0,135.0,0.0,0.0,77.98864114153577,55.32016351048111,0.0,0.0,0.0,0.0,0.0,81.33095114949745,2.354085651465958,0.0,640.0,0.0,0.0,0.0
35,8.75,R2Z3,87.61763894320147,0.0,0.0,0.0,0.0,101.84854212269428,18.797005275362178,0.0,53.50889960343728,0.0,0.0,0.0,70.40343982315673,0.0,0.0,0.0,0.0,0.0,0.0
35,8.75,R2Z4,157.39286722652693,0.0,0.0,0.0,0.0,33.886925593086765,87.84090249109923,0.0,107.01779920687456,0.0,0.0,0.0,0.0,0.0,0.0,0.0,0.0,0.0,0.0
35,8.75,R2Z5,125.05811136354437,0.0,0.0,0.0,0.0,33.01518979442696,24.909687395012963,0.0,53.50889960343728,0.0,0.0,0.0,0.0,0.0,0.0,0.0,0.0,0.0,0.0
35,8.75,R2Z6,97.5279005865197,0.0,0.0,62.877276363627374,78.66654609742858,0.0,0.0,0.0,107.01779920687456,0.0,0.0,0.0,169.9880447288729,0.0,0.0,0.0,0.0,0.0,0.0
35,8.75,R2Z7,142.1534337402611,0.0,0.0,35.58689128001424,36.7249205010435,7.105427357601002e-15,0.0,0.0,107.01779920687456,0.0,0.0,0.0,86.85374164771805,0.0,0.0,0.0,0.0,0.0,0.0
35,8.75,R2Z8,103.0737642360622,0.0,0.0,84.59314517240776,30.08623502103064,-1.4210854715202004e-14,0.0,0.0,0.0,0.0,0.0,0.0,89.49967025179795,0.0,0.0,0.0,0.0,0.0,0.0
35,8.75,R2Z9,110.14943156666891,0.0,0.0,0.0,0.0,21.384730441552815,58.696690461426165,0.0,53.50889960343728,0.0,0.0,0.0,81.85789552601719,0.0,0.0,0.0,0.0,0.0,0.0
35,8.75,R3Z1,117.53040701876299,0.0,0.0,0.0,0.0,110.79539385081885,35.17845333943942,0.0,0.0,0.0,0.0,0.0,0.0,0.0,0.0,0.0,0.0,0.0,0.0
35,8.75,R3Z2,122.64335005688325,0.0,0.0,86.21210286724806,126.49073394933535,0.0,0.0,0.0,107.01779920687456,0.0,0.0,0.0,163.0489610773218,0.0,0.0,0.0,0.0,0.0,0.0
35,8.75,R3Z3,115.91893701065177,0.0,0.0,0.0,0.0,31.705561418898757,34.449250044212114,0.0,53.50889960343728,0.0,0.0,0.0,0.0,0.0,0.0,0.0,0.0,0.0,0.0
35,8.75,R4Z1,141.72605365439262,0.0,135.0,0.0,0.0,26.612058029626628,55.96475784057658,0.0,107.01779920687456,0.0,0.0,0.0,80.66615197119754,0.0,0.0,0.0,0.0,0.0,0.0
35,8.75,R4Z2,126.28435878168364,0.0,0.0,105.85620112895943,22.60361548963006,0.0,0.0,0.0,107.01779920687456,0.0,0.0,0.0,159.46543757509673,0.0,0.0,0.0,0.0,0.0,0.0
35,8.75,R4Z3,111.997458072509,0.0,0.0,0.0,0.0,57.07149117439292,110.86194353834468,0.0,0.0,0.0,0.0,0.0,0.0,0.0,0.0,0.0,0.0,0.0,0.0
35,8.75,R4Z4,141.29364238395831,0.0,0.0,36.208631191107756,22.121691246081557,0.0,0.0,0.0,0.0,0.0,0.0,0.0,0.0,0.0,0.0,0.0,0.0,0.0,0.0
35,8.75,R4Z5,144.90754720897897,0.0,0.0,0.0,0.0,36.63038456487561,80.69294268763176,0.0,107.01779920687456,0.0,0.0,0.0,0.0,0.0,0.0,0.0,0.0,0.0,0.0
35,8.75,R4Z6,92.77099270287205,0.0,0.0,74.79798071068399,22.36248676955142,0.0,0.0,0.0,107.01779920687456,0.0,0.0,0.0,151.76825535778394,0.0,0.0,0.0,0.0,0.0,0.0
35,8.75,R4Z7,112.75571750509074,0.0,0.0,0.0,0.0,69.40623968967051,61.678211059206554,0.0,107.01779920687456,0.0,0.0,0.0,0.0,0.0,0.0,0.0,0.0,0.0,0.0
35,8.75,R4Z8,141.04586433799037,0.0,0.0,0.0,0.0,62.17380833011358,22.379531236458703,0.0,107.01779920687456,0.0,0.0,0.0,0.0,0.0,0.0,0.0,0.0,0.0,0.0
35,8.75,R4Z9,115.44837745415981,0.0,0.0,0.0,34.98875515943672,75.07493617225654,54.545036099386834,0.0,0.0,0.0,0.0,0.0,87.84507445529368,0.0,0.0,0.0,0.0,0.0,0.0
35,8.75,R4Z10,112.11222366842888,0.0,0.0,26.9894302533084,71.55697911861017,-7.105427357601002e-15,0.0,0.0,0.0,0.0,0.0,0.0,89.48990561695001,0.0,0.0,0.0,0.0,0.0,0.0
35,8.75,R4Z11,122.166971699553,0.0,0.0,56.05605675018716,49.478098349123265,0.0,0.0,0.0,53.50889960343728,0.0,0.0,0.0,82.7905105640967,0.0,0.0,0.0,0.0,0.0,0.0
35,8.75,R5Z1,117.45925510788962,0.0,135.0,0.0,0.0,111.66446416948781,26.391581210883093,0.0,0.0,0.0,0.0,0.0,72.27927882662968,0.0,0.0,0.0,0.0,0.0,0.0
35,8.75,R5Z2,107.72331285134379,0.0,135.0,0.0,0.0,29.565017576042774,33.40901809876618,0.0,53.50889960343728,0.0,0.0,0.0,171.97580322317913,0.0,0.0,0.0,0.0,0.0,0.0
35,8.75,R5Z3,111.65692207608132,0.0,0.0,0.0,0.0,93.07054447495362,99.24066363517451,0.0,53.50889960343728,0.0,0.0,0.0,145.86860853727904,0.0,0.0,0.0,0.0,0.0,0.0
35,8.75,R5Z4,93.25039545157395,0.0,0.0,103.91926209788134,34.54523917081606,1.4210854715202004e-14,0.0,0.0,107.01779920687456,0.0,0.0,0.0,0.0,0.0,0.0,0.0,0.0,0.0,0.0
35,8.75,R5Z5,108.18752359278538,0.0,0.0,0.0,0.0,37.52469817031029,18.406819821056988,0.0,53.50889960343728,0.0,0.0,0.0,80.25106644696318,0.0,0.0,0.0,0.0,0.0,0.0
35,8.75,R5Z6,139.79180933854016,0.0,0.0,0.0,0.0,37.52911058405289,50.6435428484437,0.0,107.01779920687456,0.0,0.0,0.0,162.90240086278396,0.0,0.0,0.0,0.0,0.0,0.0
35,8.75,R5Z7,90.07966705411485,0.0,0.0,0.0,0.0,66.03359303647095,3.8932176761229287,0.0,0.0,0.0,0.0,0.0,88.38040114770949,0.0,0.0,0.0,0.0,0.0,0.0
35,8.75,R5Z8,124.65069895294975,0.0,0.0,21.467448471997123,45.79640445629138,47.95097250483213,0.0,0.0,53.50889960343728,0.0,0.0,0.0,164.4968176535458,0.0,0.0,0.0,0.0,0.0,0.0
35,8.75,R5Z9,137.18580743031598,0.0,0.0,93.44754286209204,69.30293121090997,1.4210854715202004e-14,0.0,0.0,0.0,0.0,0.0,0.0,85.7044212437848,0.0,0.0,0.0,0.0,0.0,0.0
35,8.75,R6Z1,151.46913564378613,0.0,135.0,0.0,0.0,61.269583435347414,40.997120180193065,0.0,0.0,0.0,0.0,0.0,0.0,2.354085651465958,0.0,640.0,0.0,0.0,0.0
35,8.75,R6Z2,115.10357115246033,0.0,135.0,0.0,0.0,66.11876122986216,45.076803289369096,0.0,107.01779920687456,0.0,0.0,0.0,139.6150211466306,2.354085651465958,0.0,640.0,0.0,0.0,0.0
35,8.75,R6Z3,159.15630569765216,0.0,0.0,0.0,0.0,90.55321877524062,64.58935581571427,0.0,53.50889960343728,0.0,0.0,0.0,82.22720608789074,0.0,0.0,0.0,0.0,0.0,0.0
35,8.75,R6Z4,134.6515850004067,0.0,0.0,0.0,0.0,31.070226910106168,140.2869552819893,0.0,53.50889960343728,0.0,0.0,0.0,77.96900217607899,0.0,0.0,0.0,0.0,0.0,0.0
35,8.75,R7Z1,144.2187137609903,0.0,135.0,0.0,0.0,63.013709521657645,54.1971015265562,0.0,53.50889960343728,0.0,0.0,0.0,0.0,2.354085651465958,0.0,640.0,0.0,0.0,0.0
35,8.75,R7Z2,131.19330753085413,0.0,135.0,0.0,0.0,80.93600573284384,7.754049264954528,0.0,0.0,0.0,0.0,0.0,166.22388345034193,0.0,0.0,0.0,0.0,0.0,0.0
35,8.75,R7Z3,117.3133400597722,0.0,0.0,0.0,0.0,36.04429826012577,68.72564389324789,0.0,107.01779920687456,0.0,0.0,0.0,141.95672662641167,0.0,0.0,0.0,0.0,0.0,0.0
35,8.75,R7Z4,188.509129052866,0.0,0.0,20.930584446731928,0.0,86.57114686257161,0.0,0.0,53.50889960343728,0.0,0.0,0.0,69.26241841312878,0.0,0.0,0.0,0.0,0.0,0.0
35,8.75,R7Z5,154.36726126438913,0.0,0.0,35.099777070205555,28.87240200510213,0.0,0.0,0.0,107.01779920687456,0.0,0.0,0.0,0.0,0.0,0.0,0.0,0.0,0.0,0.0
35,8.75,R7Z6,106.94790507413539,0.0,0.0,0.0,0.0,71.86774458365431,17.2411010414515,0.0,107.01779920687456,0.0,0.0,0.0,0.0,0.0,0.0,0.0,0.0,0.0,0.0
35,8.75,R7Z7,152.13440987444145,0.0,0.0,0.0,0.0,60.468765797728516,46.81779952902184,0.0,0.0,0.0,0.0,0.0,69.57324466355014,0.0,0.0,0.0,0.0,0.0,0.0
35,8.75,R7Z8,123.11874679147682,0.0,0.0,0.0,0.0,70.38903196222302,48.79976804242082,0.0,107.01779920687456,0.0,0.0,0.0,147.77888436078493,0.0,0.0,0.0,0.0,0.0,0.0
35,8.75,R7Z9,127.29617916552587,0.0,0.0,66.25484151339094,11.572881554851058,0.0,0.0,0.0,107.01779920687456,0.0,0.0,0.0,80.79958870085409,0.0,0.0,0.0,0.0,0.0,0.0
35,8.75,R8Z1,125.80241833894084,0.0,135.0,0.0,0.0,55.99718257191505,49.727709859588664,0.0,53.50889960343728,0.0,0.0,0.0,86.0381761190339,2.354085651465958,0.0,640.0,0.0,0.0,0.0
35,8.75,R8Z2,128.74226963685982,0.0,135.0,78.416146248393,76.32353614489963,1.4210854715202004e-14,0.0,0.0,53.50889960343728,0.0,0.0,0.0,149.88601928901642,0.0,0.0,0.0,0.0,0.0,0.0
35,8.75,R8Z3,108.92606182470607,0.0,0.0,69.63329683066475,46.46632345068673,0.0,0.0,0.0,53.50889960343728,0.0,0.0,0.0,175.35602073892335,0.0,0.0,0.0,0.0,0.0,0.0
35,8.75,R8Z4,146.90354062358367,0.0,0.0,64.82287642267292,32.76252602935163,0.0,0.0,0.0,0.0,0.0,0.0,0.0,0.0,0.0,0.0,0.0,0.0,0.0,0.0
35,8.75,R8Z5,167.40284290367387,0.0,0.0,0.0,0.0,58.33844824406361,95.45807538798668,0.0,53.50889960343728,0.0,0.0,0.0,87.26634586855204,0.0,0.0,0.0,0.0,0.0,0.0
35,8.75,R8Z6,148.2677906973843,0.0,0.0,30.714710109619134,75.14228522376277,-3.552713678800501e-15,0.0,0.0,53.50889960343728,0.0,0.0,0.0,0.0,0.0,0.0,0.0,0.0,0.0,0.0
35,8.75,R8Z7,131.21547555081824,0.0,0.0,77.42521713583878,0.0,0.0,0.0,0.0,0.0,0.0,0.0,0.0,80.85081707149808,0.0,0.0,0.0,0.0,0.0,0.0
35,8.75,R8Z8,143.71651157192824,0.0,0.0,74.0721066532068,111.59287704503718,-1.4210854715202004e-14,0.0,0.0,53.50889960343728,0.0,0.0,0.0,85.96185400768078,0.0,0.0,0.0,0.0,0.0,0.0
35,8.75,R9Z1,104.4213283588863,0.0,135.0,0.0,0.0,33.16330845949154,18.437778527594194,0.0,53.50889960343728,0.0,0.0,0.0,0.0,2.354085651465958,0.0,640.0,0.0,0.0,0.0
35,8.75,R9Z2,122.5058818412805,0.0,135.0,0.0,0.0,35.40030141911338,54.24823491522497,0.0,53.50889960343728,0.0,0.0,0.0,76.44114380877619,2.354085651465958,0.0,640.0,0.0,0.0,0.0
35,8.75,R9Z3,134.98306216020575,0.0,0.0,65.20800223515928,32.00898709319079,0.0,0.0,0.0,107.01779920687456,0.0,0.0,0.0,140.51321983872532,0.0,0.0,0.0,0.0,0.0,0.0
35,8.75,R9Z4,115.60278819679793,0.0,0.0,0.0,0.0,84.85243035401074,107.14132664964225,0.0,53.50889960343728,0.0,0.0,0.0,73.70024159916619,0.0,0.0,0.0,0.0,0.0,0.0
35,8.75,R9Z5,125.19682638535285,0.0,0.0,53.683589274741124,80.09822610053511,10.496788597846077,0.0,0.0,53.50889960343728,0.0,0.0,0.0,153.49948455303027,0.0,0.0,0.0,0.0,0.0,0.0
35,8.75,R9Z6,135.43566846357052,0.0,0.0,30.964958074178654,26.10488033832739,-3.552713678800501e-15,0.0,0.0,53.50889960343728,0.0,0.0,0.0,163.20470259623022,0.0,0.0,0.0,0.0,0.0,0.0
35,8.75,R9Z7,104.63978087517526,0.0,0.0,0.0,0.0,105.08094242316041,30.734379135048734,0.0,0.0,0.0,0.0,0.0,78.21932284574314,0.0,0.0,0.0,0.0,0.0,0.0
35,8.75,R9Z8,139.44388349688322,0.0,0.0,58.659472641690066,12.581199497592985,14.851799020506697,0.0,0.0,53.50889960343728,0.0,0.0,0.0,73.08751438981571,0.0,0.0,0.0,0.0,0.0,0.0
35,8.75,R9Z9,142.872289178621,0.0,0.0,0.0,0.0,71.11374422101105,27.114271249513052,0.0,0.0,0.0,0.0,0.0,165.85974222044229,0.0,0.0,0.0,0.0,0.0,0.0
35,8.75,R9Z10,111.37637491575931,0.0,0.0,68.66124863088787,93.92705386146481,-1.4210854715202004e-14,0.0,0.0,0.0,0.0,0.0,0.0,0.0,0.0,0.0,0.0,0.0,0.0,0.0
35,8.75,R9Z11,122.42838709100765,0.0,0.0,36.340116797097394,103.58106591838803,7.105427357601002e-15,0.0,0.0,0.0,0.0,0.0,0.0,163.9180379036361,0.0,0.0,0.0,0.0,0.0,0.0
35,8.75,R10Z1,134.74449175676918,0.0,0.0,0.0,0.0,40.40737137939355,61.43387110186954,0.0,0.0,0.0,0.0,0.0,71.85475278986831,2.354085651465958,0.0,640.0,0.0,0.0,0.0
35,8.75,R10Z2,109.68080679970369,0.0,0.0,0.0,0.0,55.97872833871304,131.98410333987724,0.0,0.0,0.0,0.0,0.0,171.12228349614972,2.354085651465958,0.0,640.0,0.0,0.0,0.0
35,8.75,R10Z3,93.12454722708577,0.0,0.0,110.70460477262475,46.89044713972123,1.4210854715202004e-14,0.0,0.0,0.0,0.0,0.0,0.0,82.25762079452184,0.0,0.0,0.0,0.0,0.0,0.0
35,8.75,R10Z4,135.93820197311948,0.0,0.0,31.861369262000707,34.38214335812087,3.552713678800501e-15,0.0,0.0,107.01779920687456,0.0,0.0,0.0,83.40027151251132,0.0,0.0,0.0,0.0,0.0,0.0
35,8.75,R10Z5,91.03236620486946,0.0,0.0,0.0,0.0,32.833043002634376,88.87981852509274,0.0,107.01779920687456,0.0,0.0,0.0,0.0,0.0,0.0,0.0,0.0,0.0,0.0
35,8.75,R10Z6,126.91597972283809,0.0,0.0,0.0,0.0,69.85771296142268,31.095591772090426,0.0,107.01779920687456,0.0,0.0,0.0,70.75708933032662,0.0,0.0,0.0,0.0,0.0,0.0
35,8.75,R10Z7,98.72509728961819,0.0,0.0,0.0,0.0,29.18034226067909,150.57552036949167,0.0,107.01779920687456,0.0,0.0,0.0,85.60013725154177,0.0,0.0,0.0,0.0,0.0,0.0
35,8.75,R10Z8,106.75325089187903,0.0,0.0,35.403534857636046,31.245446579825522,0.0,0.0,0.0,0.0,0.0,0.0,0.0,82.83239665127796,0.0,0.0,0.0,0.0,0.0,0.0
35,8.75,R10Z9,115.3235714974736,0.0,0.0,25.77814531695674,108.62319298700493,-1.4210854715202004e-14,0.0,0.0,53.50889960343728,0.0,0.0,0.0,0.0,0.0,0.0,0.0,0.0,0.0,0.0
35,8.75,R11Z1,164.11872751658092,0.0,135.0,0.0,0.0,75.92536730633532,152.58708330314124,0.0,107.01779920687456,0.0,0.0,0.0,161.70978161270995,0.0,0.0,0.0,0.0,0.0,0.0
35,8.75,R11Z2,101.20819191764338,0.0,135.0,0.0,0.0,36.975909996044244,12.202064831282195,0.0,53.50889960343728,0.0,0.0,0.0,70.82490938660766,0.0,0.0,0.0,0.0,0.0,0.0
35,8.75,R11Z3,167.99310651114268,0.0,0.0,40.515097216304,44.274295747774815,7.105427357601002e-15,0.0,0.0,53.50889960343728,0.0,0.0,0.0,0.0,0.0,0.0,0.0,0.0,0.0,0.0
35,8.75,R11Z4,151.9163371660165,0.0,0.0,0.0,0.0,101.82801304791214,112.17628511842126,0.0,0.0,0.0,0.0,0.0,82.11611686628002,0.0,0.0,0.0,0.0,0.0,0.0
35,8.75,R11Z5,99.61716890682487,0.0,0.0,32.54255470504208,33.20700651530035,7.105427357601002e-15,0.0,0.0,53.50889960343728,0.0,0.0,0.0,89.91301225714784,0.0,0.0,0.0,0.0,0.0,0.0
35,8.75,R11Z6,149.25463778043255,0.0,0.0,39.84627455609919,65.35233632755399,7.105427357601002e-15,0.0,0.0,0.0,0.0,0.0,0.0,0.0,0.0,0.0,0.0,0.0,0.0,0.0
35,8.75,R11Z7,131.8200278172477,0.0,0.0,34.59191739766557,72.62120048086074,0.0,0.0,0.0,53.50889960343728,0.0,0.0,0.0,0.0,0.0,0.0,0.0,0.0,0.0,0.0
35,8.75,R11Z8,117.83408968260584,0.0,0.0,63.27195555557342,0.0,0.0,0.0,0.0,53.50889960343728,0.0,0.0,0.0,161.5534296864061,0.0,0.0,0.0,0.0,0.0,0.0
35,8.75,R12Z1,110.75324744692962,0.0,135.0,0.0,0.0,95.71590084516261,82.21039926488409,0.0,107.01779920687456,0.0,0.0,0.0,139.4641393795873,0.0,0.0,0.0,0.0,0.0,0.0
35,8.75,R12Z2,181.23547596916177,0.0,135.0,28.015187621797992,87.11857508239106,-3.552713678800501e-15,0.0,0.0,53.50889960343728,0.0,0.0,0.0,88.95890291178475,0.0,0.0,0.0,0.0,0.0,0.0
35,8.75,R12Z3,134.52379087729702,0.0,0.0,0.0,0.0,111.64037581765714,39.12845678044132,0.0,53.50889960343728,0.0,0.0,0.0,161.19368222836644,0.0,0.0,0.0,0.0,0.0,0.0
35,8.75,R12Z4,155.3266819737583,0.0,0.0,102.58218029345353,25.711724006912856,7.2167752099904305,0.0,0.0,0.0,0.0,0.0,0.0,0.0,0.0,0.0,0.0,0.0,0.0,0.0
35,8.75,R12Z5,133.78026818706587,0.0,0.0,27.064598236131758,75.95072325429327,0.0,0.0,0.0,0.0,0.0,0.0,0.0,152.6049982613546,0.0,0.0,0.0,0.0,0.0,0.0
35,8.75,R12Z6,123.78493213425041,0.0,0.0,60.222678691813826,71.0697406790523,1.4210854715202004e-14,0.0,0.0,0.0,0.0,0.0,0.0,0.0,0.0,0.0,0.0,0.0,0.0,0.0
35,8.75,R12Z7,125.99032240270671,0.0,0.0,0.0,0.0,87.62278228058403,70.05549288740652,0.0,107.01779920687456,0.0,0.0,0.0,0.0,0.0,0.0,0.0,0.0,0.0,0.0
35,8.75,R12Z8,172.520140788413,0.0,0.0,0.0,0.0,58.394940532757786,82.29150822816186,0.0,0.0,0.0,0.0,0.0,73.70915579668691,0.0,0.0,0.0,0.0,0.0,0.0
35,8.75,R12Z9,119.6768597323756,0.0,0.0,39.236577514662315,77.86168634784548,0.0,0.0,0.0,107.01779920687456,0.0,0.0,0.0,167.24040243087856,0.0,0.0,0.0,0.0,0.0,0.0
36,9.0,R1Z1,90.99841182172165,0.0,0.0,100.50025727082846,45.20515756922854,-1.4210854715202004e-14,0.0,0.0,90.76108619914758,0.0,0.0,0.0,152.7711114184709,0.0,0.0,590.3847211587754,0.0,0.0,0.0
36,9.0,R1Z2,90.60360168076434,0.0,0.0,28.440101352488497,34.405108790610605,0.0,0.0,0.0,90.76108619914758,0.0,0.0,49.63228018148898,123.05409592418727,0.0,0.0,0.0,0.0,0.0,0.0
36,9.0,R1Z3,167.46375878364842,0.0,0.0,100.65561460277567,11.8178791901306,0.0,0.0,0.0,45.38054309957379,0.0,0.0,0.0,23.374346236733356,0.0,0.0,0.0,0.0,0.0,0.0
36,9.0,R1Z4,94.12742656093036,0.0,0.0,98.66402326482871,27.32860340421082,0.0,0.0,0.0,90.76108619914758,0.0,0.0,0.0,0.0,0.0,0.0,0.0,0.0,0.0,0.0
36,9.0,R1Z5,156.52671035526265,0.0,0.0,62.25475561234801,23.468231063390938,-7.105427357601002e-15,0.0,0.0,90.76108619914758,0.0,0.0,0.0,0.0,0.0,0.0,0.0,0.0,0.0,0.0
36,9.0,R1Z6,166.66564640343063,0.0,0.0,89.98555789205574,46.17182861692683,0.0,0.0,0.0,0.0,0.0,0.0,0.0,0.5362302355275387,0.0,0.0,0.0,0.0,0.0,0.0
36,9.0,R1Z7,129.16034240824771,0.0,0.0,28.502234978359603,27.060150387625512,0.0,0.0,0.0,45.38054309957379,0.0,0.0,45.0,34.593744019598475,0.0,0.0,0.0,0.0,0.0,0.0
36,9.0,R1Z8,93.47079595446243,0.0,0.0,35.389223252669986,30.05914309877584,7.105427357601002e-15,0.0,0.0,0.0,0.0,0.0,0.0,0.0,0.0,0.0,0.0,0.0,0.0,0.0
36,9.0,R1Z9,125.30956072508806,0.0,0.0,63.3021153128737,0.0,0.0,0.0,0.0,0.0,0.0,0.0,90.0,50.80641847856482,0.0,0.0,0.0,0.0,0.0,0.0
36,9.0,R1Z10,116.74703328337361,0.0,0.0,103.252269411573,0.0,0.0,0.0,0.0,0.0,0.0,0.0,0.0,26.32179452025112,0.0,0.0,0.0,0.0,0.0,0.0
36,9.0,R2Z1,150.8723824443281,0.0,135.0,0.0,0.0,111.78490913529963,109.58757699500362,0.0,0.0,0.0,0.0,0.0,75.16465893785855,2.354085651465958,0.0,640.0,0.0,0.0,0.0
36,9.0,R2Z2,120.50591738773561,0.0,135.0,78.87661702093834,61.545774968561425,1.4210854715202004e-14,0.0,0.0,0.0,0.0,0.0,0.0,81.24000465361496,2.354085651465958,0.0,640.0,0.0,0.0,0.0
36,9.0,R2Z3,111.73236754838194,0.0,0.0,111.84112323727015,16.20487182217243,1.4210854715202004e-14,0.0,0.0,45.38054309957379,0.0,0.0,0.0,70.32471276956282,0.0,0.0,0.0,0.0,0.0,0.0
36,9.0,R2Z4,150.6964255028995,0.0,0.0,34.370267204016045,158.98517942352728,0.0,0.0,0.0,90.76108619914758,0.0,0.0,0.0,0.0,0.0,0.0,0.0,0.0,0.0,0.0
36,9.0,R2Z5,130.90222141864132,0.0,0.0,0.0,0.0,39.96102701711521,2.0173704467413645,0.0,45.38054309957379,0.0,0.0,0.0,0.0,0.0,0.0,0.0,0.0,0.0,0.0
36,9.0,R2Z6,101.06181512568259,0.0,0.0,41.211889373789376,23.2350010404752,22.6917712764036,0.0,0.0,90.76108619914758,0.0,0.0,0.0,169.79795944410117,0.0,0.0,0.0,0.0,0.0,0.0
36,9.0,R2Z7,142.17891985069076,0.0,0.0,38.661560597648815,14.46362460306884,-7.105427357601002e-15,0.0,0.0,90.76108619914758,0.0,0.0,0.0,86.75661941632272,0.0,0.0,0.0,0.0,0.0,0.0
36,9.0,R2Z8,108.31452877573587,0.0,0.0,0.0,0.0,101.30342247746201,21.621149723376135,0.0,0.0,0.0,0.0,0.0,89.3995892706094,0.0,0.0,0.0,0.0,0.0,0.0
36,9.0,R2Z9,125.75643809618965,0.0,0.0,0.0,0.0,25.8788905210511,132.12346399236102,0.0,45.38054309957379,0.0,0.0,0.0,81.76635978650859,0.0,0.0,0.0,0.0,0.0,0.0
36,9.0,R3Z1,111.99227387799245,0.0,0.0,0.0,23.990637054067264,106.05159343531187,27.008858295793544,0.0,0.0,0.0,0.0,0.0,0.0,0.0,0.0,0.0,0.0,0.0,0.0
36,9.0,R3Z2,118.83532481344233,0.0,0.0,89.00831564626921,109.89353534323678,0.0,0.0,0.0,90.76108619914758,0.0,0.0,0.0,162.86663526583575,0.0,0.0,0.0,0.0,0.0,0.0
36,9.0,R3Z3,102.81116031835317,0.0,0.0,0.0,0.0,36.06977718149221,50.69945358984067,0.0,45.38054309957379,0.0,0.0,0.0,0.0,0.0,0.0,0.0,0.0,0.0,0.0
36,9.0,R4Z1,135.8381249521886,0.0,135.0,0.0,0.0,29.087779661904904,115.29798575165331,0.0,90.76108619914758,0.0,0.0,0.0,80.57594887195405,0.0,0.0,0.0,0.0,0.0,0.0
36,9.0,R4Z2,109.10558885291114,0.0,0.0,118.88142640922305,14.664067503841638,-1.4210854715202004e-14,0.0,0.0,90.76108619914758,0.0,0.0,0.0,159.2871189576842,0.0,0.0,0.0,0.0,0.0,0.0
36,9.0,R4Z3,106.59928521494007,0.0,0.0,47.13184921543994,59.467435999500125,20.132335290690335,0.0,0.0,0.0,0.0,0.0,0.0,0.0,0.0,0.0,0.0,0.0,0.0,0.0
36,9.0,R4Z4,123.06607139588266,0.0,0.0,0.0,0.0,36.50786610288372,30.93644565734636,0.0,0.0,0.0,0.0,0.0,0.0,0.0,0.0,0.0,0.0,0.0,0.0
36,9.0,R4Z5,138.18426935633818,0.0,0.0,39.039853374135916,70.177148616078,0.0,0.0,0.0,90.76108619914758,0.0,0.0,0.0,0.0,0.0,0.0,0.0,0.0,0.0,0.0
36,9.0,R4Z6,95.1141910527121,0.0,0.0,0.0,0.0,81.75982361708239,15.38920582402281,0.0,90.76108619914758,0.0,0.0,0.0,151.59854394022508,0.0,0.0,0.0,0.0,0.0,0.0
36,9.0,R4Z7,126.1993565008213,0.0,0.0,0.0,0.0,71.02899187998085,77.51022774972958,0.0,90.76108619914758,0.0,0.0,0.0,0.0,0.0,0.0,0.0,0.0,0.0,0.0
36,9.0,R4Z8,148.0815325425372,0.0,0.0,66.15784491597933,26.666546886477732,0.0,0.0,0.0,90.76108619914758,0.0,0.0,0.0,0.0,0.0,0.0,0.0,0.0,0.0,0.0
36,9.0,R4Z9,110.59596598230638,0.0,0.0,0.0,3.4882569634488334,82.25112340989836,51.346673995051056,0.0,0.0,0.0,0.0,0.0,87.74684368841675,0.0,0.0,0.0,0.0,0.0,0.0
36,9.0,R4Z10,113.35513967947105,0.0,0.0,0.0,0.0,31.134269395150575,37.28622938499461,0.0,0.0,0.0,0.0,0.0,89.38983555484344,0.0,0.0,0.0,0.0,0.0,0.0
36,9.0,R4Z11,135.2365215221357,0.0,0.0,59.14988435920718,98.37003596619822,7.105427357601002e-15,0.0,0.0,45.38054309957379,0.0,0.0,0.0,82.69793194892365,0.0,0.0,0.0,0.0,0.0,0.0
36,9.0,R5Z1,132.56960511827475,0.0,135.0,0.0,0.0,115.89363062619114,28.620716849228028,0.0,0.0,0.0,0.0,0.0,72.19845415851394,0.0,0.0,0.0,0.0,0.0,0.0
36,9.0,R5Z2,87.70468044545018,0.0,135.0,0.0,0.0,31.340584927908054,37.77304842522404,0.0,45.38054309957379,0.0,0.0,0.0,171.7834951724473,0.0,0.0,0.0,0.0,0.0,0.0
36,9.0,R5Z3,106.82062124251962,0.0,0.0,0.0,0.0,92.61039424572412,88.19881830070238,0.0,45.38054309957379,0.0,0.0,0.0,145.70549426628847,0.0,0.0,0.0,0.0,0.0,0.0
36,9.0,R5Z4,99.80711833782772,0.0,0.0,35.19786012426254,11.483304713449776,70.91383729875471,0.0,0.0,90.76108619914758,0.0,0.0,0.0,0.0,0.0,0.0,0.0,0.0,0.0,0.0
36,9.0,R5Z5,101.69115609612332,0.0,0.0,0.0,0.0,38.35040614138972,32.44546915509972,0.0,45.38054309957379,0.0,0.0,0.0,80.1613275077152,0.0,0.0,0.0,0.0,0.0,0.0
36,9.0,R5Z6,137.03997703136216,0.0,0.0,0.0,0.0,38.18663529195266,79.15260057773783,0.0,90.76108619914758,0.0,0.0,0.0,162.72023893894166,0.0,0.0,0.0,0.0,0.0,0.0
36,9.0,R5Z7,93.21028103253123,0.0,0.0,65.39731429592673,11.522680118872945,0.0,0.0,0.0,0.0,0.0,0.0,0.0,88.28157176387137,0.0,0.0,0.0,0.0,0.0,0.0
36,9.0,R5Z8,123.9898331120044,0.0,0.0,70.51320864938326,52.223073240338096,0.0,0.0,0.0,45.38054309957379,0.0,0.0,0.0,164.3128728092034,0.0,0.0,0.0,0.0,0.0,0.0
36,9.0,R5Z9,119.80084504139666,0.0,0.0,0.0,0.0,95.56148634118426,47.028804339574236,0.0,0.0,0.0,0.0,0.0,85.60858421392598,0.0,0.0,0.0,0.0,0.0,0.0
36,9.0,R6Z1,97.30753332375282,0.0,135.0,0.0,0.0,74.62435818076167,31.02819562487655,0.0,0.0,0.0,0.0,0.0,0.0,2.354085651465958,0.0,640.0,0.0,0.0,0.0
36,9.0,R6Z2,109.3810215392186,0.0,135.0,0.0,0.0,69.12692595638708,38.70198489266221,0.0,90.76108619914758,0.0,0.0,0.0,139.45889980824236,2.354085651465958,0.0,640.0,0.0,0.0,0.0
36,9.0,R6Z3,176.64000335315575,0.0,0.0,93.09331718946832,38.49061716436752,0.0,0.0,0.0,45.38054309957379,0.0,0.0,0.0,82.13525737520256,0.0,0.0,0.0,0.0,0.0,0.0
36,9.0,R6Z4,127.06677495874315,0.0,0.0,35.096013442458144,79.21172121948717,-7.105427357601002e-15,0.0,0.0,45.38054309957379,0.0,0.0,0.0,77.88181510356664,0.0,0.0,0.0,0.0,0.0,0.0
36,9.0,R7Z1,124.21483884822725,0.0,135.0,0.0,0.0,70.2958852709745,1.8230056929634788,0.0,45.38054309957379,0.0,0.0,0.0,0.0,2.354085651465958,0.0,640.0,0.0,0.0,0.0
36,9.0,R7Z2,138.62754742845948,0.0,135.0,0.0,0.0,92.9396773760752,35.25026287523452,0.0,0.0,0.0,0.0,0.0,166.03800735374986,0.0,0.0,0.0,0.0,0.0,0.0
36,9.0,R7Z3,130.85243406287015,0.0,0.0,38.46260451211596,54.30760098880674,0.0,0.0,0.0,90.76108619914758,0.0,0.0,0.0,141.79798672885545,0.0,0.0,0.0,0.0,0.0,0.0
36,9.0,R7Z4,179.6245454850144,0.0,0.0,0.0,0.0,107.55841583211044,152.42712746701739,0.0,45.38054309957379,0.0,0.0,0.0,69.18496728090923,0.0,0.0,0.0,0.0,0.0,0.0
36,9.0,R7Z5,162.80141493680824,0.0,0.0,0.0,0.0,37.4455228362315,136.5305163983735,0.0,90.76108619914758,0.0,0.0,0.0,0.0,0.0,0.0,0.0,0.0,0.0,0.0
36,9.0,R7Z6,102.78801572053004,0.0,0.0,0.0,0.0,75.85880611894342,76.7339746508816,0.0,90.76108619914758,0.0,0.0,0.0,0.0,0.0,0.0,0.0,0.0,0.0,0.0
36,9.0,R7Z7,135.22053488626648,0.0,0.0,43.338176421339455,0.0,18.09635771133963,0.0,0.0,0.0,0.0,0.0,0.0,69.495445956909,0.0,0.0,0.0,0.0,0.0,0.0
36,9.0,R7Z8,127.1958752842091,0.0,0.0,0.0,0.0,107.26614053564617,19.665086652508457,0.0,90.76108619914758,0.0,0.0,0.0,147.6136339670777,0.0,0.0,0.0,0.0,0.0,0.0
36,9.0,R7Z9,107.8374032028406,0.0,0.0,64.63128991355555,80.71484623009454,1.4210854715202004e-14,0.0,0.0,90.76108619914758,0.0,0.0,0.0,80.70923638900688,0.0,0.0,0.0,0.0,0.0,0.0
36,9.0,R8Z1,128.82294944893982,0.0,135.0,54.64100322653542,41.46437918332583,0.0,0.0,0.0,45.38054309957379,0.0,0.0,0.0,85.94196587533757,2.354085651465958,0.0,640.0,0.0,0.0,0.0
36,9.0,R8Z2,90.39812366677003,0.0,135.0,74.13931621458839,71.59169665917416,-1.4210854715202004e-14,0.0,0.0,45.38054309957379,0.0,0.0,0.0,149.71841263935292,0.0,0.0,0.0,0.0,0.0,0.0
36,9.0,R8Z3,106.84743731043895,0.0,0.0,0.0,0.0,67.18446084756964,0.0,0.0,45.38054309957379,0.0,0.0,0.0,175.15993283643726,0.0,0.0,0.0,0.0,0.0,0.0
36,9.0,R8Z4,140.33886877725774,0.0,0.0,56.76279813371546,53.22974616973024,0.0,0.0,0.0,0.0,0.0,0.0,0.0,0.0,0.0,0.0,0.0,0.0,0.0,0.0
36,9.0,R8Z5,154.3743045898841,0.0,0.0,63.36118712155552,0.0,0.0,0.0,0.0,45.38054309957379,0.0,0.0,0.0,87.16876225182259,0.0,0.0,0.0,0.0,0.0,0.0
36,9.0,R8Z6,128.11570194787558,0.0,0.0,0.0,46.716634546969686,34.17229544995241,0.32983233836836234,0.0,45.38054309957379,0.0,0.0,0.0,0.0,0.0,0.0,0.0,0.0,0.0,0.0
36,9.0,R8Z7,135.81828715941626,0.0,0.0,71.62731989520321,40.87540281678883,1.4210854715202004e-14,0.0,0.0,0.0,0.0,0.0,0.0,80.76040747468453,0.0,0.0,0.0,0.0,0.0,0.0
36,9.0,R8Z8,144.2530861763442,0.0,0.0,77.29383582444349,0.0,0.0,0.0,0.0,45.38054309957379,0.0,0.0,0.0,85.86572910945857,0.0,0.0,0.0,0.0,0.0,0.0
36,9.0,R9Z1,118.46656885433053,0.0,135.0,0.0,0.0,35.37300812875056,29.28245170995993,0.0,45.38054309957379,0.0,0.0,0.0,0.0,2.354085651465958,0.0,640.0,0.0,0.0,0.0
36,9.0,R9Z2,109.16215153072771,0.0,135.0,0.0,0.0,35.29401801125671,54.415397339211054,0.0,45.38054309957379,0.0,0.0,0.0,76.35566522931289,2.354085651465958,0.0,640.0,0.0,0.0,0.0
36,9.0,R9Z3,115.90258044223991,0.0,0.0,62.763932691825495,25.774372348474024,7.105427357601002e-15,0.0,0.0,90.76108619914758,0.0,0.0,0.0,140.35609410997282,0.0,0.0,0.0,0.0,0.0,0.0
36,9.0,R9Z4,113.45674480691864,0.0,0.0,0.0,22.630160109873657,90.0,69.49158627969608,0.0,45.38054309957379,0.0,0.0,0.0,73.61782797158158,0.0,0.0,0.0,0.0,0.0,0.0
36,9.0,R9Z5,125.59930899377844,0.0,0.0,68.76690656856115,112.46916993562067,-1.4210854715202004e-14,0.0,0.0,45.38054309957379,0.0,0.0,0.0,153.3278372275956,0.0,0.0,0.0,0.0,0.0,0.0
36,9.0,R9Z6,115.41950614509184,0.0,0.0,19.19432032402809,26.775369574895826,16.089540286155447,0.0,0.0,45.38054309957379,0.0,0.0,0.0,163.02220263031455,0.0,0.0,0.0,0.0,0.0,0.0
36,9.0,R9Z7,105.59127902469191,0.0,0.0,102.0647301098634,27.59582206142263,0.0,0.0,0.0,0.0,0.0,0.0,0.0,78.13185585780583,0.0,0.0,0.0,0.0,0.0,0.0
36,9.0,R9Z8,109.12058622110847,0.0,0.0,0.0,0.0,81.18751903612862,15.547475257695629,0.0,45.38054309957379,0.0,0.0,0.0,73.00578593056903,0.0,0.0,0.0,0.0,0.0,0.0
36,9.0,R9Z9,149.06804067340488,0.0,0.0,71.52305075919216,36.29249687802559,0.0,0.0,0.0,0.0,0.0,0.0,0.0,165.67427331654127,0.0,0.0,0.0,0.0,0.0,0.0
36,9.0,R9Z10,101.40385632426273,0.0,0.0,0.0,15.756906783969981,68.47043168267953,98.35254044189213,0.0,0.0,0.0,0.0,0.0,0.0,0.0,0.0,0.0,0.0,0.0,0.0
36,9.0,R9Z11,130.0630578882702,0.0,0.0,37.90358637687464,64.44036815489493,0.0,0.0,0.0,0.0,0.0,0.0,0.0,163.73474026665326,0.0,0.0,0.0,0.0,0.0,0.0
36,9.0,R10Z1,134.89498930267652,0.0,0.0,0.0,0.0,40.62037276417242,68.33173282099322,0.0,0.0,0.0,0.0,0.0,71.77440283838762,2.354085651465958,0.0,640.0,0.0,0.0,0.0
36,9.0,R10Z2,99.19708837535617,0.0,0.0,61.905234538246276,66.89123520260532,7.105427357601002e-15,0.0,0.0,0.0,0.0,0.0,0.0,170.93092987454042,2.354085651465958,0.0,640.0,0.0,0.0,0.0
36,9.0,R10Z3,70.98957450234604,0.0,0.0,0.0,0.0,119.35258587267475,71.71092083469506,0.0,0.0,0.0,0.0,0.0,82.16563807127615,0.0,0.0,0.0,0.0,0.0,0.0
36,9.0,R10Z4,124.89374180065556,0.0,0.0,0.0,0.0,34.00263001545164,40.69595435829784,0.0,90.76108619914758,0.0,0.0,0.0,83.30701104595451,0.0,0.0,0.0,0.0,0.0,0.0
36,9.0,R10Z5,93.11780432006792,0.0,0.0,0.0,0.0,33.61691122835184,108.75643796628695,0.0,90.76108619914758,0.0,0.0,0.0,0.0,0.0,0.0,0.0,0.0,0.0,0.0
36,9.0,R10Z6,145.32563135916513,0.0,0.0,67.14875226000802,33.467232047279076,1.4210854715202004e-14,0.0,0.0,90.76108619914758,0.0,0.0,0.0,70.6779668161732,0.0,0.0,0.0,0.0,0.0,0.0
36,9.0,R10Z7,85.1522189567666,0.0,0.0,28.17189092876653,91.7899906224648,0.0,0.0,0.0,90.76108619914758,0.0,0.0,0.0,85.5044168348977,0.0,0.0,0.0,0.0,0.0,0.0
36,9.0,R10Z8,87.09979319399741,0.0,0.0,36.244000839753404,38.49910972882713,0.0,0.0,0.0,0.0,0.0,0.0,0.0,82.73977119793565,0.0,0.0,0.0,0.0,0.0,0.0
36,9.0,R10Z9,131.46112216004926,0.0,0.0,0.0,0.0,30.55634122048112,72.03166984961582,0.0,45.38054309957379,0.0,0.0,0.0,0.0,0.0,0.0,0.0,0.0,0.0,0.0
36,9.0,R11Z1,161.992430637992,0.0,135.0,0.0,0.0,78.21506267157994,130.15331807536577,0.0,90.76108619914758,0.0,0.0,0.0,161.52895330835918,0.0,0.0,0.0,0.0,0.0,0.0
36,9.0,R11Z2,107.0635453354344,0.0,135.0,0.0,0.0,42.68423655387358,42.14110601139167,0.0,45.38054309957379,0.0,0.0,0.0,70.74571103421083,0.0,0.0,0.0,0.0,0.0,0.0
36,9.0,R11Z3,169.1335097866,0.0,0.0,42.30959710426059,33.91867727949544,0.0,0.0,0.0,45.38054309957379,0.0,0.0,0.0,0.0,0.0,0.0,0.0,0.0,0.0,0.0
36,9.0,R11Z4,148.07638963956717,0.0,0.0,96.49895641074954,131.22377143275753,1.4210854715202004e-14,0.0,0.0,0.0,0.0,0.0,0.0,82.02429237660034,0.0,0.0,0.0,0.0,0.0,0.0
36,9.0,R11Z5,93.86916604944545,0.0,0.0,0.0,0.0,34.81824130188243,44.16336240664184,0.0,45.38054309957379,0.0,0.0,0.0,89.81246906561432,0.0,0.0,0.0,0.0,0.0,0.0
36,9.0,R11Z6,163.4912465218042,0.0,0.0,0.0,0.0,39.09372295145681,83.87996044548034,0.0,0.0,0.0,0.0,0.0,0.0,0.0,0.0,0.0,0.0,0.0,0.0
36,9.0,R11Z7,138.47049918041256,0.0,0.0,0.0,0.0,36.422774324721345,77.89683471004265,0.0,45.38054309957379,0.0,0.0,0.0,0.0,0.0,0.0,0.0,0.0,0.0,0.0
36,9.0,R11Z8,88.29167853447017,0.0,0.0,0.0,129.6223719328958,74.21369309497656,11.73075021338039,0.0,45.38054309957379,0.0,0.0,0.0,161.3727762190592,0.0,0.0,0.0,0.0,0.0,0.0
36,9.0,R12Z1,104.49571146083315,0.0,135.0,87.53407071577,75.142346787346,-1.4210854715202004e-14,0.0,0.0,90.76108619914758,0.0,0.0,0.0,139.30818676132114,0.0,0.0,0.0,0.0,0.0,0.0
36,9.0,R12Z2,136.3398796222445,0.0,135.0,0.0,0.0,27.926670520231077,54.417384248399614,0.0,45.38054309957379,0.0,0.0,0.0,88.85942663143845,0.0,0.0,0.0,0.0,0.0,0.0
36,9.0,R12Z3,113.2152204687108,0.0,0.0,37.825504453960576,30.009172915176435,72.67507034982255,0.0,0.0,45.38054309957379,0.0,0.0,0.0,161.01343104047464,0.0,0.0,0.0,0.0,0.0,0.0
36,9.0,R12Z4,134.22064743422965,0.0,0.0,99.36903940587243,29.274559405057175,0.0,0.0,0.0,0.0,0.0,0.0,0.0,0.0,0.0,0.0,0.0,0.0,0.0,0.0
36,9.0,R12Z5,139.5419009830665,0.0,0.0,33.433296306588474,31.96739165985223,0.0,0.0,0.0,0.0,0.0,0.0,0.0,152.43435117497646,0.0,0.0,0.0,0.0,0.0,0.0
36,9.0,R12Z6,114.11648045370292,0.0,0.0,0.0,38.4145030908702,57.57558340017029,75.79074586447739,0.0,0.0,0.0,0.0,0.0,0.0,0.0,0.0,0.0,0.0,0.0,0.0
36,9.0,R12Z7,114.54039666510008,0.0,0.0,94.72735808435887,51.07386134885131,1.4210854715202004e-14,0.0,0.0,90.76108619914758,0.0,0.0,0.0,0.0,0.0,0.0,0.0,0.0,0.0,0.0
36,9.0,R12Z8,165.10414652196735,0.0,0.0,0.0,0.0,67.83197909687497,47.47509554634369,0.0,0.0,0.0,0.0,0.0,73.62673220100261,0.0,0.0,0.0,0.0,0.0,0.0
36,9.0,R12Z9,110.61719869619455,0.0,0.0,0.0,0.0,42.07258858596334,115.9162703687488,0.0,90.76108619914758,0.0,0.0,0.0,167.05338963493685,0.0,0.0,0.0,0.0,0.0,0.0
37,9.25,R1Z1,101.67046213146769,0.0,0.0,94.19313723567097,48.33575515355028,-1.4210854715202004e-14,0.0,0.0,63.71026994881676,0.0,0.0,0.0,152.6002785798134,0.0,0.0,589.8783405915821,0.0,0.0,0.0
37,9.25,R1Z2,81.71145946630078,0.0,0.0,29.023598990902208,59.82188050087242,0.0,0.0,0.0,63.71026994881676,0.0,0.0,0.0,122.91649346571212,0.0,0.0,0.0,0.0,0.0,0.0
37,9.25,R1Z3,157.487954692153,0.0,0.0,107.11153390243734,45.88027344179387,0.0,0.0,0.0,31.85513497440838,0.0,0.0,90.0,0.0,0.0,0.0,0.0,0.0,0.0,0.0
37,9.25,R1Z4,91.45175837984657,0.0,0.0,109.81370614078739,39.138094251974856,-1.4210854715202004e-14,0.0,0.0,63.71026994881676,0.0,0.0,0.0,0.0,0.0,0.0,0.0,0.0,0.0,0.0
37,9.25,R1Z5,158.71450861090798,0.0,0.0,68.54884349676252,3.38575817403578,0.0,0.0,0.0,63.71026994881676,0.0,0.0,0.0,0.0,0.0,0.0,0.0,0.0,0.0,0.0
37,9.25,R1Z6,179.08572297735728,0.0,0.0,87.95707666553665,0.0,0.0,0.0,0.0,0.0,0.0,0.0,0.0,0.5356306081997108,0.0,0.0,0.0,0.0,0.0,0.0
37,9.25,R1Z7,135.7603509381249,0.0,0.0,35.87465762692347,0.0,0.0,0.0,0.0,31.85513497440838,0.0,0.0,35.63417995125255,25.310679683980233,0.0,0.0,0.0,0.0,0.0,0.0
37,9.25,R1Z8,83.12776253282846,0.0,0.0,37.864275690231324,95.7009380982837,0.0,0.0,0.0,0.0,0.0,0.0,0.0,0.0,0.0,0.0,0.0,0.0,0.0,0.0
37,9.25,R1Z9,132.16734315851664,0.0,0.0,71.01830740824126,48.99256851182696,0.0,0.0,0.0,0.0,0.0,0.0,0.0,50.749605350676134,0.0,0.0,0.0,0.0,0.0,0.0
37,9.25,R1Z10,112.11598231089933,0.0,0.0,109.69206385299864,19.68259562132221,0.0,0.0,0.0,0.0,0.0,0.0,0.0,26.292360769100767,0.0,0.0,0.0,0.0,0.0,0.0
37,9.25,R2Z1,153.98235094394065,0.0,135.0,0.0,0.0,122.9515621721805,38.70445851991937,0.0,0.0,0.0,0.0,0.0,75.08060775871968,2.354085651465958,0.0,640.0,0.0,0.0,0.0
37,9.25,R2Z2,98.10055475322314,0.0,135.0,0.0,0.0,79.98552212869481,20.65582247333273,0.0,0.0,0.0,0.0,0.0,81.14915985659368,2.354085651465958,0.0,640.0,0.0,0.0,0.0
37,9.25,R2Z3,116.75156248736467,0.0,0.0,103.64186478310174,24.445230518983827,1.4210854715202004e-14,0.0,0.0,31.85513497440838,0.0,0.0,0.0,70.24607375071527,0.0,0.0,0.0,0.0,0.0,0.0
37,9.25,R2Z4,145.6237301222058,0.0,0.0,40.92172812289678,155.48480562504116,7.105427357601002e-15,0.0,0.0,63.71026994881676,0.0,0.0,0.0,0.0,0.0,0.0,0.0,0.0,0.0,0.0
37,9.25,R2Z5,135.30976910539704,0.0,0.0,41.57614093592913,27.159792733519605,7.105427357601002e-15,0.0,0.0,31.85513497440838,0.0,0.0,0.0,0.0,0.0,0.0,0.0,0.0,0.0,0.0
37,9.25,R2Z6,105.47150164596394,0.0,0.0,0.0,0.0,63.699476354282176,57.52585588702103,0.0,63.71026994881676,0.0,0.0,0.0,169.60808671789815,0.0,0.0,0.0,0.0,0.0,0.0
37,9.25,R2Z7,142.32142673814434,0.0,0.0,42.46335187517047,33.37542997540108,0.0,0.0,0.0,63.71026994881676,0.0,0.0,0.0,86.65960578966511,0.0,0.0,0.0,0.0,0.0,0.0
37,9.25,R2Z8,96.83149758800803,0.0,0.0,0.0,0.0,83.62138843871757,19.681004079062497,0.0,0.0,0.0,0.0,0.0,89.29962020271357,0.0,0.0,0.0,0.0,0.0,0.0
37,9.25,R2Z9,94.54056442074285,0.0,0.0,0.0,67.87656976820318,31.131065301211216,121.1289979115337,0.0,31.85513497440838,0.0,0.0,0.0,81.67492640476955,0.0,0.0,0.0,0.0,0.0,0.0
37,9.25,R3Z1,111.7977645252592,0.0,0.0,119.90979646095883,55.451171269022126,0.0,0.0,0.0,0.0,0.0,0.0,0.0,0.0,0.0,0.0,0.0,0.0,0.0,0.0
37,9.25,R3Z2,109.88552354799995,0.0,0.0,95.17507280930326,114.06111840258248,0.0,0.0,0.0,63.71026994881676,0.0,0.0,0.0,162.684513336063,0.0,0.0,0.0,0.0,0.0,0.0
37,9.25,R3Z3,123.99192313521296,0.0,0.0,0.0,0.0,36.619126218797106,0.0,0.0,31.85513497440838,0.0,0.0,0.0,0.0,0.0,0.0,0.0,0.0,0.0,0.0
37,9.25,R4Z1,117.92087718264511,0.0,135.0,0.0,0.0,30.244653298490714,9.419430536104457,0.0,63.71026994881676,0.0,0.0,0.0,80.4858466402853,0.0,0.0,0.0,0.0,0.0,0.0
37,9.25,R4Z2,156.83040920053386,0.0,0.0,92.13234487515618,4.069638008284758,25.611202554936497,0.0,0.0,63.71026994881676,0.0,0.0,0.0,159.10899974103089,0.0,0.0,0.0,0.0,0.0,0.0
37,9.25,R4Z3,106.35639629267445,0.0,0.0,0.0,0.0,69.37288625264048,68.5157684767222,0.0,0.0,0.0,0.0,0.0,0.0,0.0,0.0,0.0,0.0,0.0,0.0
37,9.25,R4Z4,141.1294775766401,0.0,0.0,36.674223761624404,29.30141358437668,0.0,0.0,0.0,0.0,0.0,0.0,0.0,0.0,0.0,0.0,0.0,0.0,0.0,0.0
37,9.25,R4Z5,124.76731159503048,0.0,0.0,34.461633993232795,34.41157769963792,10.044429821228817,0.0,0.0,63.71026994881676,0.0,0.0,0.0,0.0,0.0,0.0,0.0,0.0,0.0,0.0
37,9.25,R4Z6,91.10313676650777,0.0,0.0,84.55475984003884,11.581551324745336,0.0,0.0,0.0,63.71026994881676,0.0,0.0,0.0,151.42902229861895,0.0,0.0,0.0,0.0,0.0,0.0
37,9.25,R4Z7,122.82226110815976,0.0,0.0,80.09360052939287,72.55805237469288,0.0,0.0,0.0,63.71026994881676,0.0,0.0,0.0,0.0,0.0,0.0,0.0,0.0,0.0,0.0
37,9.25,R4Z8,144.41462107735597,0.0,0.0,65.78412797751872,26.33118353584109,0.0,0.0,0.0,63.71026994881676,0.0,0.0,0.0,0.0,0.0,0.0,0.0,0.0,0.0,0.0
37,9.25,R4Z9,122.61742832906779,0.0,0.0,4.385237067126532,61.06678557761054,76.96313154398248,0.0,0.0,0.0,0.0,0.0,0.0,87.64872276587224,0.0,0.0,0.0,0.0,0.0,0.0
37,9.25,R4Z10,111.79645156951258,0.0,0.0,32.744068739064524,12.286162802056692,0.0,0.0,0.0,0.0,0.0,0.0,0.0,89.28987739381958,0.0,0.0,0.0,0.0,0.0,0.0
37,9.25,R4Z11,126.28209831620148,0.0,0.0,0.0,0.0,59.55432925735834,0.0,0.0,31.85513497440838,0.0,0.0,0.0,82.60545685769229,0.0,0.0,0.0,0.0,0.0,0.0
37,9.25,R5Z1,137.74052758552892,0.0,135.0,108.70345032015389,39.207206198168976,10.82548964490897,0.0,0.0,0.0,0.0,0.0,0.0,72.11771987075453,0.0,0.0,0.0,0.0,0.0,0.0
37,9.25,R5Z2,93.66667485268714,0.0,135.0,0.0,0.0,29.998694180178475,40.37120510249912,0.0,31.85513497440838,0.0,0.0,0.0,171.5914021658419,0.0,0.0,0.0,0.0,0.0,0.0
37,9.25,R5Z3,109.33082791684623,0.0,0.0,31.532165084591377,45.94352785784648,70.62783910606709,0.0,0.0,31.85513497440838,0.0,0.0,0.0,145.5425623941407,0.0,0.0,0.0,0.0,0.0,0.0
37,9.25,R5Z4,105.13650650812187,0.0,0.0,0.0,0.0,103.81996640229363,23.142547323685356,0.0,63.71026994881676,0.0,0.0,0.0,0.0,0.0,0.0,0.0,0.0,0.0,0.0
37,9.25,R5Z5,117.15844483589936,0.0,0.0,0.0,0.0,38.790292624198834,69.41459586254248,0.0,31.85513497440838,0.0,0.0,0.0,80.07168891700556,0.0,0.0,0.0,0.0,0.0,0.0
37,9.25,R5Z6,151.95836212999382,0.0,0.0,0.0,0.0,36.89320573848225,56.34031781951557,0.0,63.71026994881676,0.0,0.0,0.0,162.538280713549,0.0,0.0,0.0,0.0,0.0,0.0
37,9.25,R5Z7,90.78839812828211,0.0,0.0,70.69362866705207,29.124459314259553,0.0,0.0,0.0,0.0,0.0,0.0,0.0,88.18285289375555,0.0,0.0,0.0,0.0,0.0,0.0
37,9.25,R5Z8,120.33511402979258,0.0,0.0,74.97735448793546,49.18393208011893,0.0,0.0,0.0,31.85513497440838,0.0,0.0,0.0,164.12913365702119,0.0,0.0,0.0,0.0,0.0,0.0
37,9.25,R5Z9,120.51085707782947,0.0,0.0,0.0,72.41890925958776,100.23667913332756,59.62144661338604,0.0,0.0,0.0,0.0,0.0,85.51285435165735,0.0,0.0,0.0,0.0,0.0,0.0
37,9.25,R6Z1,116.309150745097,0.0,135.0,0.0,24.010632921254818,79.76790302356677,4.982536495930834,0.0,0.0,0.0,0.0,0.0,0.0,2.354085651465958,0.0,640.0,0.0,0.0,0.0
37,9.25,R6Z2,120.22278200167628,0.0,135.0,77.0523331263999,52.9419626182048,-1.4210854715202004e-14,0.0,0.0,63.71026994881676,0.0,0.0,0.0,139.3029530490083,2.354085651465958,0.0,640.0,0.0,0.0,0.0
37,9.25,R6Z3,160.6134028954953,0.0,0.0,0.0,0.0,89.94565168221304,77.72659411918895,0.0,31.85513497440838,0.0,0.0,0.0,82.04341148208185,0.0,0.0,0.0,0.0,0.0,0.0
37,9.25,R6Z4,124.09217316814458,0.0,0.0,33.44282439330546,84.07701860502199,-7.105427357601002e-15,0.0,0.0,31.85513497440838,0.0,0.0,0.0,77.79472552602539,0.0,0.0,0.0,0.0,0.0,0.0
37,9.25,R7Z1,137.6772233850681,0.0,135.0,0.0,0.0,73.87321048690077,109.45444650084518,0.0,31.85513497440838,0.0,0.0,0.0,0.0,2.354085651465958,0.0,640.0,0.0,0.0,0.0
37,9.25,R7Z2,112.79252860271636,0.0,135.0,0.0,0.0,77.87985835594067,33.45296982909068,0.0,0.0,0.0,0.0,0.0,165.85233910889707,0.0,0.0,0.0,0.0,0.0,0.0
37,9.25,R7Z3,125.29955548066765,0.0,0.0,33.43218432588023,135.8640901579205,-7.105427357601002e-15,0.0,0.0,63.71026994881676,0.0,0.0,0.0,141.63942433859793,0.0,0.0,0.0,0.0,0.0,0.0
37,9.25,R7Z4,179.73694082168083,0.0,0.0,105.75326413206226,68.4225930693283,0.0,0.0,0.0,31.85513497440838,0.0,0.0,0.0,69.10760275666584,0.0,0.0,0.0,0.0,0.0,0.0
37,9.25,R7Z5,136.76284131073314,0.0,0.0,35.67738934061509,69.79586574794068,0.0,0.0,0.0,63.71026994881676,0.0,0.0,0.0,0.0,0.0,0.0,0.0,0.0,0.0,0.0
37,9.25,R7Z6,115.93165920008418,0.0,0.0,0.0,0.0,66.5652786772963,58.65186800205614,0.0,63.71026994881676,0.0,0.0,0.0,0.0,0.0,0.0,0.0,0.0,0.0,0.0
37,9.25,R7Z7,126.01194719547323,0.0,0.0,0.0,83.9968196679635,65.7615128369199,0.796411575165024,0.0,0.0,0.0,0.0,0.0,69.41773424691122,0.0,0.0,0.0,0.0,0.0,0.0
37,9.25,R7Z8,145.5293299078335,0.0,0.0,0.0,0.0,76.98243893326597,72.41011585910698,0.0,63.71026994881676,0.0,0.0,0.0,147.4485683608842,0.0,0.0,0.0,0.0,0.0,0.0
37,9.25,R7Z9,106.01328226553808,0.0,0.0,0.0,0.0,80.13677473088894,84.27006181712804,0.0,63.71026994881676,0.0,0.0,0.0,80.61898511158803,0.0,0.0,0.0,0.0,0.0,0.0
37,9.25,R8Z1,144.2658113683452,0.0,135.0,56.62422096427865,85.6017704759917,0.0,0.0,0.0,31.85513497440838,0.0,0.0,0.0,85.84586321656936,2.354085651465958,0.0,640.0,0.0,0.0,0.0
37,9.25,R8Z2,97.86289453551093,0.0,135.0,81.90480733339254,114.27999061275645,1.4210854715202004e-14,0.0,0.0,31.85513497440838,0.0,0.0,0.0,149.55099341203305,0.0,0.0,0.0,0.0,0.0,0.0
37,9.25,R8Z3,106.78581502326381,0.0,0.0,42.83581622739081,32.09486382146463,23.91156398653635,0.0,0.0,31.85513497440838,0.0,0.0,0.0,174.96406420481134,0.0,0.0,0.0,0.0,0.0,0.0
37,9.25,R8Z4,149.52981405898694,0.0,0.0,55.9403444056675,66.73792310194288,0.0,0.0,0.0,0.0,0.0,0.0,0.0,0.0,0.0,0.0,0.0,0.0,0.0,0.0
37,9.25,R8Z5,157.76842599091506,0.0,0.0,38.69011927976709,114.07471828811615,24.83899274029342,0.0,0.0,31.85513497440838,0.0,0.0,0.0,87.07128775576456,0.0,0.0,0.0,0.0,0.0,0.0
37,9.25,R8Z6,156.27455730264646,0.0,0.0,35.825017777492256,57.56524949308346,-7.105427357601002e-15,0.0,0.0,31.85513497440838,0.0,0.0,0.0,0.0,0.0,0.0,0.0,0.0,0.0,0.0
37,9.25,R8Z7,167.5011317400894,0.0,0.0,51.386669736450486,23.705374677475977,27.490738772827655,0.0,0.0,0.0,0.0,0.0,0.0,80.67009897635694,0.0,0.0,0.0,0.0,0.0,0.0
37,9.25,R8Z8,126.7754816450983,0.0,0.0,0.0,0.0,82.26922450189392,160.77710645414763,0.0,31.85513497440838,0.0,0.0,0.0,85.76971170072882,0.0,0.0,0.0,0.0,0.0,0.0
37,9.25,R9Z1,101.38939939673482,0.0,135.0,31.74174158875564,27.76195989437966,-3.552713678800501e-15,0.0,0.0,31.85513497440838,0.0,0.0,0.0,0.0,2.354085651465958,0.0,640.0,0.0,0.0,0.0
37,9.25,R9Z2,136.285299629245,0.0,135.0,0.0,0.0,37.26856493492882,44.76625137232618,0.0,31.85513497440838,0.0,0.0,0.0,76.27028223433699,2.354085651465958,0.0,640.0,0.0,0.0,0.0
37,9.25,R9Z3,127.52915815813148,0.0,0.0,67.60687709692789,8.22253883133845,0.0,0.0,0.0,63.71026994881676,0.0,0.0,0.0,140.19914408351127,0.0,0.0,0.0,0.0,0.0,0.0
37,9.25,R9Z4,123.53539457883745,0.0,0.0,0.0,0.0,84.29460452512477,109.46082871136088,0.0,31.85513497440838,0.0,0.0,0.0,73.53550650117127,0.0,0.0,0.0,0.0,0.0,0.0
37,9.25,R9Z5,114.44996535907912,0.0,0.0,60.7594722949154,31.173078144146057,0.0,0.0,0.0,31.85513497440838,0.0,0.0,0.0,153.15638184289884,0.0,0.0,0.0,0.0,0.0,0.0
37,9.25,R9Z6,155.6608678876739,0.0,0.0,31.41645217808287,33.725030347116096,-7.105427357601002e-15,0.0,0.0,31.85513497440838,0.0,0.0,0.0,162.83990674085643,0.0,0.0,0.0,0.0,0.0,0.0
37,9.25,R9Z7,103.13001494624032,0.0,0.0,111.2161930473006,16.2571996683221,0.0,0.0,0.0,0.0,0.0,0.0,0.0,78.04448667784872,0.0,0.0,0.0,0.0,0.0,0.0
37,9.25,R9Z8,134.72639622596787,0.0,0.0,0.0,0.0,78.31511993491844,43.333065988019605,0.0,31.85513497440838,0.0,0.0,0.0,72.92414886232267,0.0,0.0,0.0,0.0,0.0,0.0
37,9.25,R9Z9,157.77827556210153,0.0,0.0,73.12279619427862,26.447445604782022,0.0,0.0,0.0,0.0,0.0,0.0,0.0,165.48901180904554,0.0,0.0,0.0,0.0,0.0,0.0
37,9.25,R9Z10,94.53308370278084,0.0,0.0,70.91163389077963,124.31370860179956,0.0,0.0,0.0,0.0,0.0,0.0,0.0,0.0,0.0,0.0,0.0,0.0,0.0,0.0
37,9.25,R9Z11,122.0008927132305,0.0,0.0,36.05201745569268,46.62230209970346,0.0,0.0,0.0,0.0,0.0,0.0,0.0,163.55164759810557,0.0,0.0,0.0,0.0,0.0,0.0
37,9.25,R10Z1,124.73055990087259,0.0,0.0,0.0,13.415439184792795,42.121265387623104,101.60916957861198,0.0,0.0,0.0,0.0,0.0,71.69414273642211,2.354085651465958,0.0,640.0,0.0,0.0,0.0
37,9.25,R10Z2,111.12313580031814,0.0,0.0,64.08629285793586,132.17424962507562,1.4210854715202004e-14,0.0,0.0,0.0,0.0,0.0,0.0,170.7397902297888,2.354085651465958,0.0,640.0,0.0,0.0,0.0
37,9.25,R10Z3,88.89304664793211,0.0,0.0,119.37801544311898,60.44234055908887,1.4210854715202004e-14,0.0,0.0,0.0,0.0,0.0,0.0,82.07375820562947,0.0,0.0,0.0,0.0,0.0,0.0
37,9.25,R10Z4,127.31074600005486,0.0,0.0,34.16687262846282,40.970883721234294,0.0,0.0,0.0,63.71026994881676,0.0,0.0,0.0,83.21385486580427,0.0,0.0,0.0,0.0,0.0,0.0
37,9.25,R10Z5,92.7630675441732,0.0,0.0,34.74855514402142,31.49689128659538,7.105427357601002e-15,0.0,0.0,63.71026994881676,0.0,0.0,0.0,0.0,0.0,0.0,0.0,0.0,0.0,0.0
37,9.25,R10Z6,122.645391985076,0.0,0.0,0.0,0.0,75.86377740290627,40.435584908270705,0.0,63.71026994881676,0.0,0.0,0.0,70.59893277898095,0.0,0.0,0.0,0.0,0.0,0.0
37,9.25,R10Z7,100.16913985842143,0.0,0.0,0.0,0.0,33.7871172940856,129.85490074143476,0.0,63.71026994881676,0.0,0.0,0.0,85.40880345544372,0.0,0.0,0.0,0.0,0.0,0.0
37,9.25,R10Z8,115.09820997377338,0.0,0.0,39.36964601663748,0.0,0.0,0.0,0.0,0.0,0.0,0.0,0.0,82.64724932091076,0.0,0.0,0.0,0.0,0.0,0.0
37,9.25,R10Z9,106.04793887183186,0.0,0.0,29.18005040752206,91.42096373311249,0.0,0.0,0.0,31.85513497440838,0.0,0.0,0.0,0.0,0.0,0.0,0.0,0.0,0.0,0.0
37,9.25,R11Z1,167.4022201232718,0.0,135.0,0.0,0.0,84.83688392810869,143.3243321862945,0.0,63.71026994881676,0.0,0.0,0.0,161.34832721116823,0.0,0.0,0.0,0.0,0.0,0.0
37,9.25,R11Z2,119.51839195766136,0.0,135.0,0.0,0.0,44.25851630655432,44.92041732558188,0.0,31.85513497440838,0.0,0.0,0.0,70.66660124357958,0.0,0.0,0.0,0.0,0.0,0.0
37,9.25,R11Z3,180.58637653570483,0.0,0.0,40.831998211715856,35.83426435683161,-7.105427357601002e-15,0.0,0.0,31.85513497440838,0.0,0.0,0.0,0.0,0.0,0.0,0.0,0.0,0.0,0.0
37,9.25,R11Z4,143.79060261384183,0.0,0.0,0.0,0.0,102.50847488858166,102.21150732657985,0.0,0.0,0.0,0.0,0.0,81.93257056757857,0.0,0.0,0.0,0.0,0.0,0.0
37,9.25,R11Z5,99.50833947095224,0.0,0.0,0.0,0.0,33.21961166869365,37.60337756180612,0.0,31.85513497440838,0.0,0.0,0.0,89.71203830422978,0.0,0.0,0.0,0.0,0.0,0.0
37,9.25,R11Z6,153.7034306470511,0.0,0.0,44.21736287310573,80.23481038336482,0.0,0.0,0.0,0.0,0.0,0.0,0.0,0.0,0.0,0.0,0.0,0.0,0.0,0.0
37,9.25,R11Z7,140.52157074601683,0.0,0.0,34.901650439905964,52.63369509071153,-7.105427357601002e-15,0.0,0.0,31.85513497440838,0.0,0.0,0.0,0.0,0.0,0.0,0.0,0.0,0.0,0.0
37,9.25,R11Z8,88.88047826776783,0.0,0.0,72.01301681220909,135.48514967603094,1.4210854715202004e-14,0.0,0.0,31.85513497440838,0.0,0.0,0.0,161.1923247633646,0.0,0.0,0.0,0.0,0.0,0.0
37,9.25,R12Z1,104.7390737266525,0.0,135.0,107.18349292800279,16.76893159574853,0.0,0.0,0.0,63.71026994881676,0.0,0.0,0.0,139.1524085335417,0.0,0.0,0.0,0.0,0.0,0.0
37,9.25,R12Z2,172.0502773328652,0.0,135.0,0.0,0.0,33.224777580096955,30.957023847070595,0.0,31.85513497440838,0.0,0.0,0.0,88.76006158819185,0.0,0.0,0.0,0.0,0.0,0.0
37,9.25,R12Z3,98.9829785804056,0.0,0.0,0.0,0.0,114.91318868479769,26.977814642580288,0.0,31.85513497440838,0.0,0.0,0.0,160.83338141439523,0.0,0.0,0.0,0.0,0.0,0.0
37,9.25,R12Z4,141.97589656148094,0.0,0.0,116.6159487228249,15.522685649324357,1.4210854715202004e-14,0.0,0.0,0.0,0.0,0.0,0.0,0.0,0.0,0.0,0.0,0.0,0.0,0.0
37,9.25,R12Z5,129.87179182983073,0.0,0.0,0.0,0.0,36.71012959338703,16.148516040723337,0.0,0.0,0.0,0.0,0.0,152.2638949108415,0.0,0.0,0.0,0.0,0.0,0.0
37,9.25,R12Z6,114.27174096565938,0.0,0.0,0.0,0.0,61.13794063389591,125.15831854248339,0.0,0.0,0.0,0.0,0.0,0.0,0.0,0.0,0.0,0.0,0.0,0.0
37,9.25,R12Z7,118.22964338170593,0.0,0.0,46.02263663217896,21.146193335843893,68.0641719712372,0.0,0.0,63.71026994881676,0.0,0.0,0.0,0.0,0.0,0.0,0.0,0.0,0.0,0.0
37,9.25,R12Z8,168.2641798687047,0.0,0.0,69.06490297625533,43.40592814212457,-1.4210854715202004e-14,0.0,0.0,0.0,0.0,0.0,0.0,73.54440077363923,0.0,0.0,0.0,0.0,0.0,0.0
37,9.25,R12Z9,115.94527553921844,0.0,0.0,41.760859661360996,161.5632300389925,-7.105427357601002e-15,0.0,0.0,63.71026994881676,0.0,0.0,0.0,166.86658596182272,0.0,0.0,0.0,0.0,0.0,0.0
38,9.5,R1Z1,114.98102027090583,0.0,0.0,93.1800499661004,44.66859081585297,1.4210854715202004e-14,0.0,0.0,98.97374503098088,0.0,0.0,0.0,152.42963677111234,0.0,0.0,589.3723943535128,0.0,0.0,0.0
38,9.5,R1Z2,80.45701871242922,0.0,0.0,32.1942035228529,35.69338210244426,-7.105427357601002e-15,0.0,0.0,98.97374503098088,0.0,0.0,0.0,122.7790448780727,0.0,0.0,0.0,0.0,0.0,0.0
38,9.5,R1Z3,149.080803480386,0.0,0.0,89.0341648573513,18.835501250068937,0.0,0.0,0.0,49.48687251549044,0.0,32.67550246593555,0.0,7.872111564148092,0.0,0.0,0.0,0.0,0.0,0.0
38,9.5,R1Z4,93.7761342292937,0.0,0.0,117.54121598698293,25.575213770911233,0.0,0.0,0.0,98.97374503098088,0.0,0.0,0.0,0.0,0.0,0.0,0.0,0.0,0.0,0.0
38,9.5,R1Z5,171.53754484409495,0.0,0.0,79.51014551946176,27.38737418689044,0.0,0.0,0.0,98.97374503098088,0.0,0.0,0.0,0.0,0.0,0.0,0.0,0.0,0.0,0.0
38,9.5,R1Z6,130.676554231121,0.0,0.0,102.30836577209061,59.90921342935445,0.0,0.0,0.0,0.0,0.0,45.0,0.0,11.37633457415358,0.0,0.0,0.0,0.0,0.0,0.0
38,9.5,R1Z7,128.2319911083734,0.0,0.0,37.952535561535555,25.004043192879575,0.0,0.0,0.0,49.48687251549044,0.0,0.0,0.0,25.282376589117483,0.0,0.0,0.0,0.0,0.0,0.0
38,9.5,R1Z8,93.19408297462121,0.0,0.0,39.97359219415952,68.96330860542048,7.105427357601002e-15,0.0,0.0,0.0,0.0,0.0,0.0,0.0,0.0,0.0,0.0,0.0,0.0,0.0
38,9.5,R1Z9,124.12963482955836,0.0,0.0,81.06163030438543,13.226870634468382,0.0,0.0,0.0,0.0,0.0,0.0,0.0,50.69285575278222,0.0,0.0,0.0,0.0,0.0,0.0
38,9.5,R1Z10,122.94056130067689,0.0,0.0,117.83671544371721,22.15596077210698,-1.4210854715202004e-14,0.0,0.0,0.0,0.0,0.0,0.0,26.262959931576653,0.0,0.0,0.0,0.0,0.0,0.0
38,9.5,R2Z1,121.74809341457251,0.0,135.0,0.0,0.0,115.79930698097073,51.709407731504285,0.0,0.0,0.0,0.0,0.0,74.9966505679101,2.354085651465958,0.0,640.0,0.0,0.0,0.0
38,9.5,R2Z2,124.05288283930759,0.0,135.0,0.0,0.0,77.64337329542956,33.94078229396672,0.0,0.0,0.0,0.0,0.0,81.05841664471116,2.354085651465958,0.0,640.0,0.0,0.0,0.0
38,9.5,R2Z3,113.8046662045983,0.0,0.0,117.68902845209234,22.832891678019585,0.0,0.0,0.0,49.48687251549044,0.0,0.0,0.0,70.16752266817122,0.0,0.0,0.0,0.0,0.0,0.0
38,9.5,R2Z4,139.37375595911186,0.0,0.0,34.963986487858094,10.078709186122715,0.0,0.0,0.0,98.97374503098088,0.0,0.0,0.0,0.0,0.0,0.0,0.0,0.0,0.0,0.0
38,9.5,R2Z5,122.87766513407404,0.0,0.0,0.0,0.0,41.40239326294969,107.43486136968767,0.0,49.48687251549044,0.0,0.0,0.0,0.0,0.0,0.0,0.0,0.0,0.0,0.0
38,9.5,R2Z6,100.98625895418888,0.0,0.0,0.0,0.0,67.918883517123,44.39218483728753,0.0,98.97374503098088,0.0,0.0,0.0,169.41842631257504,0.0,0.0,0.0,0.0,0.0,0.0
38,9.5,R2Z7,150.3133122823204,0.0,0.0,0.0,13.244717187542527,38.21179647644989,53.92560016181708,0.0,98.97374503098088,0.0,0.0,0.0,86.56270064630041,0.0,0.0,0.0,0.0,0.0,0.0
38,9.5,R2Z8,110.99647783863716,0.0,0.0,86.29770475701227,23.273714277525734,0.0,0.0,0.0,0.0,0.0,0.0,0.0,89.19976292296596,0.0,0.0,0.0,0.0,0.0,0.0
38,9.5,R2Z9,102.3235432618448,0.0,0.0,29.681238435926865,37.740984090073376,-7.105427357601002e-15,0.0,0.0,49.48687251549044,0.0,0.0,0.0,81.58359526634082,0.0,0.0,0.0,0.0,0.0,0.0
38,9.5,R3Z1,93.73118520981721,0.0,0.0,130.55316851528943,35.234773317612834,2.842170943040401e-14,0.0,0.0,0.0,0.0,0.0,0.0,0.0,0.0,0.0,0.0,0.0,0.0,0.0
38,9.5,R3Z2,123.26148303257136,0.0,0.0,0.0,0.0,100.17332142122912,117.0908049758891,0.0,98.97374503098088,0.0,0.0,0.0,162.5025950600174,0.0,0.0,0.0,0.0,0.0,0.0
38,9.5,R3Z3,122.41738404660897,0.0,0.0,31.391793290372206,31.631940822707236,0.0,0.0,0.0,49.48687251549044,0.0,0.0,0.0,0.0,0.0,0.0,0.0,0.0,0.0,0.0
38,9.5,R4Z1,108.31921196963606,0.0,135.0,0.0,0.0,34.8577115542507,39.93552978597724,0.0,98.97374503098088,0.0,0.0,0.0,80.39584516339842,0.0,0.0,0.0,0.0,0.0,0.0
38,9.5,R4Z2,154.58345647015975,0.0,0.0,82.46024010341884,27.99128612547495,39.35410849690814,0.0,0.0,98.97374503098088,0.0,0.0,0.0,158.93107970216133,0.0,0.0,0.0,0.0,0.0,0.0
38,9.5,R4Z3,110.4042601872667,0.0,0.0,70.72927253561589,0.0,0.0,0.0,0.0,0.0,0.0,0.0,0.0,0.0,0.0,0.0,0.0,0.0,0.0,0.0
38,9.5,R4Z4,151.2337357640443,0.0,0.0,42.06454405531741,24.794312490648082,-7.105427357601002e-15,0.0,0.0,0.0,0.0,0.0,0.0,0.0,0.0,0.0,0.0,0.0,0.0,0.0
38,9.5,R4Z5,153.2232560256932,0.0,0.0,13.416678674642348,35.735738250816475,28.661531648539217,0.0,0.0,98.97374503098088,0.0,0.0,0.0,0.0,0.0,0.0,0.0,0.0,0.0,0.0
38,9.5,R4Z6,97.358353080733,0.0,0.0,81.95746969035194,13.92342713844737,0.0,0.0,0.0,98.97374503098088,0.0,0.0,0.0,151.25969022075284,0.0,0.0,0.0,0.0,0.0,0.0
38,9.5,R4Z7,117.16995620209394,0.0,0.0,0.0,0.0,81.75523999366408,69.05215974955964,0.0,98.97374503098088,0.0,0.0,0.0,0.0,0.0,0.0,0.0,0.0,0.0,0.0
38,9.5,R4Z8,130.23162086492096,0.0,0.0,0.0,0.0,64.57323466295801,29.3643801840362,0.0,98.97374503098088,0.0,0.0,0.0,0.0,0.0,0.0,0.0,0.0,0.0,0.0
38,9.5,R4Z9,121.62971609158821,0.0,0.0,0.0,0.0,80.00169308471425,33.54721132408982,0.0,0.0,0.0,0.0,0.0,87.55071156482923,0.0,0.0,0.0,0.0,0.0,0.0
38,9.5,R4Z10,112.87893098360794,0.0,0.0,33.425011984296496,54.05417968102204,0.0,0.0,0.0,0.0,0.0,0.0,0.0,89.19003100874757,0.0,0.0,0.0,0.0,0.0,0.0
38,9.5,R4Z11,126.26966636581749,0.0,0.0,67.24258102904429,19.31583834163426,0.0,0.0,0.0,49.48687251549044,0.0,0.0,0.0,82.5130851746393,0.0,0.0,0.0,0.0,0.0,0.0
38,9.5,R5Z1,125.31297189603654,0.0,135.0,114.31956069831645,10.268310882184139,0.0,0.0,0.0,0.0,0.0,0.0,0.0,72.03707586228566,0.0,0.0,0.0,0.0,0.0,0.0
38,9.5,R5Z2,93.47806879560363,0.0,135.0,31.971726816628383,49.007440942779475,7.105427357601002e-15,0.0,0.0,49.48687251549044,0.0,0.0,0.0,171.39952396289476,0.0,0.0,0.0,0.0,0.0,0.0
38,9.5,R5Z3,114.95446553636747,0.0,0.0,0.0,0.0,103.95972811760706,66.09876297383659,0.0,49.48687251549044,0.0,0.0,0.0,145.37981271687238,0.0,0.0,0.0,0.0,0.0,0.0
38,9.5,R5Z4,99.50621162922447,0.0,0.0,0.0,0.0,105.1741123256882,33.34301996205859,0.0,98.97374503098088,0.0,0.0,0.0,0.0,0.0,0.0,0.0,0.0,0.0,0.0
38,9.5,R5Z5,106.18372503079807,0.0,0.0,0.0,0.0,43.20448726376788,41.958395578620156,0.0,49.48687251549044,0.0,0.0,0.0,79.98215056262177,0.0,0.0,0.0,0.0,0.0,0.0
38,9.5,R5Z6,144.4437317965594,0.0,0.0,38.117007891285766,115.73710435809119,7.105427357601002e-15,0.0,0.0,98.97374503098088,0.0,0.0,0.0,162.3565259588248,0.0,0.0,0.0,0.0,0.0,0.0
38,9.5,R5Z7,96.48876208741179,0.0,0.0,0.0,0.0,70.11738342234678,21.976700559943843,0.0,0.0,0.0,0.0,0.0,88.08424441378257,0.0,0.0,0.0,0.0,0.0,0.0
38,9.5,R5Z8,119.66853825018522,0.0,0.0,7.512464150591811,70.84158771058216,62.6486739568514,0.0,0.0,49.48687251549044,0.0,0.0,0.0,163.94559996698848,0.0,0.0,0.0,0.0,0.0,0.0
38,9.5,R5Z9,115.72942644295277,0.0,0.0,0.0,0.0,108.62245485018671,119.0076296871875,0.0,0.0,0.0,0.0,0.0,85.41723153714116,0.0,0.0,0.0,0.0,0.0,0.0
38,9.5,R6Z1,100.53138134212556,0.0,135.0,74.8790917639117,44.58216669986431,0.0,0.0,0.0,0.0,0.0,0.0,0.0,0.0,2.354085651465958,0.0,640.0,0.0,0.0,0.0
38,9.5,R6Z2,116.84870719871572,0.0,135.0,0.0,0.0,81.69300622909539,23.355604334564696,0.0,98.97374503098088,0.0,0.0,0.0,139.14718067370922,2.354085651465958,0.0,640.0,0.0,0.0,0.0
38,9.5,R6Z3,150.43853924547358,0.0,0.0,0.0,0.0,115.21414115068775,109.43636546202576,0.0,49.48687251549044,0.0,0.0,0.0,81.95166829355297,0.0,0.0,0.0,0.0,0.0,0.0
38,9.5,R6Z4,127.74922314897778,0.0,0.0,0.0,0.0,39.39042900884028,210.85995991082672,0.0,49.48687251549044,0.0,0.0,0.0,77.70773333443368,0.0,0.0,0.0,0.0,0.0,0.0
38,9.5,R7Z1,136.8157778139281,0.0,135.0,0.0,0.0,70.87314256092291,41.102849425561125,0.0,49.48687251549044,0.0,0.0,0.0,0.0,2.354085651465958,0.0,640.0,0.0,0.0,0.0
38,9.5,R7Z2,132.99846666010546,0.0,135.0,83.04727126497738,8.494293907333946,0.0,0.0,0.0,0.0,0.0,0.0,0.0,165.66687848335803,0.0,0.0,0.0,0.0,0.0,0.0
38,9.5,R7Z3,126.15435757600814,0.0,0.0,37.58793915248347,90.39128120481598,0.0,0.0,0.0,98.97374503098088,0.0,0.0,0.0,141.4810392571456,0.0,0.0,0.0,0.0,0.0,0.0
38,9.5,R7Z4,170.06685712283306,0.0,0.0,80.29892536579163,63.313996487835276,23.537223325558912,0.0,0.0,49.48687251549044,0.0,0.0,0.0,69.03032474355119,0.0,0.0,0.0,0.0,0.0,0.0
38,9.5,R7Z5,116.79155104804543,0.0,0.0,0.0,0.0,36.76285846701376,39.481473910893605,0.0,98.97374503098088,0.0,0.0,0.0,0.0,0.0,0.0,0.0,0.0,0.0,0.0
38,9.5,R7Z6,110.20514689632505,0.0,0.0,0.0,0.0,73.44572279063256,12.695760007284207,0.0,98.97374503098088,0.0,0.0,0.0,0.0,0.0,0.0,0.0,0.0,0.0,0.0
38,9.5,R7Z7,136.50137798514274,0.0,0.0,61.84824891140184,60.95085777646071,7.105427357601002e-15,0.0,0.0,0.0,0.0,0.0,0.0,69.34010943627482,0.0,0.0,0.0,0.0,0.0,0.0
38,9.5,R7Z8,148.82034485205915,0.0,0.0,0.0,0.0,90.77274495396183,52.47865712513616,0.0,98.97374503098088,0.0,0.0,0.0,147.28368733556994,0.0,0.0,0.0,0.0,0.0,0.0
38,9.5,R7Z9,98.01855703727048,0.0,0.0,0.0,0.0,80.0092068767375,0.0,0.0,98.97374503098088,0.0,0.0,0.0,80.52883475561808,0.0,0.0,0.0,0.0,0.0,0.0
38,9.5,R8Z1,134.82421046031675,0.0,135.0,0.0,0.0,72.3520690701184,0.0,0.0,49.48687251549044,0.0,0.0,0.0,85.74986802242483,2.354085651465958,0.0,640.0,0.0,0.0,0.0
38,9.5,R8Z2,85.73933559891594,0.0,135.0,0.0,0.0,75.15934543843133,78.03372418963323,0.0,49.48687251549044,0.0,0.0,0.0,149.383761397476,0.0,0.0,0.0,0.0,0.0,0.0
38,9.5,R8Z3,113.45845313496875,0.0,0.0,73.58348159582215,65.97854723455481,-1.4210854715202004e-14,0.0,0.0,49.48687251549044,0.0,0.0,0.0,174.76841459885088,0.0,0.0,0.0,0.0,0.0,0.0
38,9.5,R8Z4,152.7559579714665,0.0,0.0,72.89212328991405,8.014150913651289,0.0,0.0,0.0,0.0,0.0,0.0,0.0,0.0,0.0,0.0,0.0,0.0,0.0,0.0
38,9.5,R8Z5,152.9707092108352,0.0,0.0,63.565314442649765,18.59899974052008,7.105427357601002e-15,0.0,0.0,49.48687251549044,0.0,0.0,0.0,86.97392225835623,0.0,0.0,0.0,0.0,0.0,0.0
38,9.5,R8Z6,136.0514071834603,0.0,0.0,36.013093222376014,11.315454673836701,-7.105427357601002e-15,0.0,0.0,49.48687251549044,0.0,0.0,0.0,0.0,0.0,0.0,0.0,0.0,0.0,0.0
38,9.5,R8Z7,137.14811097624008,0.0,0.0,32.02821358226437,18.418276819158567,47.95914177704019,0.0,0.0,0.0,0.0,0.0,0.0,80.57989146346424,0.0,0.0,0.0,0.0,0.0,0.0
38,9.5,R8Z8,137.71411975077604,0.0,0.0,78.77399547728196,10.201476330138808,0.0,0.0,0.0,49.48687251549044,0.0,0.0,0.0,85.67380166129384,0.0,0.0,0.0,0.0,0.0,0.0
38,9.5,R9Z1,115.62699691694664,0.0,135.0,0.0,0.0,35.913262669788026,28.003228017699865,0.0,49.48687251549044,0.0,0.0,0.0,0.0,2.354085651465958,0.0,640.0,0.0,0.0,0.0
38,9.5,R9Z2,136.504926083254,0.0,135.0,0.0,60.292569715482806,37.226241253033244,6.524913765533462,0.0,49.48687251549044,0.0,0.0,0.0,76.18499471696329,2.354085651465958,0.0,640.0,0.0,0.0,0.0
38,9.5,R9Z3,136.23771791618137,0.0,0.0,0.0,0.0,71.79758398814619,15.971534794581736,0.0,98.97374503098088,0.0,0.0,0.0,140.0423695628656,0.0,0.0,0.0,0.0,0.0,0.0
38,9.5,R9Z4,124.69168807599956,0.0,0.0,0.0,0.0,90.0,61.62691895714645,0.0,49.48687251549044,0.0,0.0,0.0,73.45327708488259,0.0,0.0,0.0,0.0,0.0,0.0
38,9.5,R9Z5,135.99460824477225,0.0,0.0,69.2365303960956,119.13110325808195,0.0,0.0,0.0,49.48687251549044,0.0,0.0,0.0,152.98511818430654,0.0,0.0,0.0,0.0,0.0,0.0
38,9.5,R9Z6,147.86303787752595,0.0,0.0,34.224932095623714,13.261879512186265,0.0,0.0,0.0,49.48687251549044,0.0,0.0,0.0,162.65781469965196,0.0,0.0,0.0,0.0,0.0,0.0
38,9.5,R9Z7,85.17256276201387,0.0,0.0,102.15486700573516,35.40328987504526,-1.4210854715202004e-14,0.0,0.0,0.0,0.0,0.0,0.0,77.95721519650023,0.0,0.0,0.0,0.0,0.0,0.0
38,9.5,R9Z8,145.87893185836728,0.0,0.0,0.0,0.0,76.55847478175431,16.60455515860997,0.0,49.48687251549044,0.0,0.0,0.0,72.8426030828807,0.0,0.0,0.0,0.0,0.0,0.0
38,9.5,R9Z9,154.5473635858094,0.0,0.0,0.0,0.0,74.39961482423749,34.870087091166845,0.0,0.0,0.0,0.0,0.0,165.30395746603872,0.0,0.0,0.0,0.0,0.0,0.0
38,9.5,R9Z10,98.31814024291182,0.0,0.0,68.27697475995856,82.08605769093415,0.0,0.0,0.0,0.0,0.0,0.0,0.0,0.0,0.0,0.0,0.0,0.0,0.0,0.0
38,9.5,R9Z11,120.56185780705603,0.0,0.0,39.741156710281174,116.40166153042198,0.0,0.0,0.0,0.0,0.0,0.0,0.0,163.36875966879174,0.0,0.0,0.0,0.0,0.0,0.0
38,9.5,R10Z1,124.68206200554127,0.0,0.0,0.0,0.0,43.010361908533056,0.0,0.0,0.0,0.0,0.0,0.0,71.61397238349961,2.354085651465958,0.0,640.0,0.0,0.0,0.0
38,9.5,R10Z2,107.98771114761206,0.0,0.0,0.0,0.0,61.344011302865255,78.94450557518995,0.0,0.0,0.0,0.0,0.0,170.5488643226201,2.354085651465958,0.0,640.0,0.0,0.0,0.0
38,9.5,R10Z3,76.78846385997902,0.0,0.0,0.0,0.0,120.87475934682536,95.15506225462826,0.0,0.0,0.0,0.0,0.0,81.98198108256364,0.0,0.0,0.0,0.0,0.0,0.0
38,9.5,R10Z4,125.76583489636997,0.0,0.0,33.602687659601585,19.576386794085114,0.0,0.0,0.0,98.97374503098088,0.0,0.0,0.0,83.12080285544467,0.0,0.0,0.0,0.0,0.0,0.0
38,9.5,R10Z5,81.57065693848638,0.0,0.0,0.0,0.0,32.90570537621073,57.20902475059309,0.0,98.97374503098088,0.0,0.0,0.0,0.0,0.0,0.0,0.0,0.0,0.0,0.0
38,9.5,R10Z6,123.0929232832897,0.0,0.0,0.0,0.0,82.70419933307426,0.0,0.0,98.97374503098088,0.0,0.0,0.0,70.51998711981253,0.0,0.0,0.0,0.0,0.0,0.0
38,9.5,R10Z7,90.19059600110012,0.0,0.0,33.17674769471279,144.0745630454129,7.105427357601002e-15,0.0,0.0,98.97374503098088,0.0,0.0,0.0,85.31329699348791,0.0,0.0,0.0,0.0,0.0,0.0
38,9.5,R10Z8,98.25333450239548,0.0,0.0,0.0,0.0,41.445536383074966,4.777851276204196,0.0,0.0,0.0,0.0,0.0,82.55483090438139,0.0,0.0,0.0,0.0,0.0,0.0
38,9.5,R10Z9,116.65798016090713,0.0,0.0,0.0,0.0,33.3256210654611,75.93378886464956,0.0,49.48687251549044,0.0,0.0,0.0,0.0,0.0,0.0,0.0,0.0,0.0,0.0
38,9.5,R11Z1,163.74985791763135,0.0,135.0,0.0,0.0,89.71978343764977,100.81104582886296,0.0,98.97374503098088,0.0,0.0,0.0,161.1679030950235,0.0,0.0,0.0,0.0,0.0,0.0
38,9.5,R11Z2,111.84581591186449,0.0,135.0,45.0,17.19836234065167,0.0,0.0,0.0,49.48687251549044,0.0,0.0,0.0,70.58757991568172,0.0,0.0,0.0,0.0,0.0,0.0
38,9.5,R11Z3,169.316282952118,0.0,0.0,21.138935476136798,25.955667193662716,21.61231956392162,0.0,0.0,49.48687251549044,0.0,0.0,0.0,0.0,0.0,0.0,0.0,0.0,0.0,0.0
38,9.5,R11Z4,149.00714210663114,0.0,0.0,0.0,0.0,115.54278994626672,58.79938260990827,0.0,0.0,0.0,0.0,0.0,81.84095132439438,0.0,0.0,0.0,0.0,0.0,0.0
38,9.5,R11Z5,102.92008201666978,0.0,0.0,31.230905100734738,25.739225833812256,0.0,0.0,0.0,49.48687251549044,0.0,0.0,0.0,89.61171984727176,0.0,0.0,0.0,0.0,0.0,0.0
38,9.5,R11Z6,147.09379358136465,0.0,0.0,45.0,76.10797247362062,0.0,0.0,0.0,0.0,0.0,0.0,0.0,0.0,0.0,0.0,0.0,0.0,0.0,0.0
38,9.5,R11Z7,137.21350620852184,0.0,0.0,0.0,0.0,37.44633901507037,1.2983452563250442,0.0,49.48687251549044,0.0,0.0,0.0,0.0,0.0,0.0,0.0,0.0,0.0,0.0
38,9.5,R11Z8,95.66382892852172,0.0,0.0,74.72233847300213,85.01351212638095,-1.4210854715202004e-14,0.0,0.0,49.48687251549044,0.0,0.0,0.0,161.01207509342734,0.0,0.0,0.0,0.0,0.0,0.0
38,9.5,R12Z1,124.2556084666388,0.0,135.0,12.03576461865098,37.924555706769446,89.33618091293673,0.0,0.0,98.97374503098088,0.0,0.0,0.0,138.99680450124072,0.0,0.0,0.0,0.0,0.0,0.0
38,9.5,R12Z2,156.92337408132803,0.0,135.0,33.986828874703505,109.62371287454938,-7.105427357601002e-15,0.0,0.0,49.48687251549044,0.0,0.0,0.0,88.66080765765656,0.0,0.0,0.0,0.0,0.0,0.0
38,9.5,R12Z3,111.88946025969123,0.0,0.0,40.86012641657936,21.542461327621435,79.22395535299366,0.0,0.0,49.48687251549044,0.0,0.0,0.0,160.6535331247363,0.0,0.0,0.0,0.0,0.0,0.0
38,9.5,R12Z4,151.10908532822916,0.0,0.0,112.74001938264195,25.789599580384213,0.0,0.0,0.0,0.0,0.0,0.0,0.0,0.0,0.0,0.0,0.0,0.0,0.0,0.0
38,9.5,R12Z5,146.46456814943218,0.0,0.0,32.064250772562474,0.0,0.0,0.0,0.0,0.0,0.0,0.0,0.0,152.09362925556707,0.0,0.0,0.0,0.0,0.0,0.0
38,9.5,R12Z6,120.66421469030433,0.0,0.0,0.0,0.0,62.15505071048257,62.48047469070934,0.0,0.0,0.0,0.0,0.0,0.0,0.0,0.0,0.0,0.0,0.0,0.0
38,9.5,R12Z7,132.22191905475847,0.0,0.0,0.0,9.192264571866176,118.21061163520307,5.276663667636793,0.0,98.97374503098088,0.0,0.0,0.0,0.0,0.0,0.0,0.0,0.0,0.0,0.0
38,9.5,R12Z8,184.9509930884569,0.0,0.0,70.89928508585216,75.63072801984673,0.0,0.0,0.0,0.0,0.0,0.0,0.0,73.46216141153161,0.0,0.0,0.0,0.0,0.0,0.0
38,9.5,R12Z9,113.80444101102107,0.0,0.0,40.531279937613434,66.061714854958,7.105427357601002e-15,0.0,0.0,98.97374503098088,0.0,0.0,0.0,166.67999117768935,0.0,0.0,0.0,0.0,0.0,0.0
39,9.75,R1Z1,118.30880971805644,0.0,0.0,103.5404207482096,41.70913760595285,0.0,0.0,0.0,88.11391702214435,0.0,0.0,0.0,152.25918577875282,0.0,0.0,588.8668820720382,0.0,0.0,0.0
39,9.75,R1Z2,78.129699938652,0.0,0.0,36.537669357617176,66.11850270712212,0.0,0.0,0.0,88.11391702214435,0.0,0.0,0.0,122.64174998920642,0.0,0.0,0.0,0.0,0.0,0.0
39,9.75,R1Z3,163.09448565413837,0.0,0.0,93.00566263763541,31.5884026365695,0.0,0.0,0.0,44.056958511072175,0.0,0.0,0.0,7.863308753510364,0.0,0.0,0.0,0.0,0.0,0.0
39,9.75,R1Z4,81.74820706107036,0.0,0.0,127.68261793126044,95.86895785565846,0.0,0.0,0.0,88.11391702214435,0.0,0.0,0.0,0.0,0.0,0.0,0.0,0.0,0.0,0.0
39,9.75,R1Z5,155.55234398085494,0.0,0.0,72.87298421328,19.38964928734737,0.0,0.0,0.0,88.11391702214435,0.0,0.0,0.0,0.0,0.0,0.0,0.0,0.0,0.0,0.0
39,9.75,R1Z6,124.81137603717724,0.0,0.0,127.3321757968872,58.02353629026892,1.4210854715202004e-14,0.0,0.0,0.0,0.0,45.0,0.0,22.204916168185463,0.0,0.0,0.0,0.0,0.0,0.0
39,9.75,R1Z7,138.3338298207595,0.0,0.0,36.64652431842485,32.18310929844283,0.0,0.0,0.0,44.056958511072175,0.0,0.0,0.0,25.25410514355016,0.0,0.0,0.0,0.0,0.0,0.0
39,9.75,R1Z8,78.99321877536298,0.0,0.0,39.702614275121064,63.99115541201952,7.105427357601002e-15,0.0,0.0,0.0,0.0,0.0,0.0,0.0,0.0,0.0,0.0,0.0,0.0,0.0
39,9.75,R1Z9,124.56805249766698,0.0,0.0,90.0,0.0,0.0,0.0,0.0,0.0,0.0,50.05504740562503,0.0,62.6953236524553,0.0,0.0,0.0,0.0,0.0,0.0
39,9.75,R1Z10,117.64723627242047,0.0,0.0,122.89285639201081,0.0,0.0,0.0,0.0,0.0,0.0,90.0,0.0,47.91619781639787,0.0,0.0,0.0,0.0,0.0,0.0
39,9.75,R2Z1,118.36823064578927,0.0,135.0,0.0,0.0,119.54302676504551,3.1888900893252203,0.0,0.0,0.0,0.0,0.0,74.91278726032947,2.354085651465958,0.0,640.0,0.0,0.0,0.0
39,9.75,R2Z2,105.0547470138493,0.0,135.0,77.32015107492771,0.0,0.0,0.0,0.0,0.0,0.0,0.0,0.0,80.96777490437212,2.354085651465958,0.0,640.0,0.0,0.0,0.0
39,9.75,R2Z3,126.38655519521316,0.0,0.0,0.0,0.0,120.87115285017282,57.90239861172264,0.0,44.056958511072175,0.0,0.0,0.0,70.08905942359787,0.0,0.0,0.0,0.0,0.0,0.0
39,9.75,R2Z4,151.97995748978272,0.0,0.0,0.0,0.0,38.5291059285279,64.46262066373126,0.0,88.11391702214435,0.0,0.0,0.0,0.0,0.0,0.0,0.0,0.0,0.0,0.0
39,9.75,R2Z5,123.62432245504294,0.0,0.0,45.0,107.10206655678618,0.0,0.0,0.0,44.056958511072175,0.0,0.0,0.0,0.0,0.0,0.0,0.0,0.0,0.0,0.0
39,9.75,R2Z6,97.42909503380342,0.0,0.0,0.0,0.0,80.15221085785993,71.19993908165598,0.0,88.11391702214435,0.0,0.0,0.0,169.2289779907088,0.0,0.0,0.0,0.0,0.0,0.0
39,9.75,R2Z7,138.86128456833177,0.0,0.0,35.50966323969084,62.08777054665889,0.0,0.0,0.0,88.11391702214435,0.0,0.0,0.0,86.46590386491967,0.0,0.0,0.0,0.0,0.0,0.0
39,9.75,R2Z8,91.73183182862307,0.0,0.0,87.96751126368316,61.41123267670933,1.4210854715202004e-14,0.0,0.0,0.0,0.0,0.0,0.0,89.100017306362,0.0,0.0,0.0,0.0,0.0,0.0
39,9.75,R2Z9,127.13637507284504,0.0,0.0,0.0,0.0,32.56779602912385,31.4185898315649,0.0,44.056958511072175,0.0,0.0,0.0,81.49236625689113,0.0,0.0,0.0,0.0,0.0,0.0
39,9.75,R3Z1,95.50695226823409,0.0,0.0,0.0,0.0,110.20288208901697,0.0,0.0,0.0,0.0,0.0,0.0,0.0,0.0,0.0,0.0,0.0,0.0,0.0
39,9.75,R3Z2,100.53193422635348,0.0,0.0,105.36679025359852,12.819350510638747,0.0,0.0,0.0,88.11391702214435,0.0,0.0,0.0,162.3208802099678,0.0,0.0,0.0,0.0,0.0,0.0
39,9.75,R3Z3,94.53063743869579,0.0,0.0,0.0,0.0,37.22560517630293,0.0,0.0,44.056958511072175,0.0,0.0,0.0,0.0,0.0,0.0,0.0,0.0,0.0,0.0
39,9.75,R4Z1,134.59849843565473,0.0,135.0,24.636790611232982,65.33617810466836,11.448906054854135,0.0,0.0,88.11391702214435,0.0,0.0,0.0,80.30594432862664,0.0,0.0,0.0,0.0,0.0,0.0
39,9.75,R4Z2,148.25152659861703,0.0,0.0,0.0,0.0,125.35337201368834,40.216565457955824,0.0,88.11391702214435,0.0,0.0,0.0,158.75335861834952,0.0,0.0,0.0,0.0,0.0,0.0
39,9.75,R4Z3,104.47056621150577,0.0,0.0,72.87542663916608,96.85357532039347,0.0,0.0,0.0,0.0,0.0,0.0,0.0,0.0,0.0,0.0,0.0,0.0,0.0,0.0
39,9.75,R4Z4,138.5054022427183,0.0,0.0,0.0,0.0,41.14412528396494,11.39019096418373,0.0,0.0,0.0,0.0,0.0,0.0,0.0,0.0,0.0,0.0,0.0,0.0
39,9.75,R4Z5,151.2604170271728,0.0,0.0,44.52753776709436,73.82101773105826,-7.105427357601002e-15,0.0,0.0,88.11391702214435,0.0,0.0,0.0,0.0,0.0,0.0,0.0,0.0,0.0,0.0
39,9.75,R4Z6,92.69325486386649,0.0,0.0,88.41031471649391,16.803801739302045,0.0,0.0,0.0,88.11391702214435,0.0,0.0,0.0,151.0905474946514,0.0,0.0,0.0,0.0,0.0,0.0
39,9.75,R4Z7,108.69489854981543,0.0,0.0,0.0,20.580981527671085,86.81315571554732,30.244179162416096,0.0,88.11391702214435,0.0,0.0,0.0,0.0,0.0,0.0,0.0,0.0,0.0,0.0
39,9.75,R4Z8,145.9171446438201,0.0,0.0,0.0,0.0,73.61133591124057,13.881465226972022,0.0,88.11391702214435,0.0,0.0,0.0,0.0,0.0,0.0,0.0,0.0,0.0,0.0
39,9.75,R4Z9,109.93182639310608,0.0,0.0,0.0,0.0,84.5211249615502,81.04255517487209,0.0,0.0,0.0,0.0,0.0,87.45280996259413,0.0,0.0,0.0,0.0,0.0,0.0
39,9.75,R4Z10,121.2798268442913,0.0,0.0,0.0,32.65270024074913,33.69784795883245,85.6928155770844,0.0,0.0,0.0,0.0,0.0,89.09029627463649,0.0,0.0,0.0,0.0,0.0,0.0
39,9.75,R4Z11,124.41181201265381,0.0,0.0,64.37115036861283,53.98729469677761,0.0,0.0,0.0,44.056958511072175,0.0,0.0,0.0,82.42081678413082,0.0,0.0,0.0,0.0,0.0,0.0
39,9.75,R5Z1,128.5258926281428,0.0,135.0,121.11494257920936,16.935109349853086,0.0,0.0,0.0,0.0,0.0,0.0,0.0,71.95652203215457,0.0,0.0,0.0,0.0,0.0,0.0
39,9.75,R5Z2,79.90849624067381,0.0,135.0,35.263389841356485,18.400730888100124,7.105427357601002e-15,0.0,0.0,44.056958511072175,0.0,0.0,0.0,171.20786032340652,0.0,0.0,0.0,0.0,0.0,0.0
39,9.75,R5Z3,116.58671063460534,0.0,0.0,103.6028181693595,83.20488633324112,0.0,0.0,0.0,44.056958511072175,0.0,0.0,0.0,145.2172450307482,0.0,0.0,0.0,0.0,0.0,0.0
39,9.75,R5Z4,98.709110831719,0.0,0.0,0.0,0.0,108.16652477126205,23.387145691349637,0.0,88.11391702214435,0.0,0.0,0.0,0.0,0.0,0.0,0.0,0.0,0.0,0.0
39,9.75,R5Z5,107.39329988546184,0.0,0.0,0.0,0.0,41.54910740284832,74.08199014429633,0.0,44.056958511072175,0.0,0.0,0.0,79.89271233247682,0.0,0.0,0.0,0.0,0.0,0.0
39,9.75,R5Z6,120.21932818173752,0.0,0.0,0.0,0.0,39.89963852164719,51.127233371956805,0.0,88.11391702214435,0.0,0.0,0.0,162.17497444724256,0.0,0.0,0.0,0.0,0.0,0.0
39,9.75,R5Z7,95.14995772817846,0.0,0.0,0.0,0.0,78.95586079576933,33.816260967533324,0.0,0.0,0.0,0.0,0.0,87.98574620051114,0.0,0.0,0.0,0.0,0.0,0.0
39,9.75,R5Z8,113.04303695657906,0.0,0.0,0.0,0.0,75.40247297281904,68.4146941107991,0.0,44.056958511072175,0.0,0.0,0.0,163.76227150935193,0.0,0.0,0.0,0.0,0.0,0.0
39,9.75,R5Z9,141.32671551548106,0.0,0.0,65.13356805327922,162.1293815848932,31.977480526351172,0.0,0.0,0.0,0.0,0.0,0.0,85.3217156506737,0.0,0.0,0.0,0.0,0.0,0.0
39,9.75,R6Z1,126.05107684297394,0.0,135.0,0.0,0.0,78.29213695032203,61.804737778530935,0.0,0.0,0.0,0.0,0.0,0.0,2.354085651465958,0.0,640.0,0.0,0.0,0.0
39,9.75,R6Z2,120.19678750053521,0.0,135.0,0.0,0.0,78.93844122525213,46.255946691703414,0.0,88.11391702214435,0.0,0.0,0.0,138.9915824873442,2.354085651465958,0.0,640.0,0.0,0.0,0.0
39,9.75,R6Z3,132.3989272675598,0.0,0.0,125.25991922746721,54.28093419310577,0.0,0.0,0.0,44.056958511072175,0.0,0.0,0.0,81.86002769476883,0.0,0.0,0.0,0.0,0.0,0.0
39,9.75,R6Z4,120.41792834892706,0.0,0.0,0.0,0.0,30.452544418180768,104.59176120825649,0.0,44.056958511072175,0.0,0.0,0.0,77.6208384198919,0.0,0.0,0.0,0.0,0.0,0.0
39,9.75,R7Z1,147.06827142921014,0.0,135.0,0.0,0.0,77.06574139755686,77.47856435420165,0.0,44.056958511072175,0.0,0.0,0.0,0.0,2.354085651465958,0.0,640.0,0.0,0.0,0.0
39,9.75,R7Z2,143.87121608333604,0.0,135.0,0.0,0.0,109.12446675927107,41.13974593189628,0.0,0.0,0.0,0.0,0.0,165.48162524496718,0.0,0.0,0.0,0.0,0.0,0.0
39,9.75,R7Z3,126.39899400273083,0.0,0.0,0.0,0.0,40.07603058748173,9.51676574445148,0.0,88.11391702214435,0.0,0.0,0.0,141.3228312862269,0.0,0.0,0.0,0.0,0.0,0.0
39,9.75,R7Z4,172.00148052731137,0.0,0.0,0.0,0.0,114.6561722021031,102.00114354648814,0.0,44.056958511072175,0.0,0.0,0.0,68.95313314482617,0.0,0.0,0.0,0.0,0.0,0.0
39,9.75,R7Z5,137.15017099023183,0.0,0.0,42.876030522226365,52.60333242759983,7.105427357601002e-15,0.0,0.0,88.11391702214435,0.0,0.0,0.0,0.0,0.0,0.0,0.0,0.0,0.0,0.0
39,9.75,R7Z6,108.37033796969055,0.0,0.0,0.0,3.7867627726706132,79.45960332951266,80.13363444153269,0.0,88.11391702214435,0.0,0.0,0.0,0.0,0.0,0.0,0.0,0.0,0.0,0.0
39,9.75,R7Z7,125.21726428357053,0.0,0.0,0.0,0.0,71.27463294665915,9.008577139593443,0.0,0.0,0.0,0.0,0.0,69.26257142782651,0.0,0.0,0.0,0.0,0.0,0.0
39,9.75,R7Z8,133.05412142776225,0.0,0.0,109.46447814933691,7.302945799504563,0.0,0.0,0.0,88.11391702214435,0.0,0.0,0.0,147.11899068473153,0.0,0.0,0.0,0.0,0.0,0.0
39,9.75,R7Z9,107.95509706301394,0.0,0.0,0.0,0.0,86.7383323386596,75.34975003407017,0.0,88.11391702214435,0.0,0.0,0.0,80.4387852082439,0.0,0.0,0.0,0.0,0.0,0.0
39,9.75,R8Z1,128.25646984802486,0.0,135.0,63.61686631674796,19.591922619619584,-7.105427357601002e-15,0.0,0.0,44.056958511072175,0.0,0.0,0.0,85.65398017273412,2.354085651465958,0.0,640.0,0.0,0.0,0.0
39,9.75,R8Z2,83.18939680928277,0.0,135.0,0.0,0.0,76.5669714090196,44.7349074990959,0.0,44.056958511072175,0.0,0.0,0.0,149.21671638633535,0.0,0.0,0.0,0.0,0.0,0.0
39,9.75,R8Z3,117.60878238204316,0.0,0.0,77.895441699139,3.9305821529329954,0.0,0.0,0.0,44.056958511072175,0.0,0.0,0.0,174.57298377363543,0.0,0.0,0.0,0.0,0.0,0.0
39,9.75,R8Z4,153.12723989383133,0.0,0.0,63.29432688156471,30.912239852628993,0.0,0.0,0.0,0.0,0.0,0.0,0.0,0.0,0.0,0.0,0.0,0.0,0.0,0.0
39,9.75,R8Z5,157.82705306030374,0.0,0.0,69.80785566068924,0.0,0.0,0.0,0.0,44.056958511072175,0.0,0.0,0.0,86.87666563771232,0.0,0.0,0.0,0.0,0.0,0.0
39,9.75,R8Z6,137.3799966319574,0.0,0.0,34.58878073606705,30.580278545890064,7.105427357601002e-15,0.0,0.0,44.056958511072175,0.0,0.0,0.0,0.0,0.0,0.0,0.0,0.0,0.0,0.0
39,9.75,R8Z7,136.64201397880936,0.0,0.0,80.57988639591426,34.124935417895465,0.0,0.0,0.0,0.0,0.0,0.0,0.0,80.48978482308175,0.0,0.0,0.0,0.0,0.0,0.0
39,9.75,R8Z8,151.4913977269136,0.0,0.0,0.0,42.0499332134339,87.71138337319353,23.583843571641182,0.0,44.056958511072175,0.0,0.0,0.0,85.57799887109033,0.0,0.0,0.0,0.0,0.0,0.0
39,9.75,R9Z1,107.22933647952135,0.0,135.0,37.046035284321675,21.587538824968146,0.0,0.0,0.0,44.056958511072175,0.0,0.0,0.0,0.0,2.354085651465958,0.0,640.0,0.0,0.0,0.0
39,9.75,R9Z2,136.53458975097604,0.0,135.0,40.44891935971178,89.55794659096865,-7.105427357601002e-15,0.0,0.0,44.056958511072175,0.0,0.0,0.0,76.09980257042614,2.354085651465958,0.0,640.0,0.0,0.0,0.0
39,9.75,R9Z3,139.75370456027068,0.0,0.0,77.69678386395135,37.205018194847895,0.0,0.0,0.0,88.11391702214435,0.0,0.0,0.0,139.88577035178034,0.0,0.0,0.0,0.0,0.0,0.0
39,9.75,R9Z4,121.50504305451712,0.0,0.0,0.0,0.0,90.0,76.62761371820523,0.0,44.056958511072175,0.0,0.0,0.0,73.3711396197781,0.0,0.0,0.0,0.0,0.0,0.0
39,9.75,R9Z5,123.55040392179804,0.0,0.0,32.56155189403212,101.68544367460781,38.18972239293845,0.0,0.0,44.056958511072175,0.0,0.0,0.0,152.81404603742538,0.0,0.0,0.0,0.0,0.0,0.0
39,9.75,R9Z6,137.77758432016836,0.0,0.0,36.84941874433136,49.018295376653356,0.0,0.0,0.0,44.056958511072175,0.0,0.0,0.0,162.47592627875244,0.0,0.0,0.0,0.0,0.0,0.0
39,9.75,R9Z7,95.42913352671687,0.0,0.0,104.26846420450488,21.708115395854364,0.0,0.0,0.0,0.0,0.0,0.0,0.0,77.8700413045111,0.0,0.0,0.0,0.0,0.0,0.0
39,9.75,R9Z8,134.35596145647793,0.0,0.0,56.49256892756243,33.80643401784333,21.302201984998575,0.0,0.0,44.056958511072175,0.0,0.0,0.0,72.7611484901615,0.0,0.0,0.0,0.0,0.0,0.0
39,9.75,R9Z9,158.93281524595187,0.0,0.0,76.90998797768728,24.79214631615818,0.0,0.0,0.0,0.0,0.0,0.0,0.0,165.11911005586384,0.0,0.0,0.0,0.0,0.0,0.0
39,9.75,R9Z10,94.97885506372941,0.0,0.0,0.0,0.0,74.30652220073118,89.7841180679744,0.0,0.0,0.0,0.0,0.0,0.0,0.0,0.0,0.0,0.0,0.0,0.0
39,9.75,R9Z11,109.64758288193612,0.0,0.0,0.0,43.498529843256776,37.78377416347674,24.26470978170066,0.0,0.0,0.0,0.0,0.0,163.18607624976673,0.0,0.0,0.0,0.0,0.0,0.0
39,9.75,R10Z1,125.64109618110827,0.0,0.0,0.0,0.0,44.27239201807597,15.990935290132908,0.0,0.0,0.0,0.0,0.0,71.5338916792603,2.354085651465958,0.0,640.0,0.0,0.0,0.0
39,9.75,R10Z2,109.48089842784026,0.0,0.0,0.0,0.0,65.11171762494985,148.4677522774898,0.0,0.0,0.0,0.0,0.0,170.35815191402708,2.354085651465958,0.0,640.0,0.0,0.0,0.0
39,9.75,R10Z3,91.59949092060424,0.0,0.0,121.23735667705994,8.81842203653518,1.4210854715202004e-14,0.0,0.0,0.0,0.0,0.0,0.0,81.89030658718906,0.0,0.0,0.0,0.0,0.0,0.0
39,9.75,R10Z4,117.36470269983835,0.0,0.0,0.0,0.0,37.375995040955935,27.58226632044004,0.0,88.11391702214435,0.0,0.0,0.0,83.0278548983902,0.0,0.0,0.0,0.0,0.0,0.0
39,9.75,R10Z5,81.05968279103472,0.0,0.0,25.983589189102773,121.78358932408746,11.084472880974218,0.0,0.0,88.11391702214435,0.0,0.0,0.0,0.0,0.0,0.0,0.0,0.0,0.0,0.0
39,9.75,R10Z6,141.09507721517556,0.0,0.0,0.0,0.0,90.0,11.175957119577212,0.0,88.11391702214435,0.0,0.0,0.0,70.4411297398412,0.0,0.0,0.0,0.0,0.0,0.0
39,9.75,R10Z7,107.30542871236572,0.0,0.0,31.236839410184658,85.48928039143631,0.0,0.0,0.0,88.11391702214435,0.0,0.0,0.0,85.2178973294722,0.0,0.0,0.0,0.0,0.0,0.0
39,9.75,R10Z8,91.92064008578521,0.0,0.0,0.0,0.0,42.00810959466563,26.094818223815007,0.0,0.0,0.0,0.0,0.0,82.4625158326552,0.0,0.0,0.0,0.0,0.0,0.0
39,9.75,R10Z9,112.77281171320978,0.0,0.0,0.0,0.0,32.34512399342971,51.337743500036304,0.0,44.056958511072175,0.0,0.0,0.0,0.0,0.0,0.0,0.0,0.0,0.0,0.0
39,9.75,R11Z1,174.57253423858782,0.0,135.0,82.14753459714092,64.67617874642752,-1.4210854715202004e-14,0.0,0.0,88.11391702214435,0.0,0.0,0.0,160.98768073406427,0.0,0.0,0.0,0.0,0.0,0.0
39,9.75,R11Z2,118.0313706518163,0.0,135.0,0.0,0.0,45.0,19.712884969740987,0.0,44.056958511072175,0.0,0.0,0.0,70.5086469515958,0.0,0.0,0.0,0.0,0.0,0.0
39,9.75,R11Z3,157.64543832452628,0.0,0.0,45.0,29.279046229771737,0.0,0.0,0.0,44.056958511072175,0.0,0.0,0.0,0.0,0.0,0.0,0.0,0.0,0.0,0.0
39,9.75,R11Z4,161.28918068903752,0.0,0.0,0.0,0.0,109.09211605259068,47.1953757737583,0.0,0.0,0.0,0.0,0.0,81.74943453235586,0.0,0.0,0.0,0.0,0.0,0.0
39,9.75,R11Z5,111.66040726126911,0.0,0.0,34.95919092005727,36.721394259985814,0.0,0.0,0.0,44.056958511072175,0.0,0.0,0.0,89.51151356915837,0.0,0.0,0.0,0.0,0.0,0.0
39,9.75,R11Z6,142.90593055984485,0.0,0.0,45.0,78.81636883423361,0.0,0.0,0.0,0.0,0.0,0.0,0.0,0.0,0.0,0.0,0.0,0.0,0.0,0.0
39,9.75,R11Z7,130.75495212278847,0.0,0.0,38.20861110297534,87.08092691625959,0.0,0.0,0.0,44.056958511072175,0.0,0.0,0.0,0.0,0.0,0.0,0.0,0.0,0.0,0.0
39,9.75,R11Z8,86.20158949256023,0.0,0.0,0.0,0.8055370879392214,75.25648167785121,81.81635964776879,0.0,44.056958511072175,0.0,0.0,0.0,160.83202698360503,0.0,0.0,0.0,0.0,0.0,0.0
39,9.75,R12Z1,102.65607704287683,0.0,135.0,0.0,0.0,98.21665803428965,0.0,0.0,88.11391702214435,0.0,0.0,0.0,138.84137446962808,0.0,0.0,0.0,0.0,0.0,0.0
39,9.75,R12Z2,150.39205431988464,0.0,135.0,0.0,0.0,37.106484797017565,136.77555815761423,0.0,44.056958511072175,0.0,0.0,0.0,88.56166471558332,0.0,0.0,0.0,0.0,0.0,0.0
39,9.75,R12Z3,111.5668337256956,0.0,0.0,126.39614247792086,17.616845900075088,1.4210854715202004e-14,0.0,0.0,44.056958511072175,0.0,0.0,0.0,160.4738859463579,0.0,0.0,0.0,0.0,0.0,0.0
39,9.75,R12Z4,154.65083474517755,0.0,0.0,129.04758894443438,4.277616016202371,0.0,0.0,0.0,0.0,0.0,0.0,0.0,0.0,0.0,0.0,0.0,0.0,0.0,0.0
39,9.75,R12Z5,112.64404201745101,0.0,0.0,0.0,0.0,35.159980019895514,21.810296361654032,0.0,0.0,0.0,0.0,0.0,151.92355399600913,0.0,0.0,0.0,0.0,0.0,0.0
39,9.75,R12Z6,128.8307951021372,0.0,0.0,66.86571757206477,16.617478185281065,1.4210854715202004e-14,0.0,0.0,0.0,0.0,0.0,0.0,0.0,0.0,0.0,0.0,0.0,0.0,0.0
39,9.75,R12Z7,119.82331518967273,0.0,0.0,58.48508654284693,28.55474476571251,53.72974802357545,0.0,0.0,88.11391702214435,0.0,0.0,0.0,0.0,0.0,0.0,0.0,0.0,0.0,0.0
39,9.75,R12Z8,169.6413238779347,0.0,0.0,74.67597800046212,32.26161738306224,0.0,0.0,0.0,0.0,0.0,0.0,0.0,73.38001401172987,0.0,0.0,0.0,0.0,0.0,0.0
39,9.75,R12Z9,119.7819395764971,0.0,0.0,0.0,0.0,44.35613338487187,85.15873862490596,0.0,88.11391702214435,0.0,0.0,0.0,166.4936050489513,0.0,0.0,0.0,0.0,0.0,0.0
40,10.0,R1Z1,95.36923643480083,0.0,0.0,98.6374866071005,90.72528970127306,0.0,0.0,0.0,92.32712473640534,0.0,0.0,0.0,152.0889253893588,0.0,0.0,588.3618033749477,0.0,0.0,0.0
40,10.0,R1Z2,71.59698076861088,0.0,0.0,37.669256729844435,88.92678968678298,-7.105427357601002e-15,0.0,0.0,92.32712473640534,0.0,0.0,0.0,122.5046086272431,0.0,0.0,0.0,0.0,0.0,0.0
40,10.0,R1Z3,147.96922895335098,0.0,0.0,109.68676117386804,19.137862825412867,-1.4210854715202004e-14,0.0,0.0,46.16356236820267,0.0,90.0,0.0,29.537121631940465,0.0,0.0,0.0,0.0,0.0,0.0
40,10.0,R1Z4,84.99156710092676,0.0,0.0,135.0,66.75852279341161,0.0,0.0,0.0,92.32712473640534,0.0,0.0,0.0,0.0,0.0,0.0,0.0,0.0,0.0,0.0
40,10.0,R1Z5,157.9514801680198,0.0,0.0,84.23633024540754,12.913292243606925,-1.4210854715202004e-14,0.0,0.0,92.32712473640534,0.0,0.0,0.0,0.0,0.0,0.0,0.0,0.0,0.0,0.0
40,10.0,R1Z6,152.94238544797653,0.0,0.0,108.2651158254443,12.19890885811866,0.0,0.0,0.0,0.0,0.0,0.0,0.0,22.18008602310147,0.0,0.0,0.0,0.0,0.0,0.0
40,10.0,R1Z7,137.47972952593994,0.0,0.0,35.442607629835166,0.0,0.0,0.0,0.0,46.16356236820267,0.0,0.0,0.0,25.22586531188715,0.0,0.0,0.0,0.0,0.0,0.0
40,10.0,R1Z8,87.90818275759368,0.0,0.0,40.13456774310782,71.11762886743688,7.105427357601002e-15,0.0,0.0,0.0,0.0,0.0,0.0,0.0,0.0,0.0,0.0,0.0,0.0,0.0
40,10.0,R1Z9,124.08852559618047,0.0,0.0,83.1695189578326,40.67644728089838,0.0,0.0,0.0,0.0,0.0,0.0,0.0,62.625216025361055,0.0,0.0,0.0,0.0,0.0,0.0
40,10.0,R1Z10,100.75454139109156,0.0,0.0,123.05043801765606,8.13007528464183,1.4210854715202004e-14,0.0,0.0,0.0,0.0,71.78141234472159,0.0,65.15603962243142,0.0,0.0,0.0,0.0,0.0,0.0
40,10.0,R2Z1,125.01643609367278,0.0,135.0,135.0,40.12281884617298,0.0,0.0,0.0,0.0,0.0,0.0,0.0,74.829017730995,2.354085651465958,0.0,640.0,0.0,0.0,0.0
40,10.0,R2Z2,105.53038091345404,0.0,135.0,90.0,1.8909775553930364,0.0,0.0,0.0,0.0,0.0,0.0,0.0,80.87723452210831,2.354085651465958,0.0,640.0,0.0,0.0,0.0
40,10.0,R2Z3,118.46209771264552,0.0,0.0,0.0,0.0,135.0,55.73720785092696,0.0,46.16356236820267,0.0,0.0,0.0,70.01068391877241,0.0,0.0,0.0,0.0,0.0,0.0
40,10.0,R2Z4,143.59090831602717,0.0,0.0,40.962630924990606,33.7536862318434,0.0,0.0,0.0,92.32712473640534,0.0,0.0,0.0,0.0,0.0,0.0,0.0,0.0,0.0,0.0
40,10.0,R2Z5,124.98157321996008,0.0,0.0,0.0,0.0,41.115806066813725,17.167838540006937,0.0,46.16356236820267,0.0,0.0,0.0,0.0,0.0,0.0,0.0,0.0,0.0,0.0
40,10.0,R2Z6,104.73309810953083,0.0,0.0,0.0,0.0,80.94796811806876,123.65881342579719,0.0,92.32712473640534,0.0,0.0,0.0,169.03974151514197,0.0,0.0,0.0,0.0,0.0,0.0
40,10.0,R2Z7,131.4842122531095,0.0,0.0,0.0,0.0,41.679811119969756,10.60521961349141,0.0,92.32712473640534,0.0,0.0,0.0,86.36921532434951,0.0,0.0,0.0,0.0,0.0,0.0
40,10.0,R2Z8,112.0676267358094,0.0,0.0,111.97154406739364,52.00876997774398,-1.4210854715202004e-14,0.0,0.0,0.0,0.0,0.0,0.0,89.00038322803691,0.0,0.0,0.0,0.0,0.0,0.0
40,10.0,R2Z9,112.83833141721759,0.0,0.0,32.85643082367906,35.474527339745066,0.0,0.0,0.0,46.16356236820267,0.0,0.0,0.0,81.40123926221706,0.0,0.0,0.0,0.0,0.0,0.0
40,10.0,R3Z1,87.38152546030096,0.0,0.0,0.0,0.0,135.0,27.487997227625094,0.0,0.0,0.0,0.0,0.0,0.0,0.0,0.0,0.0,0.0,0.0,0.0
40,10.0,R3Z2,103.33872222620882,0.0,0.0,0.0,0.0,128.31243015414626,70.8311952084377,0.0,92.32712473640534,0.0,0.0,0.0,162.13936855843772,0.0,0.0,0.0,0.0,0.0,0.0
40,10.0,R3Z3,112.20799506602275,0.0,0.0,0.0,0.0,41.25682115245689,15.716798493980452,0.0,46.16356236820267,0.0,0.0,0.0,0.0,0.0,0.0,0.0,0.0,0.0,0.0
40,10.0,R4Z1,115.05193546594346,0.0,135.0,0.0,0.0,34.54333040827685,83.6103543105398,0.0,92.32712473640534,0.0,0.0,0.0,80.2161440234292,0.0,0.0,0.0,0.0,0.0,0.0
40,10.0,R4Z2,163.65062742936735,0.0,0.0,95.49646271844175,1.4370551724841054,37.31762828825363,0.0,0.0,92.32712473640534,0.0,0.0,0.0,158.5758362671185,0.0,0.0,0.0,0.0,0.0,0.0
40,10.0,R4Z3,111.28202763868964,0.0,0.0,71.03276885985606,109.05958800642061,0.0,0.0,0.0,0.0,0.0,0.0,0.0,0.0,0.0,0.0,0.0,0.0,0.0,0.0
40,10.0,R4Z4,147.28503451791494,0.0,0.0,43.625872685869325,7.6661749051766215,0.0,0.0,0.0,0.0,0.0,0.0,0.0,0.0,0.0,0.0,0.0,0.0,0.0,0.0
40,10.0,R4Z5,176.9992153655981,0.0,0.0,0.0,0.0,45.0,133.17114400304447,0.0,92.32712473640534,0.0,0.0,0.0,0.0,0.0,0.0,0.0,0.0,0.0,0.0
40,10.0,R4Z6,108.39418939392856,0.0,0.0,89.6151235306972,16.3911989906681,0.0,0.0,0.0,92.32712473640534,0.0,0.0,0.0,150.92159390857628,0.0,0.0,0.0,0.0,0.0,0.0
40,10.0,R4Z7,95.0933082281027,0.0,0.0,0.0,0.0,85.02349781015,19.769414480512314,0.0,92.32712473640534,0.0,0.0,0.0,0.0,0.0,0.0,0.0,0.0,0.0,0.0
40,10.0,R4Z8,139.801947026746,0.0,0.0,62.76267059139981,5.03116226917382,14.380669344887863,0.0,0.0,92.32712473640534,0.0,0.0,0.0,0.0,0.0,0.0,0.0,0.0,0.0,0.0
40,10.0,R4Z9,108.20538985254396,0.0,0.0,0.0,0.0,84.19762718779775,142.570157573957,0.0,0.0,0.0,0.0,0.0,87.35501783661056,0.0,0.0,0.0,0.0,0.0,0.0
40,10.0,R4Z10,111.06511235363205,0.0,0.0,0.0,0.0,35.57180270839322,0.0,0.0,0.0,0.0,0.0,0.0,88.99067306663517,0.0,0.0,0.0,0.0,0.0,0.0
40,10.0,R4Z11,103.32558425684077,0.0,0.0,69.958258046161,61.28866960782201,1.4210854715202004e-14,0.0,0.0,46.16356236820267,0.0,0.0,0.0,82.32865157066232,0.0,0.0,0.0,0.0,0.0,0.0
40,10.0,R5Z1,134.52170959642393,0.0,135.0,0.0,0.0,135.0,31.347976796898635,0.0,0.0,0.0,0.0,0.0,71.87605827952136,0.0,0.0,0.0,0.0,0.0,0.0
40,10.0,R5Z2,89.5470514321372,0.0,135.0,0.0,0.0,35.275107972384404,8.454969036712246,0.0,46.16356236820267,0.0,0.0,0.0,171.01641100744644,0.0,0.0,0.0,0.0,0.0,0.0
40,10.0,R5Z3,117.473553199719,0.0,0.0,106.2010175251225,52.22753586881817,-1.4210854715202004e-14,0.0,0.0,46.16356236820267,0.0,0.0,0.0,145.05485913226067,0.0,0.0,0.0,0.0,0.0,0.0
40,10.0,R5Z4,97.52843402055261,0.0,0.0,0.0,0.0,113.9705336026385,39.02324711364858,0.0,92.32712473640534,0.0,0.0,0.0,0.0,0.0,0.0,0.0,0.0,0.0,0.0
40,10.0,R5Z5,108.73504525799405,0.0,0.0,41.205090089534494,54.09426765966286,-7.105427357601002e-15,0.0,0.0,46.16356236820267,0.0,0.0,0.0,79.80337411460904,0.0,0.0,0.0,0.0,0.0,0.0
40,10.0,R5Z6,152.9988116943178,0.0,0.0,40.6203251731344,19.96533219034815,0.0,0.0,0.0,92.32712473640534,0.0,0.0,0.0,161.99362595153028,0.0,0.0,0.0,0.0,0.0,0.0
40,10.0,R5Z7,73.3054038700268,0.0,0.0,75.24785337620644,36.234282283972135,0.0,0.0,0.0,0.0,0.0,0.0,0.0,87.88735813063803,0.0,0.0,0.0,0.0,0.0,0.0
40,10.0,R5Z8,119.94185986663094,0.0,0.0,0.0,0.0,78.87282438760022,104.72166964980865,0.0,46.16356236820267,0.0,0.0,0.0,163.57914805461505,0.0,0.0,0.0,0.0,0.0,0.0
40,10.0,R5Z9,114.96691985891208,0.0,0.0,0.0,0.0,104.79667412504533,52.539135302663595,0.0,0.0,0.0,0.0,0.0,85.22630657268508,0.0,0.0,0.0,0.0,0.0,0.0
40,10.0,R6Z1,97.4466782061026,0.0,135.0,0.0,0.0,82.78410879651975,21.120586353060595,0.0,0.0,0.0,0.0,0.0,0.0,2.354085651465958,0.0,640.0,0.0,0.0,0.0
40,10.0,R6Z2,87.81255307414827,0.0,135.0,80.12058462372931,32.64848975281437,0.0,0.0,0.0,92.32712473640534,0.0,0.0,0.0,138.83615829513045,2.354085651465958,0.0,640.0,0.0,0.0,0.0
40,10.0,R6Z3,158.18260241762462,0.0,0.0,0.0,0.0,101.94163474688973,52.202743149860204,0.0,46.16356236820267,0.0,0.0,0.0,81.76848957101078,0.0,0.0,0.0,0.0,0.0,0.0
40,10.0,R6Z4,121.77304454304006,0.0,0.0,0.0,0.0,33.12922755584784,9.105134608454371,0.0,46.16356236820267,0.0,0.0,0.0,77.53404067362216,0.0,0.0,0.0,0.0,0.0,0.0
40,10.0,R7Z1,130.3887252871403,0.0,135.0,82.51907589778648,54.81666813300516,0.0,0.0,0.0,46.16356236820267,0.0,0.0,0.0,0.0,2.354085651465958,0.0,640.0,0.0,0.0,0.0
40,10.0,R7Z2,135.36947390844745,0.0,135.0,0.0,0.0,108.19094040413539,31.88443037634834,0.0,0.0,0.0,0.0,0.0,165.2965791618185,0.0,0.0,0.0,0.0,0.0,0.0
40,10.0,R7Z3,132.60211300051537,0.0,0.0,0.0,24.867500779165226,43.04472457910255,11.225160174809275,0.0,92.32712473640534,0.0,0.0,0.0,141.16480022779194,0.0,0.0,0.0,0.0,0.0,0.0
40,10.0,R7Z4,151.3228979547535,0.0,0.0,0.0,0.0,112.21277070041495,62.39180177569578,0.0,46.16356236820267,0.0,0.0,0.0,68.87602786385983,0.0,0.0,0.0,0.0,0.0,0.0
40,10.0,R7Z5,134.19643991207002,0.0,0.0,0.0,0.0,39.231168925269685,110.28765292788135,0.0,92.32712473640534,0.0,0.0,0.0,0.0,0.0,0.0,0.0,0.0,0.0,0.0
40,10.0,R7Z6,100.33620468516462,0.0,0.0,87.24209600209545,63.66078643927889,1.4210854715202004e-14,0.0,0.0,92.32712473640534,0.0,0.0,0.0,0.0,0.0,0.0,0.0,0.0,0.0,0.0
40,10.0,R7Z7,134.10035043606038,0.0,0.0,0.0,0.0,73.84675538404692,42.59619714096215,0.0,0.0,0.0,0.0,0.0,69.18512012450174,0.0,0.0,0.0,0.0,0.0,0.0
40,10.0,R7Z8,130.70357953398252,0.0,0.0,110.29881792278393,48.42223548768176,1.4210854715202004e-14,0.0,0.0,92.32712473640534,0.0,0.0,0.0,146.9544782021964,0.0,0.0,0.0,0.0,0.0,0.0
40,10.0,R7Z9,104.63435657923696,0.0,0.0,0.0,0.0,84.67201922345905,83.37739231252948,0.0,92.32712473640534,0.0,0.0,0.0,80.34883635673856,0.0,0.0,0.0,0.0,0.0,0.0
40,10.0,R8Z1,117.72539776552085,0.0,135.0,70.20630444115612,4.605614802026395,0.0,0.0,0.0,46.16356236820267,0.0,0.0,0.0,85.55819954746171,2.354085651465958,0.0,640.0,0.0,0.0,0.0
40,10.0,R8Z2,73.05239796523767,0.0,135.0,0.0,0.0,90.0,0.0,0.0,46.16356236820267,0.0,0.0,0.0,149.04985816949875,0.0,0.0,0.0,0.0,0.0,0.0
40,10.0,R8Z3,113.48768446346837,0.0,0.0,0.0,67.3241220952657,75.0582965543865,14.630655404572238,0.0,46.16356236820267,0.0,0.0,0.0,174.37777148451832,0.0,0.0,0.0,0.0,0.0,0.0
40,10.0,R8Z4,150.03175653980566,0.0,0.0,69.82863789843717,5.029494952824684,0.0,0.0,0.0,0.0,0.0,0.0,0.0,0.0,0.0,0.0,0.0,0.0,0.0,0.0
40,10.0,R8Z5,153.72879585261154,0.0,0.0,47.3541064646282,44.985406577561676,24.074794467975423,0.0,0.0,46.16356236820267,0.0,0.0,0.0,86.77951777208388,0.0,0.0,0.0,0.0,0.0,0.0
40,10.0,R8Z6,131.8500549881523,0.0,0.0,38.65532106482869,0.0,0.0,0.0,0.0,46.16356236820267,0.0,0.0,0.0,0.0,0.0,0.0,0.0,0.0,0.0,0.0
40,10.0,R8Z7,144.83267597825366,0.0,0.0,0.0,0.0,83.29055765440971,21.377304906276862,0.0,0.0,0.0,0.0,0.0,80.39977894241106,0.0,0.0,0.0,0.0,0.0,0.0
40,10.0,R8Z8,115.75477187178048,0.0,0.0,82.45137475507576,51.04443735812428,0.0,0.0,0.0,46.16356236820267,0.0,0.0,0.0,85.48230321018929,0.0,0.0,0.0,0.0,0.0,0.0
40,10.0,R9Z1,114.76905152017436,0.0,135.0,36.92082576340876,8.683078397893603,0.0,0.0,0.0,46.16356236820267,0.0,0.0,0.0,0.0,2.354085651465958,0.0,640.0,0.0,0.0,0.0
40,10.0,R9Z2,125.25297003186833,0.0,135.0,38.74064861865478,46.77488258489867,7.105427357601002e-15,0.0,0.0,46.16356236820267,0.0,0.0,0.0,76.01470568807923,2.354085651465958,0.0,640.0,0.0,0.0,0.0
40,10.0,R9Z3,110.81908291790421,0.0,0.0,0.0,18.491958181498873,67.66541145859054,5.376047444548764,0.0,92.32712473640534,0.0,0.0,0.0,139.7293462542196,0.0,0.0,0.0,0.0,0.0,0.0
40,10.0,R9Z4,125.1039438991738,0.0,0.0,0.0,0.0,90.0,73.22991930830943,0.0,46.16356236820267,0.0,0.0,0.0,73.28909400303549,0.0,0.0,0.0,0.0,0.0,0.0
40,10.0,R9Z5,114.7490204222576,0.0,0.0,0.0,0.0,69.92643750376192,0.0,0.0,46.16356236820267,0.0,0.0,0.0,152.64316518810168,0.0,0.0,0.0,0.0,0.0,0.0
40,10.0,R9Z6,137.6701157308392,0.0,0.0,34.157122058226406,30.01533068352641,0.0,0.0,0.0,46.16356236820267,0.0,0.0,0.0,162.2942412504641,0.0,0.0,0.0,0.0,0.0,0.0
40,10.0,R9Z7,88.62298121970039,0.0,0.0,120.65434839740549,44.44127945109945,1.4210854715202004e-14,0.0,0.0,0.0,0.0,0.0,0.0,77.78296489275425,0.0,0.0,0.0,0.0,0.0,0.0
40,10.0,R9Z8,154.4977287891168,0.0,0.0,79.06782881941359,33.3923276629101,0.0,0.0,0.0,46.16356236820267,0.0,0.0,0.0,72.67978498219757,0.0,0.0,0.0,0.0,0.0,0.0
40,10.0,R9Z9,165.01891016229766,0.0,0.0,73.74064057369083,21.624444433105,0.0,0.0,0.0,0.0,0.0,0.0,0.0,164.93446934712293,0.0,0.0,0.0,0.0,0.0,0.0
40,10.0,R9Z10,85.63511056609623,0.0,0.0,72.74594885558281,58.60883107717479,1.8433611847493125,0.0,0.0,0.0,0.0,0.0,0.0,0.0,0.0,0.0,0.0,0.0,0.0,0.0
40,10.0,R9Z11,100.16312974997908,0.0,0.0,0.0,0.0,40.97754445850046,155.71915057148888,0.0,0.0,0.0,0.0,0.0,163.00359711234154,0.0,0.0,0.0,0.0,0.0,0.0
40,10.0,R10Z1,125.1405191692402,0.0,0.0,0.0,0.0,45.0,66.27447663999979,0.0,0.0,0.0,0.0,0.0,71.45390052345654,2.354085651465958,0.0,640.0,0.0,0.0,0.0
40,10.0,R10Z2,104.43416125588017,0.0,0.0,0.0,0.0,68.19888903513714,0.0,0.0,0.0,0.0,0.0,0.0,170.1676527652698,2.354085651465958,0.0,640.0,0.0,0.0,0.0
40,10.0,R10Z3,95.89284219120388,0.0,0.0,0.0,0.0,125.65630485936886,0.0,0.0,0.0,595.9394580021076,0.0,0.0,81.79873460474465,0.0,0.0,0.0,0.0,0.0,0.0
40,10.0,R10Z4,127.65874113258145,0.0,0.0,34.50597152823971,46.78397798171528,-7.105427357601002e-15,0.0,0.0,92.32712473640534,0.0,0.0,0.0,82.93501087828562,0.0,0.0,0.0,0.0,0.0,0.0
40,10.0,R10Z5,81.4785565327937,0.0,0.0,36.744779050572184,58.79718521686949,0.0,0.0,0.0,92.32712473640534,0.0,0.0,0.0,0.0,0.0,0.0,0.0,0.0,0.0,0.0
40,10.0,R10Z6,155.72041604942626,0.0,0.0,0.0,0.0,88.6613516282563,31.074567129714012,0.0,92.32712473640534,0.0,0.0,0.0,70.36236054035075,0.0,0.0,0.0,0.0,0.0,0.0
40,10.0,R10Z7,89.72671264937887,0.0,0.0,0.0,11.45342525443796,32.37523235311806,61.070582763332894,0.0,92.32712473640534,0.0,0.0,0.0,85.1226043439722,0.0,0.0,0.0,0.0,0.0,0.0
40,10.0,R10Z8,103.28531907633605,0.0,0.0,43.527953293988475,31.444694558364535,-7.105427357601002e-15,0.0,0.0,0.0,0.0,0.0,0.0,82.37030399016919,0.0,0.0,0.0,0.0,0.0,0.0
40,10.0,R10Z9,111.13744709442521,0.0,0.0,34.96749576708203,82.22292673316359,0.0,0.0,0.0,46.16356236820267,0.0,0.0,0.0,0.0,0.0,0.0,0.0,0.0,0.0,0.0
40,10.0,R11Z1,150.91840831858866,0.0,135.0,90.0,13.656548451632334,0.0,0.0,0.0,92.32712473640534,0.0,0.0,0.0,160.80765990268236,0.0,0.0,0.0,0.0,0.0,0.0
40,10.0,R11Z2,133.20026260131354,0.0,135.0,0.0,0.0,45.0,22.078231056539465,0.0,46.16356236820267,0.0,0.0,0.0,70.42980225251098,0.0,0.0,0.0,0.0,0.0,0.0
40,10.0,R11Z3,175.88731987882971,0.0,0.0,45.0,18.58307013204922,0.0,0.0,0.0,46.16356236820267,0.0,0.0,0.0,0.0,0.0,0.0,0.0,0.0,0.0,0.0
40,10.0,R11Z4,141.50457139638658,0.0,0.0,0.0,41.31493560911264,129.98443958469932,74.33012137340425,0.0,0.0,0.0,0.0,0.0,81.65802007689933,0.0,0.0,0.0,0.0,0.0,0.0
40,10.0,R11Z5,108.4736833742667,0.0,0.0,39.112741091889326,30.90197013193339,0.0,0.0,0.0,46.16356236820267,0.0,0.0,0.0,89.41141934444815,0.0,0.0,0.0,0.0,0.0,0.0
40,10.0,R11Z6,143.74140852147428,0.0,0.0,0.0,0.0,45.0,25.63006623529814,0.0,0.0,0.0,0.0,0.0,0.0,0.0,0.0,0.0,0.0,0.0,0.0
40,10.0,R11Z7,125.05236082182674,0.0,0.0,0.0,0.0,40.080606548101535,85.01545550023161,0.0,46.16356236820267,0.0,0.0,0.0,0.0,0.0,0.0,0.0,0.0,0.0,0.0
40,10.0,R11Z8,81.24808506034867,0.0,0.0,79.57872223729342,118.40315132352887,0.0,0.0,0.0,46.16356236820267,0.0,0.0,0.0,160.65218020850767,0.0,0.0,0.0,0.0,0.0,0.0
40,10.0,R12Z1,103.61354361925729,0.0,135.0,0.0,0.0,106.87975108153499,42.76415526084276,0.0,92.32712473640534,0.0,0.0,0.0,138.68611824413145,0.0,0.0,0.0,0.0,0.0,0.0
40,10.0,R12Z2,145.2079822843941,0.0,135.0,0.0,0.0,35.510857233606956,93.6399243353724,0.0,46.16356236820267,0.0,0.0,0.0,88.46263263786179,0.0,0.0,0.0,0.0,0.0,0.0
40,10.0,R12Z3,102.23800833271639,0.0,0.0,117.00545570424202,16.663987044335634,0.0,0.0,0.0,46.16356236820267,0.0,0.0,0.0,160.29443965437196,0.0,0.0,0.0,0.0,0.0,0.0
40,10.0,R12Z4,152.3955337150286,0.0,0.0,34.7134994177605,9.688521370718789,80.90751372531446,0.0,0.0,0.0,0.0,0.0,0.0,0.0,0.0,0.0,0.0,0.0,0.0,0.0
40,10.0,R12Z5,117.11964481179494,0.0,0.0,0.0,0.0,37.72194806801486,62.90737539774328,0.0,0.0,0.0,0.0,0.0,151.75366891926197,0.0,0.0,0.0,0.0,0.0,0.0
40,10.0,R12Z6,119.56813402250874,0.0,0.0,68.25898205624577,22.549788495745496,1.4210854715202004e-14,0.0,0.0,0.0,0.0,0.0,0.0,0.0,0.0,0.0,0.0,0.0,0.0,0.0
40,10.0,R12Z7,131.234347219745,0.0,0.0,122.26007927166921,44.27528509394286,0.0,0.0,0.0,92.32712473640534,0.0,0.0,0.0,0.0,0.0,0.0,0.0,0.0,0.0,0.0
40,10.0,R12Z8,156.99677204052736,0.0,0.0,74.80964604741735,14.887162987324425,0.0,0.0,0.0,0.0,0.0,0.0,0.0,73.29795847139926,0.0,0.0,0.0,0.0,0.0,0.0
40,10.0,R12Z9,117.14137145854566,0.0,0.0,0.0,0.0,45.0,25.696022781831275,0.0,92.32712473640534,0.0,0.0,0.0,166.30742734228446,0.0,0.0,0.0,0.0,0.0,0.0
41,10.25,R1Z1,127.23170438308061,0.0,0.0,117.86755124554425,101.23652339754993,0.0,0.0,0.0,83.13120052349389,0.0,0.0,0.0,151.9188553897928,0.0,0.0,587.8571578903507,0.0,0.0,0.0
41,10.25,R1Z2,71.07899511094625,0.0,0.0,29.633106662446522,58.5186365095595,-3.552713678800501e-15,0.0,0.0,83.13120052349389,0.0,0.0,0.0,122.36762062050475,0.0,0.0,0.0,0.0,0.0,0.0
41,10.25,R1Z3,155.53621122356697,0.0,0.0,113.13541661888642,34.76533011440425,0.0,0.0,0.0,41.565600261746944,0.0,0.0,0.0,29.504092413999288,0.0,0.0,0.0,0.0,0.0,0.0
41,10.25,R1Z4,87.31882771313187,0.0,0.0,135.0,31.63182701081454,0.0,0.0,0.0,83.13120052349389,0.0,0.0,0.0,0.0,0.0,0.0,0.0,0.0,0.0,0.0
41,10.25,R1Z5,142.13649693411634,0.0,0.0,77.71710892862134,37.74986444802348,0.0,0.0,0.0,83.13120052349389,0.0,0.0,0.0,0.0,0.0,0.0,0.0,0.0,0.0,0.0
41,10.25,R1Z6,147.25655446911662,0.0,0.0,112.71097521157219,23.387455000287495,0.0,0.0,0.0,0.0,0.0,0.0,0.0,22.155283643765397,0.0,0.0,0.0,0.0,0.0,0.0
41,10.25,R1Z7,122.13490924300814,0.0,0.0,40.5838892707269,22.462733031327176,0.0,0.0,0.0,41.565600261746944,0.0,45.0,0.0,36.038959981538945,0.0,0.0,0.0,0.0,0.0,0.0
41,10.25,R1Z8,68.0072331749526,0.0,0.0,42.38873579016044,88.72438004625621,7.105427357601002e-15,0.0,0.0,0.0,0.0,0.0,0.0,0.0,0.0,0.0,0.0,0.0,0.0,0.0
41,10.25,R1Z9,127.39503682588847,0.0,0.0,86.8988817410051,12.4472558881145,0.0,0.0,0.0,0.0,0.0,62.9591481065834,0.0,77.72316893636803,0.0,0.0,0.0,0.0,0.0,0.0
41,10.25,R1Z10,104.45803305773693,0.0,0.0,130.67407110909997,30.685565438281213,0.0,0.0,0.0,0.0,0.0,90.0,0.0,86.76578620090531,0.0,0.0,0.0,0.0,0.0,0.0
41,10.25,R2Z1,118.20475434925463,0.0,135.0,135.0,34.87633507900015,0.0,0.0,0.0,0.0,0.0,0.0,0.0,74.7453418750413,2.354085651465958,0.0,640.0,0.0,0.0,0.0
41,10.25,R2Z2,118.21651653935675,0.0,135.0,0.0,0.0,90.0,20.60877719225283,0.0,0.0,0.0,0.0,0.0,80.78679538457834,2.354085651465958,0.0,640.0,0.0,0.0,0.0
41,10.25,R2Z3,122.76887907118528,0.0,0.0,0.0,0.0,124.3977566046871,28.905614868627197,0.0,41.565600261746944,0.0,0.0,0.0,69.93239605558186,0.0,0.0,0.0,0.0,0.0,0.0
41,10.25,R2Z4,141.588722291918,0.0,0.0,0.0,0.0,38.963009193328894,103.49352298823612,0.0,83.13120052349389,0.0,0.0,0.0,0.0,0.0,0.0,0.0,0.0,0.0,0.0
41,10.25,R2Z5,139.49669366882753,0.0,0.0,0.0,0.0,42.94599820944704,81.37024242593017,0.0,41.565600261746944,0.0,0.0,0.0,0.0,0.0,0.0,0.0,0.0,0.0,0.0
41,10.25,R2Z6,107.93604994030385,0.0,0.0,78.23498627025471,81.79778802456006,-1.4210854715202004e-14,0.0,0.0,83.13120052349389,0.0,0.0,0.0,168.85071664898214,0.0,0.0,0.0,0.0,0.0,0.0
41,10.25,R2Z7,148.76970888767835,0.0,0.0,42.41743228174537,13.127674761654164,0.0,0.0,0.0,83.13120052349389,0.0,0.0,0.0,86.27263490355212,0.0,0.0,0.0,0.0,0.0,0.0
41,10.25,R2Z8,87.4126589564301,0.0,0.0,95.01107547250344,10.253855418193044,0.0,0.0,0.0,0.0,0.0,0.0,0.0,88.90086056326552,0.0,0.0,0.0,0.0,0.0,0.0
41,10.25,R2Z9,111.53457274231431,0.0,0.0,0.0,0.0,35.05691007923511,60.94388285997093,0.0,41.565600261746944,0.0,0.0,0.0,81.3102141682429,0.0,0.0,0.0,0.0,0.0,0.0
41,10.25,R3Z1,101.58222780660358,0.0,0.0,132.80142508367905,0.0,0.0,0.0,0.0,0.0,0.0,0.0,0.0,0.0,0.0,0.0,0.0,0.0,0.0,0.0
41,10.25,R3Z2,115.0122808767587,0.0,0.0,0.0,0.0,98.11807453447327,36.22417659523664,0.0,83.13120052349389,0.0,0.0,0.0,161.95805987820495,0.0,0.0,0.0,0.0,0.0,0.0
41,10.25,R3Z3,104.61231792728876,0.0,0.0,32.88607090074968,35.84582227329468,0.0,0.0,0.0,41.565600261746944,0.0,0.0,0.0,0.0,0.0,0.0,0.0,0.0,0.0,0.0
41,10.25,R4Z1,119.88149388099617,0.0,135.0,34.06100895128896,28.408781422747396,0.0,0.0,0.0,83.13120052349389,0.0,0.0,0.0,80.12644413539117,0.0,0.0,0.0,0.0,0.0,0.0
41,10.25,R4Z2,158.89840234878994,0.0,0.0,0.0,0.0,133.81610038348867,15.249591785404746,0.0,83.13120052349389,0.0,0.0,0.0,158.39851242624,0.0,0.0,0.0,0.0,0.0,0.0
41,10.25,R4Z3,107.34179703845145,0.0,0.0,73.63982948954684,0.0,0.0,0.0,0.0,0.0,0.0,0.0,0.0,0.0,0.0,0.0,0.0,0.0,0.0,0.0
41,10.25,R4Z4,137.097653264919,0.0,0.0,45.0,25.244706780620557,0.0,0.0,0.0,0.0,0.0,0.0,0.0,0.0,0.0,0.0,0.0,0.0,0.0,0.0
41,10.25,R4Z5,145.3194238267213,0.0,0.0,0.0,0.0,45.0,17.493304656800408,0.0,83.13120052349389,0.0,0.0,0.0,0.0,0.0,0.0,0.0,0.0,0.0,0.0
41,10.25,R4Z6,100.41853824653305,0.0,0.0,27.512743618983436,50.254103353036484,62.487256381016564,0.0,0.0,83.13120052349389,0.0,0.0,0.0,150.752829251026,0.0,0.0,0.0,0.0,0.0,0.0
41,10.25,R4Z7,113.50965568601873,0.0,0.0,90.00000000000001,54.01815685757258,-1.4210854715202004e-14,0.0,0.0,83.13120052349389,0.0,0.0,0.0,0.0,0.0,0.0,0.0,0.0,0.0,0.0
41,10.25,R4Z8,145.08219943596433,0.0,0.0,0.0,0.0,75.39516873210214,25.25487641120251,0.0,83.13120052349389,0.0,0.0,0.0,0.0,0.0,0.0,0.0,0.0,0.0,0.0
41,10.25,R4Z9,105.34253848196802,0.0,0.0,90.0,11.984221704385547,0.0,0.0,0.0,0.0,0.0,0.0,0.0,87.25733506445916,0.0,0.0,0.0,0.0,0.0,0.0
41,10.25,R4Z10,99.56248962552391,0.0,0.0,33.28906164974045,59.78149554122977,0.0,0.0,0.0,0.0,0.0,0.0,0.0,88.89116126003206,0.0,0.0,0.0,0.0,0.0,0.0
41,10.25,R4Z11,105.28883528172229,0.0,0.0,0.0,0.0,73.96681111397179,15.582351872016671,0.0,41.565600261746944,0.0,0.0,0.0,82.23658941885839,0.0,0.0,0.0,0.0,0.0,0.0
41,10.25,R5Z1,138.87287461099857,0.0,135.0,124.43891360218586,25.5907315748137,1.4210854715202004e-14,0.0,0.0,0.0,0.0,0.0,0.0,71.79568450365892,0.0,0.0,0.0,0.0,0.0,0.0
41,10.25,R5Z2,109.18344112248731,0.0,135.0,0.0,0.0,35.95363173382286,27.899813748189374,0.0,41.565600261746944,0.0,0.0,0.0,170.82517577535208,0.0,0.0,0.0,0.0,0.0,0.0
41,10.25,R5Z3,118.08194362716628,0.0,0.0,108.66655348165962,126.96369399984916,0.0,0.0,0.0,41.565600261746944,0.0,0.0,0.0,144.8926548181299,0.0,0.0,0.0,0.0,0.0,0.0
41,10.25,R5Z4,97.3256027085872,0.0,0.0,126.52504625377844,33.29993579577057,1.4210854715202004e-14,0.0,0.0,83.13120052349389,0.0,0.0,0.0,0.0,0.0,0.0,0.0,0.0,0.0,0.0
41,10.25,R5Z5,95.59079567263865,0.0,0.0,0.0,11.801576221047469,42.58834687293567,89.41057210818556,0.0,41.565600261746944,0.0,0.0,0.0,79.71413579718198,0.0,0.0,0.0,0.0,0.0,0.0
41,10.25,R5Z6,143.587536041513,0.0,0.0,41.170820627059754,26.160245757845498,7.105427357601002e-15,0.0,0.0,83.13120052349389,0.0,0.0,0.0,161.81248024467004,0.0,0.0,0.0,0.0,0.0,0.0
41,10.25,R5Z7,82.97172328041523,0.0,0.0,0.0,0.0,81.27329685824473,53.69100120715426,0.0,0.0,0.0,0.0,0.0,87.78908008099788,0.0,0.0,0.0,0.0,0.0,0.0
41,10.25,R5Z8,132.34287968522574,0.0,0.0,83.42890408020244,38.19200012713589,0.0,0.0,0.0,41.565600261746944,0.0,0.0,0.0,163.39622937353795,0.0,0.0,0.0,0.0,0.0,0.0
41,10.25,R5Z9,130.88160223500137,0.0,0.0,0.0,0.0,115.57937077523592,35.239485002865045,0.0,0.0,0.0,0.0,0.0,85.13100418373914,0.0,0.0,0.0,0.0,0.0,0.0
41,10.25,R6Z1,96.0005693766565,0.0,135.0,65.33545676759346,8.7891669572413,10.509589649742693,0.0,0.0,0.0,0.0,0.0,0.0,0.0,2.354085651465958,0.0,640.0,0.0,0.0,0.0
41,10.25,R6Z2,122.18585521394142,0.0,135.0,0.0,0.0,81.49303233754891,56.04486183217821,0.0,83.13120052349389,0.0,0.0,0.0,138.68090790250292,2.354085651465958,0.0,640.0,0.0,0.0,0.0
41,10.25,R6Z3,153.5633303865159,0.0,0.0,0.0,0.0,107.66762442753408,85.46873099465114,0.0,41.565600261746944,0.0,0.0,0.0,81.67705380768841,0.0,0.0,0.0,0.0,0.0,0.0
41,10.25,R6Z4,134.1305015580562,0.0,0.0,0.0,0.0,38.92850017027896,82.05357528598009,0.0,41.565600261746944,0.0,0.0,0.0,77.44733998696825,0.0,0.0,0.0,0.0,0.0,0.0
41,10.25,R7Z1,135.0556873789139,0.0,135.0,0.0,0.0,78.1134091931248,33.544539539809044,0.0,41.565600261746944,0.0,0.0,0.0,0.0,2.354085651465958,0.0,640.0,0.0,0.0,0.0
41,10.25,R7Z2,147.68858138206923,0.0,135.0,121.2472929295038,2.9189837005509256,0.0,0.0,0.0,0.0,0.0,0.0,0.0,165.11174000226535,0.0,0.0,0.0,0.0,0.0,0.0
41,10.25,R7Z3,130.92960350994406,0.0,0.0,41.83791951077417,63.0209049010402,0.0,0.0,0.0,83.13120052349389,0.0,0.0,0.0,141.0069458840124,0.0,0.0,0.0,0.0,0.0,0.0
41,10.25,R7Z4,160.46612932363607,0.0,0.0,0.0,0.0,116.78461645739591,37.386723293966334,0.0,41.565600261746944,0.0,0.0,0.0,68.79900880412931,0.0,0.0,0.0,0.0,0.0,0.0
41,10.25,R7Z5,134.57603008349466,0.0,0.0,39.531721954499474,43.358722895916586,7.105427357601002e-15,0.0,0.0,83.13120052349389,0.0,0.0,0.0,0.0,0.0,0.0,0.0,0.0,0.0,0.0
41,10.25,R7Z6,102.35840583955365,0.0,0.0,30.52937107080122,57.85693983066848,50.98389507823916,0.0,0.0,83.13120052349389,0.0,0.0,0.0,0.0,0.0,0.0,0.0,0.0,0.0,0.0
41,10.25,R7Z7,134.72038960161402,0.0,0.0,0.0,0.0,68.91811696235713,20.4736984847189,0.0,0.0,0.0,0.0,0.0,69.10775542934445,0.0,0.0,0.0,0.0,0.0,0.0
41,10.25,R7Z8,125.030282323219,0.0,0.0,0.0,0.0,117.60601112178203,16.928488633789925,0.0,83.13120052349389,0.0,0.0,0.0,146.79014968202253,0.0,0.0,0.0,0.0,0.0,0.0
41,10.25,R7Z9,106.57450999060606,0.0,0.0,0.0,0.0,81.76505117145761,5.1691936823441065,0.0,83.13120052349389,0.0,0.0,0.0,80.25898808850118,0.0,0.0,0.0,0.0,0.0,0.0
41,10.25,R8Z1,126.83875187941794,0.0,135.0,74.77481153883767,51.75823329355447,0.0,0.0,0.0,41.565600261746944,0.0,0.0,0.0,85.46252602670633,2.354085651465958,0.0,640.0,0.0,0.0,0.0
41,10.25,R8Z2,71.79785269847528,0.0,135.0,0.0,0.0,84.26607100110552,47.51670552746995,0.0,41.565600261746944,0.0,0.0,0.0,148.8831865380877,0.0,0.0,0.0,0.0,0.0,0.0
41,10.25,R8Z3,119.38695050090492,0.0,0.0,0.0,0.0,77.76332968793432,40.44694670288456,0.0,41.565600261746944,0.0,0.0,0.0,174.18277748712654,0.0,0.0,0.0,0.0,0.0,0.0
41,10.25,R8Z4,136.49652623516113,0.0,0.0,0.0,0.0,75.58532896446015,75.62104930789958,0.0,0.0,0.0,0.0,0.0,0.0,0.0,0.0,0.0,0.0,0.0,0.0
41,10.25,R8Z5,156.74829442452818,0.0,0.0,59.777854708865206,49.44783639191252,5.386117895072417,0.0,0.0,41.565600261746944,0.0,0.0,0.0,86.68247853985805,0.0,0.0,0.0,0.0,0.0,0.0
41,10.25,R8Z6,133.81336983925658,0.0,0.0,39.05647112099901,29.211110294972084,0.0,0.0,0.0,41.565600261746944,0.0,0.0,0.0,0.0,0.0,0.0,0.0,0.0,0.0,0.0
41,10.25,R8Z7,142.98626445668677,0.0,0.0,85.18664289551401,7.950454024869602,0.0,0.0,0.0,0.0,0.0,0.0,0.0,80.3098737087799,0.0,0.0,0.0,0.0,0.0,0.0
41,10.25,R8Z8,102.37537534460594,0.0,0.0,81.90160516506296,54.65381609744518,-1.4210854715202004e-14,0.0,0.0,41.565600261746944,0.0,0.0,0.0,85.38671455879577,0.0,0.0,0.0,0.0,0.0,0.0
41,10.25,R9Z1,105.46921129657292,0.0,135.0,36.623190497502115,55.79414378030891,3.1756062165765897,0.0,0.0,41.565600261746944,0.0,0.0,0.0,0.0,2.354085651465958,0.0,640.0,0.0,0.0,0.0
41,10.25,R9Z2,144.02098359084513,0.0,135.0,0.0,0.0,37.96161320997095,84.42061286443482,0.0,41.565600261746944,0.0,0.0,0.0,75.92970396339557,2.354085651465958,0.0,640.0,0.0,0.0,0.0
41,10.25,R9Z3,125.96300425854639,0.0,0.0,0.0,0.0,66.28710337976143,40.16581038709517,0.0,83.13120052349389,0.0,0.0,0.0,139.5730970743666,0.0,0.0,0.0,0.0,0.0,0.0
41,10.25,R9Z4,128.65503878827494,0.0,0.0,90.00000000000001,66.92966270514079,-1.4210854715202004e-14,0.0,0.0,41.565600261746944,0.0,0.0,0.0,73.20714013194738,0.0,0.0,0.0,0.0,0.0,0.0
41,10.25,R9Z5,125.51815574788849,0.0,0.0,0.0,0.0,72.66231947545312,11.905340336901425,0.0,41.565600261746944,0.0,0.0,0.0,152.4724754224213,0.0,0.0,0.0,0.0,0.0,0.0
41,10.25,R9Z6,134.82409268070674,0.0,0.0,39.333437273514804,7.982072983368013,0.0,0.0,0.0,41.565600261746944,0.0,0.0,0.0,162.11275938734772,0.0,0.0,0.0,0.0,0.0,0.0
41,10.25,R9Z7,93.99764830736974,0.0,0.0,115.03942164993748,37.07168012589377,0.0,0.0,0.0,0.0,0.0,0.0,0.0,77.6959858522246,0.0,0.0,0.0,0.0,0.0,0.0
41,10.25,R9Z8,139.33926217395478,0.0,0.0,32.9760916697266,14.143584952643895,45.532844439644066,0.0,0.0,41.565600261746944,0.0,0.0,0.0,72.59851245713544,0.0,0.0,0.0,0.0,0.0,0.0
41,10.25,R9Z9,166.6249001937608,0.0,0.0,79.13628050285496,32.80684646696343,0.0,0.0,0.0,0.0,0.0,0.0,0.0,164.75003510867677,0.0,0.0,0.0,0.0,0.0,0.0
41,10.25,R9Z10,74.76004231071435,0.0,0.0,0.0,0.0,72.63422603326667,68.97199038679126,0.0,0.0,0.0,0.0,0.0,0.0,0.0,0.0,0.0,0.0,0.0,0.0
41,10.25,R9Z11,103.48516650946956,0.0,0.0,39.04051729484064,97.96394516436482,-7.105427357601002e-15,0.0,0.0,0.0,0.0,0.0,0.0,162.8213220280829,0.0,0.0,0.0,0.0,0.0,0.0
41,10.25,R10Z1,106.12575334425142,0.0,0.0,43.332646333291265,42.59220445326041,-7.105427357601002e-15,0.0,0.0,0.0,0.0,0.0,0.0,71.37399881595285,2.354085651465958,0.0,640.0,0.0,0.0,0.0
41,10.25,R10Z2,107.61159044366144,0.0,0.0,0.0,0.0,69.31939719809519,16.52565557914297,0.0,0.0,0.0,0.0,0.0,169.97736663787526,2.354085651465958,0.0,640.0,0.0,0.0,0.0
41,10.25,R10Z3,74.99710081670501,0.0,0.0,0.0,0.0,133.3105132668235,35.8373476769762,0.0,0.0,0.0,0.0,0.0,81.70726502059766,0.0,0.0,0.0,0.0,0.0,0.0
41,10.25,R10Z4,115.72834217498966,0.0,0.0,0.0,0.0,38.86525946256314,39.0064297881757,0.0,83.13120052349389,0.0,0.0,0.0,82.84227067890578,0.0,0.0,0.0,0.0,0.0,0.0
41,10.25,R10Z5,80.83504798661387,0.0,0.0,38.97762701066419,110.61334236362923,-7.105427357601002e-15,0.0,0.0,83.13120052349389,0.0,0.0,0.0,0.0,0.0,0.0,0.0,0.0,0.0,0.0
41,10.25,R10Z6,130.32601838345087,0.0,0.0,0.0,0.0,82.64633643975688,31.374673326321833,0.0,83.13120052349389,0.0,0.0,0.0,70.28367942273535,0.0,0.0,0.0,0.0,0.0,0.0
41,10.25,R10Z7,96.90541714654502,0.0,0.0,0.0,0.0,34.721092525456335,62.61809901449787,0.0,83.13120052349389,0.0,0.0,0.0,85.0274179176971,0.0,0.0,0.0,0.0,0.0,0.0
41,10.25,R10Z8,92.81342476617898,0.0,0.0,0.0,0.0,45.0,25.926100220667422,0.0,0.0,0.0,0.0,0.0,82.2781952614896,0.0,0.0,0.0,0.0,0.0,0.0
41,10.25,R10Z9,106.79652955482445,0.0,0.0,37.42897066933055,74.92228556727837,7.105427357601002e-15,0.0,0.0,41.565600261746944,0.0,0.0,0.0,0.0,0.0,0.0,0.0,0.0,0.0,0.0
41,10.25,R11Z1,194.61197372898164,0.0,135.0,0.0,0.0,90.0,128.61487994543074,0.0,83.13120052349389,0.0,0.0,0.0,160.6278403755219,0.0,0.0,0.0,0.0,0.0,0.0
41,10.25,R11Z2,133.5604450330451,0.0,135.0,45.00000000000001,28.5778005008519,-7.105427357601002e-15,0.0,0.0,41.565600261746944,0.0,0.0,0.0,70.35104571972694,0.0,0.0,0.0,0.0,0.0,0.0
41,10.25,R11Z3,148.51087288377005,0.0,0.0,0.0,0.0,45.0,35.07303827116389,0.0,41.565600261746944,0.0,0.0,0.0,0.0,0.0,0.0,0.0,0.0,0.0,0.0
41,10.25,R11Z4,135.10349504940723,0.0,0.0,123.07198419173974,129.23960607370086,3.902176030082231,0.0,0.0,0.0,0.0,0.0,0.0,81.56670784358921,0.0,0.0,0.0,0.0,0.0,0.0
41,10.25,R11Z5,105.62731752730394,0.0,0.0,36.74038815204669,24.938907613666554,0.0,0.0,0.0,41.565600261746944,0.0,0.0,0.0,89.31143704783993,0.0,0.0,0.0,0.0,0.0,0.0
41,10.25,R11Z6,141.88177002347274,0.0,0.0,0.0,0.0,45.0,71.7718667199455,0.0,0.0,0.0,0.0,0.0,0.0,0.0,0.0,0.0,0.0,0.0,0.0
41,10.25,R11Z7,130.14341774676234,0.0,0.0,0.0,0.0,39.806684974361694,72.45170003947305,0.0,41.565600261746944,0.0,0.0,0.0,0.0,0.0,0.0,0.0,0.0,0.0,0.0
41,10.25,R11Z8,78.14697975312791,0.0,0.0,79.72718630193056,42.73292551863689,0.0,0.0,0.0,41.565600261746944,0.0,0.0,0.0,160.47253454299724,0.0,0.0,0.0,0.0,0.0,0.0
41,10.25,R12Z1,93.1968278701907,0.0,135.0,0.0,0.0,115.60620628800017,89.25206923850016,0.0,83.13120052349389,0.0,0.0,0.0,138.53103563039605,0.0,0.0,0.0,0.0,0.0,0.0
41,10.25,R12Z2,154.3183978487269,0.0,135.0,0.0,0.0,33.451411929580544,99.28031465138335,0.0,41.565600261746944,0.0,0.0,0.0,88.36371130052042,0.0,0.0,0.0,0.0,0.0,0.0
41,10.25,R12Z3,101.12615405617278,0.0,0.0,129.5815680524821,1.6498220850744605,0.0,0.0,0.0,41.565600261746944,0.0,0.0,0.0,160.11519402414174,0.0,0.0,0.0,0.0,0.0,0.0
41,10.25,R12Z4,136.81270697867868,0.0,0.0,122.73091521452811,30.389286893645032,1.4210854715202004e-14,0.0,0.0,0.0,0.0,0.0,0.0,0.0,0.0,0.0,0.0,0.0,0.0,0.0
41,10.25,R12Z5,123.89610010322168,0.0,0.0,12.464829826933965,79.22288144062223,27.540580059155225,0.0,0.0,0.0,0.0,0.0,0.0,151.58397381265797,0.0,0.0,0.0,0.0,0.0,0.0
41,10.25,R12Z6,111.4098936481448,0.0,0.0,0.0,0.0,74.68750876049037,26.92572689297024,0.0,0.0,0.0,0.0,0.0,0.0,0.0,0.0,0.0,0.0,0.0,0.0
41,10.25,R12Z7,126.22461412779758,0.0,0.0,0.0,0.0,107.94151337842293,64.15676012581648,0.0,83.13120052349389,0.0,0.0,0.0,0.0,0.0,0.0,0.0,0.0,0.0,0.0
41,10.25,R12Z8,170.0295472885699,0.0,0.0,69.86234347396925,39.79005654888393,0.0,0.0,0.0,0.0,0.0,0.0,0.0,73.21599468781997,0.0,0.0,0.0,0.0,0.0,0.0
41,10.25,R12Z9,114.85659354662658,0.0,0.0,41.47191907724098,18.9837282452072,7.105427357601002e-15,0.0,0.0,83.13120052349389,0.0,0.0,0.0,166.12145782462554,0.0,0.0,0.0,0.0,0.0,0.0
42,10.5,R1Z1,102.00090900486273,0.0,0.0,123.1517260307314,113.29406296513591,1.4210854715202004e-14,0.0,0.0,52.671152483157634,0.0,0.0,0.0,151.74897556715572,0.0,0.0,587.3529452466751,0.0,0.0,0.0
42,10.5,R1Z2,82.1718591192929,0.0,0.0,36.867796968844445,60.36465740955825,0.0,0.0,0.0,52.671152483157634,0.0,0.0,0.0,122.23078579750538,0.0,0.0,0.0,0.0,0.0,0.0
42,10.5,R1Z3,125.76331168726739,0.0,0.0,113.22767823477375,52.89418954033292,0.0,0.0,0.0,26.335576241578817,0.0,90.0,0.0,51.153705975757745,0.0,0.0,0.0,0.0,0.0,0.0
42,10.5,R1Z4,87.14039031975862,0.0,0.0,129.5407667450943,16.668384297314184,0.0,0.0,0.0,52.671152483157634,0.0,0.0,0.0,0.0,0.0,0.0,0.0,0.0,0.0,0.0
42,10.5,R1Z5,160.3000572122256,0.0,0.0,64.26573788544044,19.072923985373322,0.0,0.0,0.0,52.671152483157634,0.0,0.0,0.0,0.0,0.0,0.0,0.0,0.0,0.0,0.0
42,10.5,R1Z6,145.89448590948447,0.0,0.0,128.78972468386172,45.72395551677967,0.0,0.0,0.0,0.0,0.0,0.0,0.0,22.130508999128825,0.0,0.0,0.0,0.0,0.0,0.0
42,10.5,R1Z7,114.35615430002358,0.0,0.0,34.44220323211297,26.91902945967012,0.0,0.0,0.0,26.335576241578817,0.0,0.0,0.0,35.99866022997763,0.0,0.0,0.0,0.0,0.0,0.0
42,10.5,R1Z8,71.03636084456048,0.0,0.0,45.0,67.05296252355328,0.0,0.0,0.0,0.0,0.0,0.0,0.0,0.0,0.0,0.0,0.0,0.0,0.0,0.0
42,10.5,R1Z9,125.88993292407743,0.0,0.0,86.84265305454385,74.27291349999929,-1.4210854715202004e-14,0.0,0.0,0.0,0.0,0.0,0.0,77.63625676131365,0.0,0.0,0.0,0.0,0.0,0.0
42,10.5,R1Z10,105.65253018307044,0.0,0.0,124.66709033394454,7.071030195717379,0.0,0.0,0.0,0.0,0.0,17.804635945268856,0.0,90.95821680619062,0.0,0.0,0.0,0.0,0.0,0.0
42,10.5,R2Z1,120.08539279892331,0.0,135.0,135.0,54.15757602999747,0.0,0.0,0.0,0.0,0.0,0.0,0.0,74.66175958772023,2.354085651465958,0.0,640.0,0.0,0.0,0.0
42,10.5,R2Z2,98.99845546879304,0.0,135.0,90.0,31.062710520090448,0.0,0.0,0.0,0.0,0.0,0.0,0.0,80.69645737856759,2.354085651465958,0.0,640.0,0.0,0.0,0.0
42,10.5,R2Z3,121.97325030687618,0.0,0.0,123.5482941670256,18.573776456692993,11.451705832974397,0.0,0.0,26.335576241578817,0.0,0.0,0.0,69.85419573602293,0.0,0.0,0.0,0.0,0.0,0.0
42,10.5,R2Z4,144.26313393492882,0.0,0.0,0.0,0.0,44.99993333386197,87.78779576874322,0.0,52.671152483157634,0.0,0.0,0.0,0.0,0.0,0.0,0.0,0.0,0.0,0.0
42,10.5,R2Z5,127.6405968309441,0.0,0.0,45.00000000000001,26.83939676167713,-7.105427357601002e-15,0.0,0.0,26.335576241578817,0.0,0.0,0.0,0.0,0.0,0.0,0.0,0.0,0.0,0.0
42,10.5,R2Z6,123.06896791960486,0.0,0.0,77.5936271972717,37.1154733315302,0.0,0.0,0.0,52.671152483157634,0.0,0.0,0.0,168.66190315560192,0.0,0.0,0.0,0.0,0.0,0.0
42,10.5,R2Z7,146.55416900077742,0.0,0.0,0.0,0.0,43.489026594957636,1.7673832429446823,0.0,52.671152483157634,0.0,0.0,0.0,86.176162481625,0.0,0.0,0.0,0.0,0.0,0.0
42,10.5,R2Z8,87.51621048474468,0.0,0.0,111.33778626322771,20.442432127265143,-1.4210854715202004e-14,0.0,0.0,0.0,0.0,0.0,0.0,88.80144918746217,0.0,0.0,0.0,0.0,0.0,0.0
42,10.5,R2Z9,124.05252629349788,0.0,0.0,35.58790795079183,31.576287920498988,0.0,0.0,0.0,26.335576241578817,0.0,0.0,0.0,81.21929086102048,0.0,0.0,0.0,0.0,0.0,0.0
42,10.5,R3Z1,86.31156176783502,0.0,0.0,0.0,0.0,135.0,2.4189774178287626,0.0,0.0,0.0,0.0,0.0,0.0,0.0,0.0,0.0,0.0,0.0,0.0
42,10.5,R3Z2,97.23378498277366,0.0,0.0,119.14628147149699,34.01271335007316,0.0,0.0,0.0,52.671152483157634,0.0,0.0,0.0,161.77695394230147,0.0,0.0,0.0,0.0,0.0,0.0
42,10.5,R3Z3,105.12536953456123,0.0,0.0,0.0,0.0,32.83198565865078,7.511381157798115,0.0,26.335576241578817,0.0,0.0,0.0,0.0,0.0,0.0,0.0,0.0,0.0,0.0
42,10.5,R4Z1,158.80215124803553,0.0,135.0,0.0,0.0,35.20028022563168,101.49457370181685,0.0,52.671152483157634,0.0,0.0,0.0,80.03684455222333,0.0,0.0,0.0,0.0,0.0,0.0
42,10.5,R4Z2,132.77394299844676,0.0,0.0,48.405506571454524,24.560829415911243,86.59449342854548,0.0,0.0,52.671152483157634,0.0,0.0,0.0,158.2213868737343,0.0,0.0,0.0,0.0,0.0,0.0
42,10.5,R4Z3,117.77258789516888,0.0,0.0,77.44382344915617,47.46521897393606,0.0,0.0,0.0,0.0,0.0,0.0,0.0,0.0,0.0,0.0,0.0,0.0,0.0,0.0
42,10.5,R4Z4,128.0521991880906,0.0,0.0,44.41516333306589,38.63480404499106,0.0,0.0,0.0,0.0,0.0,0.0,0.0,0.0,0.0,0.0,0.0,0.0,0.0,0.0
42,10.5,R4Z5,156.02891723349907,0.0,0.0,0.0,30.56125880482,45.0,52.593956159123664,0.0,52.671152483157634,0.0,0.0,0.0,0.0,0.0,0.0,0.0,0.0,0.0,0.0
42,10.5,R4Z6,96.10190520645855,0.0,0.0,90.0,0.0,0.0,0.0,0.0,52.671152483157634,0.0,0.0,0.0,150.58425331073542,0.0,0.0,0.0,0.0,0.0,0.0
42,10.5,R4Z7,99.59939567876158,0.0,0.0,0.0,0.0,90.0,120.82470651064763,0.0,52.671152483157634,0.0,0.0,0.0,0.0,0.0,0.0,0.0,0.0,0.0,0.0
42,10.5,R4Z8,144.0450065234975,0.0,0.0,79.97608059326252,48.622012487163076,1.4210854715202004e-14,0.0,0.0,52.671152483157634,0.0,0.0,0.0,0.0,0.0,0.0,0.0,0.0,0.0,0.0
42,10.5,R4Z9,102.17927841454318,0.0,0.0,0.0,0.0,84.7034640402924,39.704331146755926,0.0,0.0,0.0,0.0,0.0,87.1597615238575,0.0,0.0,0.0,0.0,0.0,0.0
42,10.5,R4Z10,90.85537047928077,0.0,0.0,36.18638913480174,106.19468585269175,0.0,0.0,0.0,0.0,0.0,0.0,0.0,88.79176073025508,0.0,0.0,0.0,0.0,0.0,0.0
42,10.5,R4Z11,113.10709675538934,0.0,0.0,0.0,0.0,72.67239924551467,75.4632646142341,0.0,26.335576241578817,0.0,0.0,0.0,82.14463021347267,0.0,0.0,0.0,0.0,0.0,0.0
42,10.5,R5Z1,126.01791464995833,0.0,135.0,0.0,0.0,135.0,43.392495266906224,0.0,0.0,0.0,0.0,0.0,71.71540060395276,0.0,0.0,0.0,0.0,0.0,0.0
42,10.5,R5Z2,75.40923072887361,0.0,135.0,0.0,0.0,35.19374396680998,27.640969866933972,0.0,26.335576241578817,0.0,0.0,0.0,170.634154387729,0.0,0.0,0.0,0.0,0.0,0.0
42,10.5,R5Z3,105.28984865069722,0.0,0.0,0.0,36.4355218892095,119.32398401530145,93.84004506726365,0.0,26.335576241578817,0.0,0.0,0.0,144.73063188530327,0.0,0.0,0.0,0.0,0.0,0.0
42,10.5,R5Z4,74.86966204879408,0.0,0.0,116.01478582975773,49.99478694703634,0.0,0.0,0.0,52.671152483157634,0.0,0.0,0.0,0.0,0.0,0.0,0.0,0.0,0.0,0.0
42,10.5,R5Z5,87.0413038980775,0.0,0.0,45.0,26.1798101208185,0.0,0.0,0.0,26.335576241578817,0.0,0.0,0.0,79.62499726848422,0.0,0.0,0.0,0.0,0.0,0.0
42,10.5,R5Z6,124.40830668158021,0.0,0.0,45.0,50.147264283189486,0.0,0.0,0.0,52.671152483157634,0.0,0.0,0.0,161.6315370998978,0.0,0.0,0.0,0.0,0.0,0.0
42,10.5,R5Z7,73.64081600515158,0.0,0.0,0.0,0.0,80.44231324429533,8.64766594855314,0.0,0.0,0.0,0.0,0.0,87.69091192856304,0.0,0.0,0.0,0.0,0.0,0.0
42,10.5,R5Z8,113.86675779283713,0.0,0.0,47.64805727502238,27.554665591005314,35.41531424547229,0.0,0.0,26.335576241578817,0.0,0.0,0.0,163.21351523713716,0.0,0.0,0.0,0.0,0.0,0.0
42,10.5,R5Z9,132.38931436413299,0.0,0.0,0.0,0.0,108.19093427153071,61.967720518955886,0.0,0.0,0.0,0.0,0.0,85.03580836453327,0.0,0.0,0.0,0.0,0.0,0.0
42,10.5,R6Z1,123.6828693885088,0.0,135.0,0.0,0.0,79.03281674797965,49.39662813892742,0.0,0.0,0.0,0.0,0.0,0.0,2.354085651465958,0.0,640.0,0.0,0.0,0.0
42,10.5,R6Z2,139.09563620923996,0.0,135.0,0.0,0.0,90.0,35.91305263174625,0.0,52.671152483157634,0.0,0.0,0.0,138.52583111511416,2.354085651465958,0.0,640.0,0.0,0.0,0.0
42,10.5,R6Z3,154.1054578623944,0.0,0.0,119.33722102985904,93.16290014877241,-1.4210854715202004e-14,0.0,0.0,26.335576241578817,0.0,0.0,0.0,81.58572029033951,0.0,0.0,0.0,0.0,0.0,0.0
42,10.5,R6Z4,104.08037031545041,0.0,0.0,43.3462464212604,17.225278020303247,0.0,0.0,0.0,26.335576241578817,0.0,0.0,0.0,77.36073625139545,0.0,0.0,0.0,0.0,0.0,0.0
42,10.5,R7Z1,161.4854856544213,0.0,135.0,0.0,0.0,89.575477751055,119.71412220445859,0.0,26.335576241578817,0.0,0.0,0.0,0.0,2.354085651465958,0.0,640.0,0.0,0.0,0.0
42,10.5,R7Z2,122.06981149367246,0.0,135.0,0.0,0.0,110.88964751212247,36.93601341738604,0.0,0.0,0.0,0.0,0.0,164.9271075349201,0.0,0.0,0.0,0.0,0.0,0.0
42,10.5,R7Z3,136.01681135546522,0.0,0.0,45.0,36.12128271948275,0.0,0.0,0.0,52.671152483157634,0.0,0.0,0.0,140.84926805728108,0.0,0.0,0.0,0.0,0.0,0.0
42,10.5,R7Z4,142.66424742311233,0.0,0.0,0.0,0.0,135.0,62.41955057547406,0.0,26.335576241578817,0.0,0.0,0.0,68.72207586921967,0.0,0.0,0.0,0.0,0.0,0.0
42,10.5,R7Z5,126.74991617930085,0.0,0.0,41.078921011320304,69.23237175617959,0.0,0.0,0.0,52.671152483157634,0.0,0.0,0.0,0.0,0.0,0.0,0.0,0.0,0.0,0.0
42,10.5,R7Z6,95.66093757720958,0.0,0.0,0.0,0.0,87.926119939921,64.64574226642978,0.0,52.671152483157634,0.0,0.0,0.0,0.0,0.0,0.0,0.0,0.0,0.0,0.0
42,10.5,R7Z7,119.50024471348475,0.0,0.0,73.90638777794913,69.07075065267543,0.0,0.0,0.0,0.0,0.0,0.0,0.0,69.03047724550703,0.0,0.0,0.0,0.0,0.0,0.0
42,10.5,R7Z8,121.1207874855283,0.0,0.0,131.34792211773726,7.343138034872867,0.0,0.0,0.0,52.671152483157634,0.0,0.0,0.0,146.62600491849815,0.0,0.0,0.0,0.0,0.0,0.0
42,10.5,R7Z9,102.94933325567328,0.0,0.0,0.0,0.0,84.82869637685425,9.544927895983584,0.0,52.671152483157634,0.0,0.0,0.0,80.1692402910568,0.0,0.0,0.0,0.0,0.0,0.0
42,10.5,R8Z1,119.3612889658439,0.0,135.0,69.62215115605645,129.08599058118986,-1.4210854715202004e-14,0.0,0.0,26.335576241578817,0.0,0.0,0.0,85.36695949070076,2.354085651465958,0.0,640.0,0.0,0.0,0.0
42,10.5,R8Z2,72.17478897505725,0.0,135.0,0.0,0.0,90.0,181.5704183989587,0.0,26.335576241578817,0.0,0.0,0.0,148.71670128345727,0.0,0.0,0.0,0.0,0.0,0.0
42,10.5,R8Z3,112.61460103252875,0.0,0.0,0.0,0.0,77.60001019792018,47.044683765646994,0.0,26.335576241578817,0.0,0.0,0.0,173.9880015373603,0.0,0.0,0.0,0.0,0.0,0.0
42,10.5,R8Z4,119.94764318177155,0.0,0.0,64.88060432077964,137.81072676793764,-1.4210854715202004e-14,0.0,0.0,0.0,0.0,0.0,0.0,0.0,0.0,0.0,0.0,0.0,0.0,0.0
42,10.5,R8Z5,147.0044685334307,0.0,0.0,0.0,0.0,79.01206531278882,25.14116632639226,0.0,26.335576241578817,0.0,0.0,0.0,86.58554781955799,0.0,0.0,0.0,0.0,0.0,0.0
42,10.5,R8Z6,151.7781095666415,0.0,0.0,43.57035642548408,118.23458486683276,0.0,0.0,0.0,26.335576241578817,0.0,0.0,0.0,0.0,0.0,0.0,0.0,0.0,0.0,0.0
42,10.5,R8Z7,132.86661567599884,0.0,0.0,90.00000000000001,48.3409554253539,-1.4210854715202004e-14,0.0,0.0,0.0,0.0,0.0,0.0,80.220069009642,0.0,0.0,0.0,0.0,0.0,0.0
42,10.5,R8Z8,120.41034939927411,0.0,0.0,0.0,0.0,90.0,80.26934826051601,0.0,26.335576241578817,0.0,0.0,0.0,85.29123279724884,0.0,0.0,0.0,0.0,0.0,0.0
42,10.5,R9Z1,102.27194013075021,0.0,135.0,36.20880305083539,26.24455717869796,0.0,0.0,0.0,26.335576241578817,0.0,0.0,0.0,0.0,2.354085651465958,0.0,640.0,0.0,0.0,0.0
42,10.5,R9Z2,112.61143151939545,0.0,135.0,0.0,0.0,39.155240429288696,69.48899492366857,0.0,26.335576241578817,0.0,0.0,0.0,75.84479728996723,2.354085651465958,0.0,640.0,0.0,0.0,0.0
42,10.5,R9Z3,123.91908951078771,0.0,0.0,0.0,0.0,71.98987399156289,35.08936204755371,0.0,52.671152483157634,0.0,0.0,0.0,139.41702261662357,0.0,0.0,0.0,0.0,0.0,0.0
42,10.5,R9Z4,120.68691922892903,0.0,0.0,90.0,127.04129194320149,0.0,0.0,0.0,26.335576241578817,0.0,0.0,0.0,73.12527790392129,0.0,0.0,0.0,0.0,0.0,0.0
42,10.5,R9Z5,101.11547238366725,0.0,0.0,76.95814265688199,134.5084065916355,-1.4210854715202004e-14,0.0,0.0,26.335576241578817,0.0,0.0,0.0,152.30197652670927,0.0,0.0,0.0,0.0,0.0,0.0
42,10.5,R9Z6,129.40056121728404,0.0,0.0,36.84293150124524,3.345103245190692,0.0,0.0,0.0,26.335576241578817,0.0,0.0,0.0,161.93148046221845,0.0,0.0,0.0,0.0,0.0,0.0
42,10.5,R9Z7,81.0765137834329,0.0,0.0,108.9779660500484,19.630030618345128,12.525023555545872,0.0,0.0,0.0,0.0,0.0,0.0,77.60910407403898,0.0,0.0,0.0,0.0,0.0,0.0
42,10.5,R9Z8,125.19386567119307,0.0,0.0,80.10235961663237,1.0087223300173394,0.0,0.0,0.0,26.335576241578817,0.0,0.0,0.0,72.51733081323555,0.0,0.0,0.0,0.0,0.0,0.0
42,10.5,R9Z9,165.3243986088046,0.0,0.0,75.54438355332252,19.250159477390547,0.0,0.0,0.0,0.0,0.0,0.0,0.0,164.56580710964462,0.0,0.0,0.0,0.0,0.0,0.0
42,10.5,R9Z10,88.76466865889905,0.0,0.0,0.0,0.0,75.91145418752282,140.42729706539927,0.0,0.0,0.0,0.0,0.0,0.0,0.0,0.0,0.0,0.0,0.0,0.0
42,10.5,R9Z11,86.76095854148299,0.0,0.0,40.91787571043436,19.87169284079721,0.0,0.0,0.0,0.0,0.0,0.0,0.0,162.63925076881299,0.0,0.0,0.0,0.0,0.0,0.0
42,10.5,R10Z1,99.08007677685728,0.0,0.0,0.0,0.0,45.0,48.545049637819005,0.0,0.0,0.0,0.0,0.0,71.29418645672565,2.354085651465958,0.0,640.0,0.0,0.0,0.0
42,10.5,R10Z2,103.07774641927774,0.0,0.0,78.09341629493628,125.858876778857,0.0,0.0,0.0,0.0,0.0,0.0,0.0,169.7872932936372,2.354085651465958,0.0,640.0,0.0,0.0,0.0
42,10.5,R10Z3,90.58572796756401,0.0,0.0,0.0,0.0,135.0,43.58826125069652,0.0,0.0,0.0,0.0,0.0,81.6158977202435,0.0,0.0,0.0,0.0,0.0,0.0
42,10.5,R10Z4,130.5295648432527,0.0,0.0,0.0,0.0,38.95061939216968,10.808852241276774,0.0,52.671152483157634,0.0,0.0,0.0,82.7496341841555,0.0,0.0,0.0,0.0,0.0,0.0
42,10.5,R10Z5,75.61095850266302,0.0,0.0,43.01272664613657,68.77324999642452,0.0,0.0,0.0,52.671152483157634,0.0,0.0,0.0,0.0,0.0,0.0,0.0,0.0,0.0,0.0
42,10.5,R10Z6,154.90148751117073,0.0,0.0,42.382536188036326,25.18896297922213,47.617463811963674,0.0,0.0,52.671152483157634,0.0,0.0,0.0,70.20508628849944,0.0,0.0,0.0,0.0,0.0,0.0
42,10.5,R10Z7,85.07623921246207,0.0,0.0,0.0,0.0,36.25075921967413,106.36037030103884,0.0,52.671152483157634,0.0,0.0,0.0,84.93233793148941,0.0,0.0,0.0,0.0,0.0,0.0
42,10.5,R10Z8,103.71245034678125,0.0,0.0,0.0,0.0,45.0,25.22997051740174,0.0,0.0,0.0,0.0,0.0,82.18618953131175,0.0,0.0,0.0,0.0,0.0,0.0
42,10.5,R10Z9,111.77062208587746,0.0,0.0,36.02456782759788,81.42623160362925,7.105427357601002e-15,0.0,0.0,26.335576241578817,0.0,0.0,0.0,0.0,0.0,0.0,0.0,0.0,0.0,0.0
42,10.5,R11Z1,171.84064613006396,0.0,135.0,36.02809226992022,115.82198090430384,53.97190773007978,0.0,0.0,52.671152483157634,0.0,0.0,0.0,160.448221927479,0.0,0.0,0.0,0.0,0.0,0.0
42,10.5,R11Z2,100.21715290642659,0.0,135.0,45.0,18.56763349950714,0.0,0.0,0.0,26.335576241578817,0.0,0.0,0.0,70.27237725465369,0.0,0.0,0.0,0.0,0.0,0.0
42,10.5,R11Z3,161.48457584691823,0.0,0.0,45.0,53.49237332493006,0.0,0.0,0.0,26.335576241578817,0.0,0.0,0.0,0.0,0.0,0.0,0.0,0.0,0.0,0.0
42,10.5,R11Z4,162.52607625103445,0.0,0.0,128.3515893353665,120.19848128014603,0.0,0.0,0.0,0.0,0.0,0.0,0.0,81.47549771811792,0.0,0.0,0.0,0.0,0.0,0.0
42,10.5,R11Z5,118.71218875766681,0.0,0.0,0.0,0.0,35.18003656781705,23.530980581453157,0.0,26.335576241578817,0.0,0.0,0.0,89.21156655417263,0.0,0.0,0.0,0.0,0.0,0.0
42,10.5,R11Z6,138.5240160795949,0.0,0.0,0.0,0.0,45.0,80.84004050138077,0.0,0.0,0.0,0.0,0.0,0.0,0.0,0.0,0.0,0.0,0.0,0.0
42,10.5,R11Z7,118.50393821208351,0.0,0.0,41.91492519272707,74.03656658871131,0.0,0.0,0.0,26.335576241578817,0.0,0.0,0.0,0.0,0.0,0.0,0.0,0.0,0.0,0.0
42,10.5,R11Z8,96.87180012453271,0.0,0.0,0.0,59.2951336131879,79.27070381867213,28.50987715039804,0.0,26.335576241578817,0.0,0.0,0.0,160.29308976218752,0.0,0.0,0.0,0.0,0.0,0.0
42,10.5,R12Z1,83.14259219356917,0.0,135.0,0.0,0.0,111.01133190712194,22.049916261999908,0.0,52.671152483157634,0.0,0.0,0.0,138.3761264342845,0.0,0.0,0.0,0.0,0.0,0.0
42,10.5,R12Z2,124.295543632006,0.0,135.0,0.0,0.0,34.39026147213141,62.346688981841694,0.0,26.335576241578817,0.0,0.0,0.0,88.26490057972629,0.0,0.0,0.0,0.0,0.0,0.0
42,10.5,R12Z3,129.2100937887371,0.0,0.0,0.0,0.0,124.08125749359279,15.318249638131922,0.0,26.335576241578817,0.0,0.0,0.0,159.93614883128183,0.0,0.0,0.0,0.0,0.0,0.0
42,10.5,R12Z4,146.59844528118984,0.0,0.0,128.602629122242,34.10966445362303,0.0,0.0,0.0,0.0,0.0,0.0,0.0,0.0,0.0,0.0,0.0,0.0,0.0,0.0
42,10.5,R12Z5,100.3136148374467,0.0,0.0,37.84929429388593,6.351515707131634,0.0,0.0,0.0,0.0,0.0,0.0,0.0,151.41446846376732,0.0,0.0,0.0,0.0,0.0,0.0
42,10.5,R12Z6,123.27497966529036,0.0,0.0,69.0346521022405,47.65178242280028,0.0,0.0,0.0,0.0,0.0,0.0,0.0,0.0,0.0,0.0,0.0,0.0,0.0,0.0
42,10.5,R12Z7,128.57891234113822,0.0,0.0,124.55290317393766,30.471153392244137,0.0,0.0,0.0,52.671152483157634,0.0,0.0,0.0,0.0,0.0,0.0,0.0,0.0,0.0,0.0
42,10.5,R12Z8,179.88469772379804,0.0,0.0,0.0,18.972892625763564,80.38831287213094,25.41866705261262,0.0,0.0,0.0,0.0,0.0,73.13412255838712,0.0,0.0,0.0,0.0,0.0,0.0
42,10.5,R12Z9,116.70573109798235,0.0,0.0,44.63412279884028,32.299394380464335,0.0,0.0,0.0,52.671152483157634,0.0,0.0,0.0,165.93569626317188,0.0,0.0,0.0,0.0,0.0,0.0
43,10.75,R1Z1,93.08122126878567,0.0,0.0,129.79711661102343,162.15206079309516,2.842170943040401e-14,0.0,0.0,56.088625658189784,0.0,0.0,0.0,151.57928570878653,0.0,0.0,586.8491650726677,0.0,0.0,0.0
43,10.75,R1Z2,56.424364778124264,0.0,0.0,40.88394529985759,20.550399024827172,0.0,0.0,0.0,56.088625658189784,0.0,0.0,0.0,122.09410398695071,0.0,0.0,0.0,0.0,0.0,0.0
43,10.75,R1Z3,137.90543456188274,0.0,0.0,112.12331554674216,36.39536010338856,0.0,0.0,0.0,28.044312829094892,0.0,23.52870726688623,0.0,56.76498989840114,0.0,0.0,0.0,0.0,0.0,0.0
43,10.75,R1Z4,86.03720039024573,0.0,0.0,126.93676756801635,8.950101323798279,-1.4210854715202004e-14,0.0,0.0,56.088625658189784,0.0,0.0,0.0,0.0,0.0,0.0,0.0,0.0,0.0,0.0
43,10.75,R1Z5,151.48767150992913,0.0,0.0,86.70151375299037,11.870887973353387,0.0,0.0,0.0,56.088625658189784,0.0,0.0,0.0,0.0,0.0,0.0,0.0,0.0,0.0,0.0
43,10.75,R1Z6,117.11031732883727,0.0,0.0,117.86289043858162,51.247273624620526,0.0,0.0,0.0,0.0,0.0,0.0,0.0,22.10576205817805,0.0,0.0,0.0,0.0,0.0,0.0
43,10.75,R1Z7,120.89201065384684,0.0,0.0,43.61058834685583,11.592334053918558,0.0,0.0,0.0,28.044312829094892,0.0,0.0,0.0,35.958405542701655,0.0,0.0,0.0,0.0,0.0,0.0
43,10.75,R1Z8,84.21673497275458,0.0,0.0,45.00000000000001,51.40317302340289,-7.105427357601002e-15,0.0,0.0,0.0,0.0,0.0,0.0,0.0,0.0,0.0,0.0,0.0,0.0,0.0
43,10.75,R1Z9,123.01797416068041,0.0,0.0,76.40356696924253,34.28970226503688,0.0,0.0,0.0,0.0,0.0,0.0,0.0,77.54944177383247,0.0,0.0,0.0,0.0,0.0,0.0
43,10.75,R1Z10,106.95049108444852,0.0,0.0,109.74650566043047,16.006668154328608,0.0,0.0,0.0,0.0,0.0,0.0,0.0,90.85650483831952,0.0,0.0,0.0,0.0,0.0,0.0
43,10.75,R2Z1,116.91932340396464,0.0,135.0,0.0,0.0,135.0,0.0,0.0,0.0,0.0,0.0,0.0,74.57827076440076,2.354085651465958,0.0,640.0,0.0,0.0,0.0
43,10.75,R2Z2,98.83600143551028,0.0,135.0,89.34409045895784,10.894285206458278,0.0,0.0,0.0,0.0,0.0,0.0,0.0,80.60622039098801,2.354085651465958,0.0,640.0,0.0,0.0,0.0
43,10.75,R2Z3,98.69398729936864,0.0,0.0,135.0,0.0,0.0,0.0,0.0,28.044312829094892,0.0,0.0,0.0,69.77608286220195,0.0,0.0,0.0,0.0,0.0,0.0
43,10.75,R2Z4,137.97069382709518,0.0,0.0,0.0,0.0,44.66317079667377,98.69163251210985,0.0,56.088625658189784,0.0,0.0,0.0,0.0,0.0,0.0,0.0,0.0,0.0,0.0
43,10.75,R2Z5,125.99652875847937,0.0,0.0,0.0,0.0,45.0,10.14893716759313,0.0,28.044312829094892,0.0,0.0,0.0,0.0,0.0,0.0,0.0,0.0,0.0,0.0
43,10.75,R2Z6,96.39484571193871,0.0,0.0,85.3155013739902,46.558749495939786,0.0,0.0,0.0,56.088625658189784,0.0,0.0,0.0,168.47330079863846,0.0,0.0,0.0,0.0,0.0,0.0
43,10.75,R2Z7,148.2768777744989,0.0,0.0,0.0,0.0,42.323531927961604,13.20760067974556,0.0,56.088625658189784,0.0,0.0,0.0,86.07979793780086,0.0,0.0,0.0,0.0,0.0,0.0
43,10.75,R2Z8,88.89670839024079,0.0,0.0,0.0,0.0,112.09290636867131,11.388718822163655,0.0,0.0,0.0,0.0,0.0,88.70214897618047,0.0,0.0,0.0,0.0,0.0,0.0
43,10.75,R2Z9,129.6859360750638,0.0,0.0,35.27819202749687,125.01173816786574,-7.105427357601002e-15,0.0,0.0,28.044312829094892,0.0,0.0,0.0,81.12846922672908,0.0,0.0,0.0,0.0,0.0,0.0
43,10.75,R3Z1,88.55061742919568,0.0,0.0,0.0,18.548032578389453,135.0,26.38873793950588,0.0,0.0,0.0,0.0,0.0,0.0,0.0,0.0,0.0,0.0,0.0,0.0
43,10.75,R3Z2,122.27449808989357,0.0,0.0,121.33808860530682,125.68398012607021,-1.4210854715202004e-14,0.0,0.0,56.088625658189784,0.0,0.0,0.0,161.596050524013,0.0,0.0,0.0,0.0,0.0,0.0
43,10.75,R3Z3,110.42087000708801,0.0,0.0,0.0,0.0,44.386494673428466,1.159310444770345,0.0,28.044312829094892,0.0,0.0,0.0,0.0,0.0,0.0,0.0,0.0,0.0,0.0
43,10.75,R4Z1,122.77765068058986,0.0,135.0,36.59131382697487,81.576947765596,-7.105427357601002e-15,0.0,0.0,56.088625658189784,0.0,0.0,0.0,79.94734516176204,0.0,0.0,0.0,0.0,0.0,0.0
43,10.75,R4Z2,135.02198828211726,0.0,0.0,0.0,0.0,133.67941727830683,36.793293843512,0.0,56.088625658189784,0.0,0.0,0.0,158.04445938786998,0.0,0.0,0.0,0.0,0.0,0.0
43,10.75,R4Z3,105.36265936947898,0.0,0.0,78.29434559558565,64.75779421814728,0.0,0.0,0.0,0.0,0.0,0.0,0.0,0.0,0.0,0.0,0.0,0.0,0.0,0.0
43,10.75,R4Z4,139.03370565354246,0.0,0.0,0.0,0.0,44.2881486588323,2.436329949631044,0.0,0.0,0.0,0.0,0.0,0.0,0.0,0.0,0.0,0.0,0.0,0.0
43,10.75,R4Z5,137.5468257821771,0.0,0.0,0.0,0.0,45.0,62.3829162855721,0.0,56.088625658189784,0.0,0.0,0.0,0.0,0.0,0.0,0.0,0.0,0.0,0.0
43,10.75,R4Z6,92.53294608940817,0.0,0.0,90.0,17.320058973348047,0.0,0.0,0.0,56.088625658189784,0.0,0.0,0.0,150.41586587667578,0.0,0.0,0.0,0.0,0.0,0.0
43,10.75,R4Z7,110.52239129730711,0.0,0.0,85.01923074675464,6.5018940909784195,0.0,0.0,0.0,56.088625658189784,0.0,0.0,0.0,0.0,0.0,0.0,0.0,0.0,0.0,0.0
43,10.75,R4Z8,120.90420180916969,0.0,0.0,76.84628538506499,0.0,0.0,0.0,0.0,56.088625658189784,0.0,0.0,0.0,0.0,0.0,0.0,0.0,0.0,0.0,0.0
43,10.75,R4Z9,117.45205836930985,0.0,0.0,90.0,87.9429209977134,0.0,0.0,0.0,0.0,0.0,0.0,0.0,87.06229709265986,0.0,0.0,0.0,0.0,0.0,0.0
43,10.75,R4Z10,93.89371383314995,0.0,0.0,0.0,27.132917280765582,37.635711902021036,52.92451924757897,0.0,0.0,0.0,0.0,0.0,88.69247135287142,0.0,0.0,0.0,0.0,0.0,0.0
43,10.75,R4Z11,98.39098697725642,0.0,0.0,0.0,0.0,72.66726231648904,45.57301424694002,0.0,28.044312829094892,0.0,0.0,0.0,82.05277383938764,0.0,0.0,0.0,0.0,0.0,0.0
43,10.75,R5Z1,119.8389758347885,0.0,135.0,0.0,0.0,135.0,41.04598872485451,0.0,0.0,0.0,0.0,0.0,71.63520647990089,0.0,0.0,0.0,0.0,0.0,0.0
43,10.75,R5Z2,91.91130505760903,0.0,135.0,0.0,0.0,36.34705656720668,31.60512452298643,0.0,28.044312829094892,0.0,0.0,0.0,170.4433466054505,0.0,0.0,0.0,0.0,0.0,0.0
43,10.75,R5Z3,114.39450556694966,0.0,0.0,122.08080057471622,144.61558878637257,-2.842170943040401e-14,0.0,0.0,28.044312829094892,0.0,0.0,0.0,144.56879013095525,0.0,0.0,0.0,0.0,0.0,0.0
43,10.75,R5Z4,73.75276172636914,0.0,0.0,120.67711081224314,14.686207236171409,0.0,0.0,0.0,56.088625658189784,0.0,0.0,0.0,0.0,0.0,0.0,0.0,0.0,0.0,0.0
43,10.75,R5Z5,102.0251647335505,0.0,0.0,0.0,0.0,45.0,27.94454927161346,0.0,28.044312829094892,0.0,0.0,0.0,79.53595841692929,0.0,0.0,0.0,0.0,0.0,0.0
43,10.75,R5Z6,153.98534662850017,0.0,0.0,45.0,71.2359550247198,0.0,0.0,0.0,56.088625658189784,0.0,0.0,0.0,161.45079629070307,0.0,0.0,0.0,0.0,0.0,0.0
43,10.75,R5Z7,58.113098461504556,0.0,0.0,79.1321590933361,14.958548459585096,0.0,0.0,0.0,0.0,0.0,0.0,0.0,87.59285355044345,0.0,0.0,0.0,0.0,0.0,0.0
43,10.75,R5Z8,120.61629076952232,0.0,0.0,48.39371437399238,40.40772718942479,36.5199345902884,0.0,0.0,28.044312829094892,0.0,0.0,0.0,163.0310054166852,0.0,0.0,0.0,0.0,0.0,0.0
43,10.75,R5Z9,127.3852521848001,0.0,0.0,0.0,0.0,108.7227973829269,62.438961401315304,0.0,0.0,0.0,0.0,0.0,84.94071899589827,0.0,0.0,0.0,0.0,0.0,0.0
43,10.75,R6Z1,88.39451980851463,0.0,135.0,83.02423933783773,15.299548688178376,0.0,0.0,0.0,0.0,0.0,0.0,0.0,0.0,2.354085651465958,0.0,640.0,0.0,0.0,0.0
43,10.75,R6Z2,106.70811602997148,0.0,135.0,0.0,0.0,90.0,0.0,0.0,56.088625658189784,0.0,0.0,0.0,138.37092773883404,2.354085651465958,0.0,640.0,0.0,0.0,0.0
43,10.75,R6Z3,145.26821732725767,0.0,0.0,0.0,0.0,130.35942273092112,5.190655139779489,0.0,28.044312829094892,0.0,0.0,0.0,81.49448890462982,0.0,0.0,0.0,0.0,0.0,0.0
43,10.75,R6Z4,119.36959072345265,0.0,0.0,0.0,0.0,37.39239301427367,167.48641803513738,0.0,28.044312829094892,0.0,0.0,0.0,77.27422935849042,0.0,0.0,0.0,0.0,0.0,0.0
43,10.75,R7Z1,157.16734990496823,0.0,135.0,0.0,0.0,90.0,14.02399364235074,0.0,28.044312829094892,0.0,0.0,0.0,0.0,2.354085651465958,0.0,640.0,0.0,0.0,0.0
43,10.75,R7Z2,126.76654224188322,0.0,135.0,0.0,0.0,117.96633183016664,5.79424090274577,0.0,0.0,0.0,0.0,0.0,164.74268152865386,0.0,0.0,0.0,0.0,0.0,0.0
43,10.75,R7Z3,126.65751261937507,0.0,0.0,44.999999999999986,89.2083405114815,1.4210854715202004e-14,0.0,0.0,56.088625658189784,0.0,0.0,0.0,140.6917665502118,0.0,0.0,0.0,0.0,0.0,0.0
43,10.75,R7Z4,145.90915790785604,0.0,0.0,124.21649749961556,0.0,0.0,0.0,0.0,28.044312829094892,0.0,0.0,0.0,68.64522896282375,0.0,0.0,0.0,0.0,0.0,0.0
43,10.75,R7Z5,155.46814405151724,0.0,0.0,0.0,0.0,42.01393574051813,0.0,0.0,56.088625658189784,0.0,0.0,0.0,0.0,0.0,0.0,0.0,0.0,0.0,0.0
43,10.75,R7Z6,94.997422073342,0.0,0.0,90.0,44.10439756040554,0.0,0.0,0.0,56.088625658189784,0.0,0.0,0.0,0.0,0.0,0.0,0.0,0.0,0.0,0.0
43,10.75,R7Z7,113.94613397096354,0.0,0.0,0.0,0.0,75.70623664361945,80.49150276743738,0.0,0.0,0.0,0.0,0.0,68.95328547625014,0.0,0.0,0.0,0.0,0.0,0.0
43,10.75,R7Z8,135.44157779853086,0.0,0.0,0.0,0.0,135.0,35.39718385190497,0.0,56.088625658189784,0.0,0.0,0.0,146.46204370614154,0.0,0.0,0.0,0.0,0.0,0.0
43,10.75,R7Z9,106.2815946100642,0.0,0.0,90.0,61.1649963976017,0.0,0.0,0.0,56.088625658189784,0.0,0.0,0.0,80.07959285205622,0.0,0.0,0.0,0.0,0.0,0.0
43,10.75,R8Z1,115.35668142907465,0.0,135.0,0.0,0.0,70.61807884641661,61.08559191340933,0.0,28.044312829094892,0.0,0.0,0.0,85.27149981981174,2.354085651465958,0.0,640.0,0.0,0.0,0.0
43,10.75,R8Z2,87.64844567273359,0.0,135.0,0.0,0.0,90.0,123.94517758096106,0.0,28.044312829094892,0.0,0.0,0.0,148.55040219719584,0.0,0.0,0.0,0.0,0.0,0.0
43,10.75,R8Z3,116.9938145250212,0.0,0.0,0.0,0.0,82.92260328169101,24.00040712323498,0.0,28.044312829094892,0.0,0.0,0.0,173.79344339139277,0.0,0.0,0.0,0.0,0.0,0.0
43,10.75,R8Z4,110.95083308787284,0.0,0.0,80.5806605401862,74.45082977684764,1.4210854715202004e-14,0.0,0.0,0.0,0.0,0.0,0.0,0.0,0.0,0.0,0.0,0.0,0.0,0.0
43,10.75,R8Z5,143.24577063136658,0.0,0.0,73.82882157486219,89.9939991815771,-1.4210854715202004e-14,0.0,0.0,28.044312829094892,0.0,0.0,0.0,86.4887254898427,0.0,0.0,0.0,0.0,0.0,0.0
43,10.75,R8Z6,140.23918450401234,0.0,0.0,41.67800569546419,30.175296611848697,-7.105427357601002e-15,0.0,0.0,28.044312829094892,0.0,0.0,0.0,0.0,0.0,0.0,0.0,0.0,0.0,0.0
43,10.75,R8Z7,155.6000585537507,0.0,0.0,90.0,19.67230744321246,0.0,0.0,0.0,0.0,0.0,0.0,0.0,80.13036473257695,0.0,0.0,0.0,0.0,0.0,0.0
43,10.75,R8Z8,101.9763809069824,0.0,0.0,0.0,0.0,90.0,60.189738377981065,0.0,28.044312829094892,0.0,0.0,0.0,85.19585780602134,0.0,0.0,0.0,0.0,0.0,0.0
43,10.75,R9Z1,108.63177438348379,0.0,135.0,40.514278064863696,42.553155109208525,-7.105427357601002e-15,0.0,0.0,28.044312829094892,0.0,0.0,0.0,0.0,2.354085651465958,0.0,640.0,0.0,0.0,0.0
43,10.75,R9Z2,124.04538450252218,0.0,135.0,0.0,0.0,42.395797054095944,38.2888667364064,0.0,28.044312829094892,0.0,0.0,0.0,75.75998556150532,2.354085651465958,0.0,640.0,0.0,0.0,0.0
43,10.75,R9Z3,111.74183388824399,0.0,0.0,0.0,0.0,71.25796645678231,12.587421621727309,0.0,56.088625658189784,0.0,0.0,0.0,139.2611226856115,0.0,0.0,0.0,0.0,0.0,0.0
43,10.75,R9Z4,110.69363932979513,0.0,0.0,0.0,0.0,90.0,78.74892136022511,0.0,28.044312829094892,0.0,0.0,0.0,73.04350721647941,0.0,0.0,0.0,0.0,0.0,0.0
43,10.75,R9Z5,122.68553532493218,0.0,0.0,71.65554304168927,109.4899740540439,-1.4210854715202004e-14,0.0,0.0,28.044312829094892,0.0,0.0,0.0,152.13166828752955,0.0,0.0,0.0,0.0,0.0,0.0
43,10.75,R9Z6,128.18294907657582,0.0,0.0,0.0,0.0,39.98367822535301,41.49819198093054,0.0,28.044312829094892,0.0,0.0,0.0,161.7504042481455,0.0,0.0,0.0,0.0,0.0,0.0
43,10.75,R9Z7,88.19945895219894,0.0,0.0,110.57925205441711,9.729535571886096,1.0774914166703127,0.0,0.0,0.0,0.0,0.0,0.0,77.52231944943598,0.0,0.0,0.0,0.0,0.0,0.0
43,10.75,R9Z8,116.82310124436566,0.0,0.0,0.0,0.0,81.30734577150285,45.52754067278432,0.0,28.044312829094892,0.0,0.0,0.0,72.43623994887209,0.0,0.0,0.0,0.0,0.0,0.0
43,10.75,R9Z9,147.0346489466937,0.0,0.0,83.18972603437248,44.38872931417961,0.0,0.0,0.0,0.0,0.0,0.0,0.0,164.38178511940396,0.0,0.0,0.0,0.0,0.0,0.0
43,10.75,R9Z10,91.24327142437367,0.0,0.0,77.45721092048484,53.90369587538629,-1.4210854715202004e-14,0.0,0.0,0.0,0.0,0.0,0.0,0.0,0.0,0.0,0.0,0.0,0.0,0.0
43,10.75,R9Z11,110.03827685737092,0.0,0.0,42.49503203882994,37.129550110175934,7.105427357601002e-15,0.0,0.0,0.0,0.0,0.0,0.0,162.4573831066091,0.0,0.0,0.0,0.0,0.0,0.0
43,10.75,R10Z1,120.79767750622091,0.0,0.0,45.0,71.21341332126515,0.0,0.0,0.0,0.0,0.0,0.0,0.0,71.2144633458633,2.354085651465958,0.0,640.0,0.0,0.0,0.0
43,10.75,R10Z2,108.26935473480718,0.0,0.0,0.0,0.0,72.53848225595308,49.90466363371804,0.0,0.0,0.0,0.0,0.0,169.5974324946156,2.354085651465958,0.0,640.0,0.0,0.0,0.0
43,10.75,R10Z3,89.85579125268325,0.0,0.0,135.0,57.4793500438347,0.0,0.0,0.0,0.0,0.0,0.0,0.0,81.52463258930563,0.0,0.0,0.0,0.0,0.0,0.0
43,10.75,R10Z4,135.8423011515525,0.0,0.0,38.445749434733905,17.39583866953874,0.0,0.0,0.0,56.088625658189784,0.0,0.0,0.0,82.65710127806942,0.0,0.0,0.0,0.0,0.0,0.0
43,10.75,R10Z5,80.71831884392425,0.0,0.0,42.86885862979527,103.08052356867039,-7.105427357601002e-15,0.0,0.0,56.088625658189784,0.0,0.0,0.0,0.0,0.0,0.0,0.0,0.0,0.0,0.0
43,10.75,R10Z6,106.88432372996968,0.0,0.0,86.49616165867928,22.834261264381745,1.4210854715202004e-14,0.0,0.0,56.088625658189784,0.0,0.0,0.0,70.1265810392576,0.0,0.0,0.0,0.0,0.0,0.0
43,10.75,R10Z7,84.70224583433824,0.0,0.0,17.41153314175687,6.557999581540791,17.92044729138228,0.0,0.0,56.088625658189784,0.0,0.0,0.0,84.83736426632498,0.0,0.0,0.0,0.0,0.0,0.0
43,10.75,R10Z8,96.74094512615028,0.0,0.0,45.0,36.62534163268613,0.0,0.0,0.0,0.0,0.0,0.0,0.0,82.0942866844599,0.0,0.0,0.0,0.0,0.0,0.0
43,10.75,R10Z9,117.81375594312412,0.0,0.0,40.697851106916374,0.0,0.0,0.0,0.0,28.044312829094892,0.0,0.0,0.0,0.0,0.0,0.0,0.0,0.0,0.0,0.0
43,10.75,R11Z1,182.12460188811426,0.0,135.0,90.0,103.4998284309741,0.0,0.0,0.0,56.088625658189784,0.0,0.0,0.0,160.26880433370147,0.0,0.0,0.0,0.0,0.0,0.0
43,10.75,R11Z2,111.44593012928897,0.0,135.0,0.0,0.0,45.0,37.82961489813566,0.0,28.044312829094892,0.0,0.0,0.0,70.19379675881152,0.0,0.0,0.0,0.0,0.0,0.0
43,10.75,R11Z3,151.23520138320038,0.0,0.0,45.0,27.266570604218213,0.0,0.0,0.0,28.044312829094892,0.0,0.0,0.0,0.0,0.0,0.0,0.0,0.0,0.0,0.0
43,10.75,R11Z4,149.0733675592773,0.0,0.0,74.22360661725378,49.96961983822235,48.663962313389064,0.0,0.0,0.0,0.0,0.0,0.0,81.38438958630566,0.0,0.0,0.0,0.0,0.0,0.0
43,10.75,R11Z5,108.9023649374277,0.0,0.0,0.0,0.0,34.268237149300056,23.25670713852795,0.0,28.044312829094892,0.0,0.0,0.0,89.11180773842516,0.0,0.0,0.0,0.0,0.0,0.0
43,10.75,R11Z6,126.46830398088508,0.0,0.0,45.0,73.22547827466101,0.0,0.0,0.0,0.0,0.0,0.0,0.0,0.0,0.0,0.0,0.0,0.0,0.0,0.0
43,10.75,R11Z7,125.39643735922743,0.0,0.0,42.235247086084854,55.207891446575374,0.0,0.0,0.0,28.044312829094892,0.0,0.0,0.0,0.0,0.0,0.0,0.0,0.0,0.0,0.0
43,10.75,R11Z8,81.58857901789249,0.0,0.0,0.0,0.0,81.67088085193882,67.34217746551002,0.0,28.044312829094892,0.0,0.0,0.0,160.1138456414437,0.0,0.0,0.0,0.0,0.0,0.0
43,10.75,R12Z1,106.5669715877355,0.0,135.0,0.0,0.0,107.96670006053914,89.88496885556438,0.0,56.088625658189784,0.0,0.0,0.0,138.2213904618764,0.0,0.0,0.0,0.0,0.0,0.0
43,10.75,R12Z2,114.8981494210803,0.0,135.0,0.0,0.0,39.070127568783974,10.396119267375054,0.0,28.044312829094892,0.0,0.0,0.0,88.16620035178492,0.0,0.0,0.0,0.0,0.0,0.0
43,10.75,R12Z3,101.42124919728558,0.0,0.0,0.0,0.0,133.68659771608102,17.69360034192972,0.0,28.044312829094892,0.0,0.0,0.0,159.75730385165767,0.0,0.0,0.0,0.0,0.0,0.0
43,10.75,R12Z4,127.61606875663519,0.0,0.0,0.0,0.0,135.0,4.401804898639259,0.0,0.0,0.0,0.0,0.0,0.0,0.0,0.0,0.0,0.0,0.0,0.0
43,10.75,R12Z5,88.16724738863094,0.0,0.0,39.3959549073837,57.45258494362555,0.0,0.0,0.0,0.0,0.0,0.0,0.0,151.24515266039774,0.0,0.0,0.0,0.0,0.0,0.0
43,10.75,R12Z6,112.33302744134217,0.0,0.0,70.42353645156439,90.45419536616728,-1.4210854715202004e-14,0.0,0.0,0.0,0.0,0.0,0.0,0.0,0.0,0.0,0.0,0.0,0.0,0.0
43,10.75,R12Z7,120.40804382249658,0.0,0.0,0.0,29.04896464117597,113.32185507156454,53.06112508462387,0.0,56.088625658189784,0.0,0.0,0.0,0.0,0.0,0.0,0.0,0.0,0.0,0.0
43,10.75,R12Z8,154.7035566313155,0.0,0.0,75.67731023447094,76.16007424385187,1.4210854715202004e-14,0.0,0.0,0.0,0.0,0.0,0.0,73.05234198061052,0.0,0.0,0.0,0.0,0.0,0.0
43,10.75,R12Z9,92.54358075052339,0.0,0.0,0.0,0.0,45.0,63.95594663179229,0.0,56.088625658189784,0.0,0.0,0.0,165.75014242538117,0.0,0.0,0.0,0.0,0.0,0.0
44,11.0,R1Z1,105.79338860660577,0.0,0.0,126.38278164700733,19.295485344521772,0.0,0.0,0.0,70.28378586574425,0.0,0.0,0.0,151.40978560226193,0.0,0.0,586.3458169973937,0.0,0.0,0.0
44,11.0,R1Z2,68.7688070027014,0.0,0.0,37.144580519948335,0.0,0.0,0.0,0.0,70.28378586574425,0.0,0.0,0.0,121.95757501773807,0.0,0.0,0.0,0.0,0.0,0.0
44,11.0,R1Z3,131.0128911520784,0.0,0.0,118.7260056671499,57.070052785482915,0.0,0.0,0.0,35.141892932872125,0.0,0.0,0.0,56.70151373284425,0.0,0.0,0.0,0.0,0.0,0.0
44,11.0,R1Z4,90.3247114606362,0.0,0.0,127.82422555952652,4.447053972868589,-1.4210854715202004e-14,0.0,0.0,70.28378586574425,0.0,0.0,0.0,0.0,0.0,0.0,0.0,0.0,0.0,0.0
44,11.0,R1Z5,148.36197171512435,0.0,0.0,83.0316753754283,13.495252356447022,0.0,0.0,0.0,70.28378586574425,0.0,0.0,0.0,0.0,0.0,0.0,0.0,0.0,0.0,0.0
44,11.0,R1Z6,111.05487254878273,0.0,0.0,135.0,47.03049050912288,0.0,0.0,0.0,0.0,0.0,40.74028443310681,0.0,31.896104227685086,0.0,0.0,0.0,0.0,0.0,0.0
44,11.0,R1Z7,120.38155483736776,0.0,0.0,38.41877644353988,27.565559775968392,7.105427357601002e-15,0.0,0.0,35.141892932872125,0.0,0.0,0.0,35.91819586931889,0.0,0.0,0.0,0.0,0.0,0.0
44,11.0,R1Z8,65.0575179782554,0.0,0.0,45.0,0.0,0.0,0.0,0.0,0.0,0.0,0.0,0.0,0.0,0.0,0.0,0.0,0.0,0.0,0.0
44,11.0,R1Z9,130.39219815635408,0.0,0.0,84.02759648331892,35.25249615925292,1.4210854715202004e-14,0.0,0.0,0.0,0.0,0.0,0.0,77.46272386524674,0.0,0.0,0.0,0.0,0.0,0.0
44,11.0,R1Z10,98.38468652568068,0.0,0.0,128.8088739718219,27.829813525839153,0.0,0.0,0.0,0.0,0.0,68.96951170408965,0.0,107.37089258131101,0.0,0.0,0.0,0.0,0.0,0.0
44,11.0,R2Z1,117.90349226276379,0.0,135.0,132.54154384485892,58.50143714905076,0.0,0.0,0.0,0.0,0.0,0.0,0.0,74.4948753005689,2.354085651465958,0.0,640.0,0.0,0.0,0.0
44,11.0,R2Z2,112.99521950109812,0.0,135.0,0.0,0.0,90.0,45.79938722449131,0.0,0.0,0.0,0.0,0.0,80.51608430887805,2.354085651465958,0.0,640.0,0.0,0.0,0.0
44,11.0,R2Z3,123.64146896249804,0.0,0.0,135.0,11.230300322769043,0.0,0.0,0.0,35.141892932872125,0.0,0.0,0.0,69.69805733633468,0.0,0.0,0.0,0.0,0.0,0.0
44,11.0,R2Z4,143.5503902469602,0.0,0.0,45.0,0.612978805832929,0.0,0.0,0.0,70.28378586574425,0.0,0.0,0.0,0.0,0.0,0.0,0.0,0.0,0.0,0.0
44,11.0,R2Z5,120.21482748094105,0.0,0.0,0.0,0.0,45.0,33.516286983888385,0.0,35.141892932872125,0.0,0.0,0.0,0.0,0.0,0.0,0.0,0.0,0.0,0.0
44,11.0,R2Z6,116.09835381723992,0.0,0.0,17.19323548935414,29.183367974127616,64.80530281861039,0.0,0.0,70.28378586574425,0.0,0.0,0.0,168.28490934199326,0.0,0.0,0.0,0.0,0.0,0.0
44,11.0,R2Z7,135.6312290961269,0.0,0.0,0.0,0.0,45.0,23.69270806644176,0.0,70.28378586574425,0.0,0.0,0.0,85.98354115144745,0.0,0.0,0.0,0.0,0.0,0.0
44,11.0,R2Z8,89.4874717090323,0.0,0.0,117.68073372284476,26.460035560657698,0.0,0.0,0.0,0.0,0.0,0.0,0.0,88.6029598051132,0.0,0.0,0.0,0.0,0.0,0.0
44,11.0,R2Z9,130.64181172000895,0.0,0.0,0.0,0.0,37.00243486310474,0.0,0.0,35.141892932872125,0.0,0.0,0.0,81.03774915167524,0.0,0.0,0.0,0.0,0.0,0.0
44,11.0,R3Z1,85.68110005374858,0.0,0.0,0.0,0.0,135.0,7.579772267014863,0.0,0.0,0.0,0.0,0.0,0.0,0.0,0.0,0.0,0.0,0.0,0.0
44,11.0,R3Z2,125.84649589205958,0.0,0.0,104.42842613926287,20.42645218021671,19.619591188389094,0.0,0.0,70.28378586574425,0.0,0.0,0.0,161.4153493968788,0.0,0.0,0.0,0.0,0.0,0.0
44,11.0,R3Z3,92.41160464743861,0.0,0.0,45.0,5.908488558934054,0.0,0.0,0.0,35.141892932872125,0.0,0.0,0.0,0.0,0.0,0.0,0.0,0.0,0.0,0.0
44,11.0,R4Z1,123.56844287589291,0.0,135.0,40.403077763664264,54.182090051472564,0.0,0.0,0.0,70.28378586574425,0.0,0.0,0.0,79.85794585196908,0.0,0.0,0.0,0.0,0.0,0.0
44,11.0,R4Z2,138.24730705463367,0.0,0.0,0.0,0.0,135.0,8.733922363593678,0.0,70.28378586574425,0.0,0.0,0.0,157.86772974716345,0.0,0.0,0.0,0.0,0.0,0.0
44,11.0,R4Z3,99.77556682716083,0.0,0.0,78.41206325371631,78.7603928315094,0.0,0.0,0.0,0.0,0.0,0.0,0.0,0.0,0.0,0.0,0.0,0.0,0.0,0.0
44,11.0,R4Z4,133.9203476048273,0.0,0.0,45.0,16.803159302678935,0.0,0.0,0.0,0.0,0.0,0.0,0.0,0.0,0.0,0.0,0.0,0.0,0.0,0.0
44,11.0,R4Z5,151.0651675283892,0.0,0.0,0.0,0.0,45.0,68.69959277444909,0.0,70.28378586574425,0.0,0.0,0.0,0.0,0.0,0.0,0.0,0.0,0.0,0.0
44,11.0,R4Z6,91.48169051374649,0.0,0.0,0.0,0.0,90.0,27.792254095800573,0.0,70.28378586574425,0.0,0.0,0.0,150.24766673805425,0.0,0.0,0.0,0.0,0.0,0.0
44,11.0,R4Z7,131.00209924598724,0.0,0.0,90.0,27.577612801912576,0.0,0.0,0.0,70.28378586574425,0.0,0.0,0.0,0.0,0.0,0.0,0.0,0.0,0.0,0.0
44,11.0,R4Z8,132.54561036010597,0.0,0.0,0.0,0.0,74.60795438894048,5.551503760049349,0.0,70.28378586574425,0.0,0.0,0.0,0.0,0.0,0.0,0.0,0.0,0.0,0.0
44,11.0,R4Z9,103.25394164484888,0.0,0.0,0.0,41.28282294212201,90.0,35.6545284247416,0.0,0.0,0.0,0.0,0.0,86.96494164885712,0.0,0.0,0.0,0.0,0.0,0.0
44,11.0,R4Z10,90.82787596962972,0.0,0.0,40.091530309860055,33.20479386687877,0.0,0.0,0.0,0.0,0.0,0.0,0.0,88.59329300358745,0.0,0.0,0.0,0.0,0.0,0.0
44,11.0,R4Z11,120.87601042449525,0.0,0.0,74.70633470211672,62.23749584692115,0.0,0.0,0.0,35.141892932872125,0.0,0.0,0.0,81.96102018161454,0.0,0.0,0.0,0.0,0.0,0.0
44,11.0,R5Z1,126.54434367631833,0.0,135.0,135.0,60.38604126929709,0.0,0.0,0.0,0.0,0.0,0.0,0.0,71.55510203111372,0.0,0.0,0.0,0.0,0.0,0.0
44,11.0,R5Z2,98.29927828085472,0.0,135.0,40.3016863329578,5.903589688232406,0.0,0.0,0.0,35.141892932872125,0.0,0.0,0.0,170.2527521896572,0.0,0.0,0.0,0.0,0.0,0.0
44,11.0,R5Z3,100.09425913425768,0.0,0.0,70.24733446683332,47.08198549394508,46.86328619856501,0.0,0.0,35.141892932872125,0.0,0.0,0.0,144.40712935248712,0.0,0.0,0.0,0.0,0.0,0.0
44,11.0,R5Z4,81.06575232411568,0.0,0.0,0.0,0.0,119.37089367788019,13.05999797327856,0.0,70.28378586574425,0.0,0.0,0.0,0.0,0.0,0.0,0.0,0.0,0.0,0.0
44,11.0,R5Z5,93.46475999620182,0.0,0.0,45.0,47.52504604860438,0.0,0.0,0.0,35.141892932872125,0.0,0.0,0.0,79.44701913105546,0.0,0.0,0.0,0.0,0.0,0.0
44,11.0,R5Z6,131.4133705031552,0.0,0.0,0.0,0.0,44.9623679310909,31.331822109213675,0.0,70.28378586574425,0.0,0.0,0.0,161.27025759082866,0.0,0.0,0.0,0.0,0.0,0.0
44,11.0,R5Z7,84.33756736028256,0.0,0.0,0.0,0.0,78.4878367833815,21.231408246563976,0.0,0.0,0.0,0.0,0.0,87.49490482388647,0.0,0.0,0.0,0.0,0.0,0.0
44,11.0,R5Z8,112.59876622208695,0.0,0.0,84.15264234020584,48.905387574451524,0.0,0.0,0.0,35.141892932872125,0.0,0.0,0.0,162.84869968371038,0.0,0.0,0.0,0.0,0.0,0.0
44,11.0,R5Z9,134.20625940687353,0.0,0.0,120.02070796647249,55.73853474739386,0.0,0.0,0.0,0.0,0.0,0.0,0.0,84.8457359587982,0.0,0.0,0.0,0.0,0.0,0.0
44,11.0,R6Z1,115.1194643122193,0.0,135.0,0.0,0.0,90.0,9.656482866919504,0.0,0.0,0.0,0.0,0.0,0.0,2.354085651465958,0.0,640.0,0.0,0.0,0.0
44,11.0,R6Z2,96.66978217334906,0.0,135.0,0.0,0.0,90.0,16.569264257755812,0.0,70.28378586574425,0.0,0.0,0.0,138.21619757974952,2.354085651465958,0.0,640.0,0.0,0.0,0.0
44,11.0,R6Z3,159.57126343917076,0.0,0.0,0.0,0.0,100.78414656547811,0.0,0.0,35.141892932872125,0.0,0.0,0.0,81.40335953635294,0.0,0.0,0.0,0.0,0.0,0.0
44,11.0,R6Z4,114.66379486293532,0.0,0.0,34.25652341829235,0.0,0.0,0.0,0.0,35.141892932872125,0.0,0.0,0.0,77.18781919996101,0.0,0.0,0.0,0.0,0.0,0.0
44,11.0,R7Z1,152.4831087548284,0.0,135.0,0.0,0.0,85.22068075088093,0.0,0.0,35.141892932872125,0.0,0.0,0.0,0.0,2.354085651465958,0.0,640.0,0.0,0.0,0.0
44,11.0,R7Z2,138.21465961404314,0.0,135.0,0.0,0.0,120.21720159916381,13.899271306873512,0.0,0.0,0.0,0.0,0.0,164.5584617525962,0.0,0.0,0.0,0.0,0.0,0.0
44,11.0,R7Z3,129.6248590217459,0.0,0.0,0.0,0.0,45.0,22.317240106516003,0.0,70.28378586574425,0.0,0.0,0.0,140.5344411656391,0.0,0.0,0.0,0.0,0.0,0.0
44,11.0,R7Z4,175.05366488372587,0.0,0.0,135.0,0.0,0.0,0.0,0.0,35.141892932872125,0.0,0.0,0.0,68.56846798874213,0.0,0.0,0.0,0.0,0.0,0.0
44,11.0,R7Z5,161.96847458479553,0.0,0.0,45.0,0.0,0.0,0.0,0.0,70.28378586574425,0.0,0.0,0.0,0.0,0.0,0.0,0.0,0.0,0.0,0.0
44,11.0,R7Z6,97.93630166331208,0.0,0.0,0.0,0.0,85.83679986114636,55.46966456885385,0.0,70.28378586574425,0.0,0.0,0.0,0.0,0.0,0.0,0.0,0.0,0.0,0.0
44,11.0,R7Z7,111.9093912043647,0.0,0.0,84.80846392968479,0.0,0.0,0.0,0.0,0.0,0.0,0.0,0.0,68.87618002494264,0.0,0.0,0.0,0.0,0.0,0.0
44,11.0,R7Z8,127.64554458801048,0.0,0.0,0.0,0.0,111.08177668164618,0.0,0.0,70.28378586574425,0.0,0.0,0.0,146.29826583970078,0.0,0.0,0.0,0.0,0.0,0.0
44,11.0,R7Z9,104.93132721486364,0.0,0.0,81.75542452860543,31.54539157178222,0.0,0.0,0.0,70.28378586574425,0.0,0.0,0.0,79.99004565927589,0.0,0.0,0.0,0.0,0.0,0.0
44,11.0,R8Z1,110.565525219881,0.0,135.0,0.0,0.0,81.05179948899452,43.30114934468298,0.0,35.141892932872125,0.0,0.0,0.0,85.17614689453976,2.354085651465958,0.0,640.0,0.0,0.0,0.0
44,11.0,R8Z2,76.7856085265304,0.0,135.0,0.0,0.0,90.0,147.53365516494364,0.0,35.141892932872125,0.0,0.0,0.0,148.38428907112484,0.0,0.0,0.0,0.0,0.0,0.0
44,11.0,R8Z3,117.15677117593498,0.0,0.0,24.32661176328464,57.688266479778214,59.581668627536935,0.0,0.0,35.141892932872125,0.0,0.0,0.0,173.5991028056698,0.0,0.0,0.0,0.0,0.0,0.0
44,11.0,R8Z4,111.39602627938434,0.0,0.0,0.0,0.0,83.29986865414226,55.690690541337005,0.0,0.0,0.0,0.0,0.0,0.0,0.0,0.0,0.0,0.0,0.0,0.0
44,11.0,R8Z5,149.50152907001907,0.0,0.0,0.0,0.0,77.56301334717938,20.29218556073507,0.0,35.141892932872125,0.0,0.0,0.0,86.39201142950685,0.0,0.0,0.0,0.0,0.0,0.0
44,11.0,R8Z6,125.69040126895898,0.0,0.0,39.28281188920137,103.58791086376469,-1.4210854715202004e-14,0.0,0.0,35.141892932872125,0.0,0.0,0.0,0.0,0.0,0.0,0.0,0.0,0.0,0.0
44,11.0,R8Z7,133.61492202552395,0.0,0.0,72.60890978911057,17.65148371733226,17.39109021088943,0.0,0.0,0.0,0.0,0.0,0.0,80.04076076529002,0.0,0.0,0.0,0.0,0.0,0.0
44,11.0,R8Z8,126.7125054686541,0.0,0.0,90.0,0.0,0.0,0.0,0.0,35.141892932872125,0.0,0.0,0.0,85.10058946571976,0.0,0.0,0.0,0.0,0.0,0.0
44,11.0,R9Z1,105.6862815962798,0.0,135.0,0.0,0.0,38.90117595835736,25.29788299126073,0.0,35.141892932872125,0.0,0.0,0.0,0.0,2.354085651465958,0.0,640.0,0.0,0.0,0.0
44,11.0,R9Z2,115.68894392240516,0.0,135.0,41.46274325895496,7.3637783953486435,0.0,0.0,0.0,35.141892932872125,0.0,0.0,0.0,75.67526867183975,2.354085651465958,0.0,640.0,0.0,0.0,0.0
44,11.0,R9Z3,130.52730976780828,0.0,0.0,0.0,0.0,74.62408934873774,4.540165608186528,0.0,70.28378586574425,0.0,0.0,0.0,139.1053970861698,0.0,0.0,0.0,0.0,0.0,0.0
44,11.0,R9Z4,117.0434633475945,0.0,0.0,90.0,139.82119428828358,0.0,0.0,0.0,35.141892932872125,0.0,0.0,0.0,72.96182796725859,0.0,0.0,0.0,0.0,0.0,0.0
44,11.0,R9Z5,111.50477762671461,0.0,0.0,77.19307001922185,83.46933408678784,0.0,0.0,0.0,35.141892932872125,0.0,0.0,0.0,151.96155049168482,0.0,0.0,0.0,0.0,0.0,0.0
44,11.0,R9Z6,128.4104888608358,0.0,0.0,38.61550260977727,31.216927683649466,0.0,0.0,0.0,35.141892932872125,0.0,0.0,0.0,161.56953051845178,0.0,0.0,0.0,0.0,0.0,0.0
44,11.0,R9Z7,87.35634992918678,0.0,0.0,0.0,0.0,111.22301119048717,45.40875456792105,0.0,0.0,0.0,0.0,0.0,77.4356318697758,0.0,0.0,0.0,0.0,0.0,0.0
44,11.0,R9Z8,117.34572428226167,0.0,0.0,0.0,0.0,85.6697355607814,32.16998979554453,0.0,35.141892932872125,0.0,0.0,0.0,72.35523976253289,0.0,0.0,0.0,0.0,0.0,0.0
44,11.0,R9Z9,149.20578886626203,0.0,0.0,83.72963451632198,40.6919839743431,0.0,0.0,0.0,0.0,0.0,0.0,0.0,164.19796890759008,0.0,0.0,0.0,0.0,0.0,0.0
44,11.0,R9Z10,72.7721826767698,0.0,0.0,71.16603951220779,118.33030133223741,0.0,0.0,0.0,0.0,0.0,0.0,0.0,0.0,0.0,0.0,0.0,0.0,0.0,0.0
44,11.0,R9Z11,94.0661595669258,0.0,0.0,0.0,0.0,38.80130247396689,162.3622248849408,0.0,0.0,0.0,0.0,0.0,162.27571881380342,0.0,0.0,0.0,0.0,0.0,0.0
44,11.0,R10Z1,93.54863049854536,0.0,0.0,12.414284931655445,58.591091875603624,32.585715068344555,0.0,0.0,0.0,0.0,0.0,0.0,71.1348293835658,2.354085651465958,0.0,640.0,0.0,0.0,0.0
44,11.0,R10Z2,105.92321340176315,0.0,0.0,0.0,0.0,74.0338583340263,37.65578357914158,0.0,0.0,0.0,0.0,0.0,169.4077840031366,2.354085651465958,0.0,640.0,0.0,0.0,0.0
44,11.0,R10Z3,73.02004050727048,0.0,0.0,135.0,42.80729266862675,0.0,0.0,0.0,0.0,0.0,0.0,0.0,81.43346951353541,0.0,0.0,0.0,0.0,0.0,0.0
44,11.0,R10Z4,122.46642000431507,0.0,0.0,0.0,0.0,42.98330125142312,31.414811995141065,0.0,70.28378586574425,0.0,0.0,0.0,82.56467184481187,0.0,0.0,0.0,0.0,0.0,0.0
44,11.0,R10Z5,79.84367609783635,0.0,0.0,0.0,0.0,41.026746870349875,68.01897309911611,0.0,70.28378586574425,0.0,0.0,0.0,0.0,0.0,0.0,0.0,0.0,0.0,0.0
44,11.0,R10Z6,129.38345489607136,0.0,0.0,0.0,10.538333031638729,89.4874470296834,24.551815328989207,0.0,70.28378586574425,0.0,0.0,0.0,70.04816357673442,0.0,0.0,0.0,0.0,0.0,0.0
44,11.0,R10Z7,81.2901523196425,0.0,0.0,36.27034994308583,40.41850045739449,0.0,0.0,0.0,70.28378586574425,0.0,0.0,0.0,84.74249680331269,0.0,0.0,0.0,0.0,0.0,0.0
44,11.0,R10Z8,95.55227020362346,0.0,0.0,0.0,0.0,45.0,18.586361441763593,0.0,0.0,0.0,0.0,0.0,82.0024866058871,0.0,0.0,0.0,0.0,0.0,0.0
44,11.0,R10Z9,109.83678846912181,0.0,0.0,0.0,0.0,39.04052453781115,18.490208563099287,0.0,35.141892932872125,0.0,0.0,0.0,0.0,0.0,0.0,0.0,0.0,0.0,0.0
44,11.0,R11Z1,170.49813479391435,0.0,135.0,0.0,0.0,90.0,81.65061732700855,0.0,70.28378586574425,0.0,0.0,0.0,160.08958736958857,0.0,0.0,0.0,0.0,0.0,0.0
44,11.0,R11Z2,103.89853059778102,0.0,135.0,45.00000000000001,33.4649434640778,-7.105427357601002e-15,0.0,0.0,35.141892932872125,0.0,0.0,0.0,70.1153041338308,0.0,0.0,0.0,0.0,0.0,0.0
44,11.0,R11Z3,155.20604663578828,0.0,0.0,45.0,26.563638940371163,0.0,0.0,0.0,35.141892932872125,0.0,0.0,0.0,0.0,0.0,0.0,0.0,0.0,0.0,0.0
44,11.0,R11Z4,137.31634567942788,0.0,0.0,127.09309693718762,103.83165491247081,-1.4210854715202004e-14,0.0,0.0,0.0,0.0,0.0,0.0,81.29338333410033,0.0,0.0,0.0,0.0,0.0,0.0
44,11.0,R11Z5,113.90083671416528,0.0,0.0,38.98547200198667,34.46861388962602,-7.105427357601002e-15,0.0,0.0,35.141892932872125,0.0,0.0,0.0,89.01216047571619,0.0,0.0,0.0,0.0,0.0,0.0
44,11.0,R11Z6,124.42648727869883,0.0,0.0,0.0,21.774875147372427,45.0,41.21935963228149,0.0,0.0,0.0,0.0,0.0,0.0,0.0,0.0,0.0,0.0,0.0,0.0
44,11.0,R11Z7,117.36267521089646,0.0,0.0,43.00553401328888,57.229823491535015,-7.105427357601002e-15,0.0,0.0,35.141892932872125,0.0,0.0,0.0,0.0,0.0,0.0,0.0,0.0,0.0,0.0
44,11.0,R11Z8,92.95624871208719,0.0,0.0,80.38754923290321,90.64616536168992,0.0,0.0,0.0,35.141892932872125,0.0,0.0,0.0,159.93480195638224,0.0,0.0,0.0,0.0,0.0,0.0
44,11.0,R12Z1,99.3018668112097,0.0,135.0,0.0,0.0,110.94210219315077,0.0,0.0,70.28378586574425,0.0,0.0,0.0,138.06682751946832,0.0,0.0,0.0,0.0,0.0,0.0
44,11.0,R12Z2,130.95766398913446,0.0,135.0,0.0,0.0,33.13001771355118,48.53618651433745,0.0,35.141892932872125,0.0,0.0,0.0,88.06761049314021,0.0,0.0,0.0,0.0,0.0,0.0
44,11.0,R12Z3,80.46289450973082,0.0,0.0,14.630022978548915,30.690978598309776,120.36997702145109,0.0,0.0,35.141892932872125,0.0,0.0,0.0,159.57865886138532,0.0,0.0,0.0,0.0,0.0,0.0
44,11.0,R12Z4,148.97802675578782,0.0,0.0,22.61697213651395,38.668404046349636,100.52460531363322,0.0,0.0,0.0,0.0,0.0,0.0,0.0,0.0,0.0,0.0,0.0,0.0,0.0
44,11.0,R12Z5,119.36221895273822,0.0,0.0,45.0,16.632910858600642,0.0,0.0,0.0,0.0,0.0,0.0,0.0,151.07602619059423,0.0,0.0,0.0,0.0,0.0,0.0
44,11.0,R12Z6,110.58100301254127,0.0,0.0,70.75970696114808,65.8940613409356,1.4210854715202004e-14,0.0,0.0,0.0,0.0,0.0,0.0,0.0,0.0,0.0,0.0,0.0,0.0,0.0
44,11.0,R12Z7,117.27562725785525,0.0,0.0,122.89397914920289,0.0,0.0,0.0,0.0,70.28378586574425,0.0,0.0,0.0,0.0,0.0,0.0,0.0,0.0,0.0,0.0
44,11.0,R12Z8,144.51599173225958,0.0,0.0,0.0,0.0,82.5298139969474,34.00014244184704,0.0,0.0,0.0,0.0,0.0,72.97065285211461,0.0,0.0,0.0,0.0,0.0,0.0
44,11.0,R12Z9,100.67932756757233,0.0,0.0,0.0,0.0,44.873850583190226,112.06272004066366,0.0,70.28378586574425,0.0,0.0,0.0,165.5647960789711,0.0,0.0,0.0,0.0,0.0,0.0
45,11.25,R1Z1,113.85831000638338,0.0,0.0,110.33963100978319,14.285412482124183,0.0,0.0,0.0,54.229274369017105,0.0,0.0,0.0,151.24047503539626,0.0,0.0,585.8429006502366,0.0,0.0,0.0
45,11.25,R1Z2,57.18709815958967,0.0,0.0,44.42960054069932,60.73379389201637,0.0,0.0,0.0,54.229274369017105,0.0,90.0,0.0,143.50380456448005,0.0,0.0,0.0,0.0,0.0,0.0
45,11.25,R1Z3,136.28005443898974,0.0,0.0,108.15919466708665,95.45186004875909,0.0,0.0,0.0,27.114637184508553,0.0,90.0,0.0,78.32071439359726,0.0,0.0,0.0,0.0,0.0,0.0
45,11.25,R1Z4,95.43542935846442,0.0,0.0,135.0,19.14170080764933,0.0,0.0,0.0,54.229274369017105,0.0,0.0,0.0,0.0,0.0,0.0,0.0,0.0,0.0,0.0
45,11.25,R1Z5,129.81955944903996,0.0,0.0,85.40154760581268,0.0,0.0,0.0,0.0,54.229274369017105,0.0,0.0,0.0,0.0,0.0,0.0,0.0,0.0,0.0,0.0
45,11.25,R1Z6,122.7964412898465,0.0,0.0,135.0,45.41611913667537,0.0,0.0,0.0,0.0,0.0,45.0,0.0,42.70174005359391,0.0,0.0,0.0,0.0,0.0,0.0
45,11.25,R1Z7,116.78438917042001,0.0,0.0,44.56813688758939,17.245418503632656,0.0,0.0,0.0,27.114637184508553,0.0,45.0,0.0,46.7193340822556,0.0,0.0,0.0,0.0,0.0,0.0
45,11.25,R1Z8,81.50086086737747,0.0,0.0,45.0,10.664931222717321,0.0,0.0,0.0,0.0,0.0,0.0,0.0,0.0,0.0,0.0,0.0,0.0,0.0,0.0
45,11.25,R1Z9,107.74241453252756,0.0,0.0,89.99999999999999,114.3908375622395,1.4210854715202004e-14,0.0,0.0,0.0,0.0,1.072188816660585,0.0,77.63441234370717,0.0,0.0,0.0,0.0,0.0,0.0
45,11.25,R1Z10,118.0199734797098,0.0,0.0,135.0,52.476760266194795,0.0,0.0,0.0,0.0,0.0,0.0,0.0,107.25082751011695,0.0,0.0,0.0,0.0,0.0,0.0
45,11.25,R2Z1,89.98748797854029,0.0,135.0,135.0,45.929041847120885,0.0,0.0,0.0,0.0,0.0,0.0,0.0,74.41157309182753,2.354085651465958,0.0,640.0,0.0,0.0,0.0
45,11.25,R2Z2,104.22755577338552,0.0,135.0,90.0,29.715814791864695,0.0,0.0,0.0,0.0,0.0,0.0,0.0,80.42604901940244,2.354085651465958,0.0,640.0,0.0,0.0,0.0
45,11.25,R2Z3,110.23450030458032,0.0,0.0,0.0,0.0,135.0,21.615679796611058,0.0,27.114637184508553,0.0,0.0,0.0,69.62011906074628,0.0,0.0,0.0,0.0,0.0,0.0
45,11.25,R2Z4,139.79470154659646,0.0,0.0,45.0,109.04102143586326,0.0,0.0,0.0,54.229274369017105,0.0,0.0,0.0,0.0,0.0,0.0,0.0,0.0,0.0,0.0
45,11.25,R2Z5,122.12974164885016,0.0,0.0,0.0,0.0,45.0,51.64410422767624,0.0,27.114637184508553,0.0,0.0,0.0,0.0,0.0,0.0,0.0,0.0,0.0,0.0
45,11.25,R2Z6,95.84756654883284,0.0,0.0,79.36801282817635,54.96963232343029,0.0,0.0,0.0,54.229274369017105,0.0,0.0,0.0,168.0967285498318,0.0,0.0,0.0,0.0,0.0,0.0
45,11.25,R2Z7,136.86618840567579,0.0,0.0,0.0,0.0,43.435824739303776,28.76710350373772,0.0,54.229274369017105,0.0,0.0,0.0,85.88739200206743,0.0,0.0,0.0,0.0,0.0,0.0
45,11.25,R2Z8,88.19185084852464,0.0,0.0,0.0,0.0,115.9775266606485,24.435760638899282,0.0,0.0,0.0,0.0,0.0,88.50388155009217,0.0,0.0,0.0,0.0,0.0,0.0
45,11.25,R2Z9,116.16105343198352,0.0,0.0,34.53078211453504,129.56923220232846,1.4210854715202004e-14,0.0,0.0,27.114637184508553,0.0,0.0,0.0,80.94713052229265,0.0,0.0,0.0,0.0,0.0,0.0
45,11.25,R3Z1,83.57901862920694,0.0,0.0,20.192313260431344,15.026525966977506,114.80768673956865,0.0,0.0,0.0,0.0,0.0,0.0,0.0,0.0,0.0,0.0,0.0,0.0,0.0
45,11.25,R3Z2,108.36818325843466,0.0,0.0,0.0,0.0,118.31002647112737,35.91116388850836,0.0,54.229274369017105,0.0,0.0,0.0,161.2348503346914,0.0,0.0,0.0,0.0,0.0,0.0
45,11.25,R3Z3,111.40099355824191,0.0,0.0,0.0,0.0,41.54716009196757,24.0719522537494,0.0,27.114637184508553,0.0,0.0,0.0,0.0,0.0,0.0,0.0,0.0,0.0,0.0
45,11.25,R4Z1,99.56494716889196,0.0,135.0,37.98374820671263,18.489503898631913,-7.105427357601002e-15,0.0,0.0,54.229274369017105,0.0,0.0,0.0,79.76864651093149,0.0,0.0,0.0,0.0,0.0,0.0
45,11.25,R4Z2,129.85605087968796,0.0,0.0,0.0,0.0,135.0,30.848383481094647,0.0,54.229274369017105,0.0,0.0,0.0,157.69119773037886,0.0,0.0,0.0,0.0,0.0,0.0
45,11.25,R4Z3,95.54289192405767,0.0,0.0,81.2071935442687,52.28806027946979,0.0,0.0,0.0,0.0,0.0,0.0,0.0,0.0,0.0,0.0,0.0,0.0,0.0,0.0
45,11.25,R4Z4,135.55321744945098,0.0,0.0,0.0,0.0,45.0,35.46484047861778,0.0,0.0,0.0,0.0,0.0,0.0,0.0,0.0,0.0,0.0,0.0,0.0
45,11.25,R4Z5,133.96556413367702,0.0,0.0,44.99999999999999,43.30991675058667,7.105427357601002e-15,0.0,0.0,54.229274369017105,0.0,0.0,0.0,0.0,0.0,0.0,0.0,0.0,0.0,0.0
45,11.25,R4Z6,88.22752845584174,0.0,0.0,90.0,30.566130823613342,0.0,0.0,0.0,54.229274369017105,0.0,0.0,0.0,150.0796556843137,0.0,0.0,0.0,0.0,0.0,0.0
45,11.25,R4Z7,119.92360749362201,0.0,0.0,0.0,54.145524012973254,90.0,25.255375758541632,0.0,54.229274369017105,0.0,0.0,0.0,0.0,0.0,0.0,0.0,0.0,0.0,0.0
45,11.25,R4Z8,152.83819768402554,0.0,0.0,73.39070828756617,29.37339662285758,0.0,0.0,0.0,54.229274369017105,0.0,0.0,0.0,0.0,0.0,0.0,0.0,0.0,0.0,0.0
45,11.25,R4Z9,105.9354090524853,0.0,0.0,0.0,0.0,90.0,29.121022647206548,0.0,0.0,0.0,0.0,0.0,86.86769507057659,0.0,0.0,0.0,0.0,0.0,0.0
45,11.25,R4Z10,98.99929676445265,0.0,0.0,35.6506427760105,121.07724501482096,1.4210854715202004e-14,0.0,0.0,0.0,0.0,0.0,0.0,88.4942255582485,0.0,0.0,0.0,0.0,0.0,0.0
45,11.25,R4Z11,111.78665235897536,0.0,0.0,0.0,0.0,80.87725877250118,14.227183782643547,0.0,27.114637184508553,0.0,0.0,0.0,81.86936912529319,0.0,0.0,0.0,0.0,0.0,0.0
45,11.25,R5Z1,126.91417845131394,0.0,135.0,135.0,14.999702306925721,0.0,0.0,0.0,0.0,0.0,0.0,0.0,71.47508715731392,0.0,0.0,0.0,0.0,0.0,0.0
45,11.25,R5Z2,86.08506337747396,0.0,135.0,0.0,0.0,38.86881743055503,15.417560033230709,0.0,27.114637184508553,0.0,0.0,0.0,170.06237090175688,0.0,0.0,0.0,0.0,0.0,0.0
45,11.25,R5Z3,113.48474402361906,0.0,0.0,117.69414810301107,45.65032397745436,-1.4210854715202004e-14,0.0,0.0,27.114637184508553,0.0,0.0,0.0,144.24564934752667,0.0,0.0,0.0,0.0,0.0,0.0
45,11.25,R5Z4,66.85695641048642,0.0,0.0,0.0,0.0,124.18299038207991,24.867933352064057,0.0,54.229274369017105,0.0,0.0,0.0,0.0,0.0,0.0,0.0,0.0,0.0,0.0
45,11.25,R5Z5,89.15050159263349,0.0,0.0,45.0,42.58328553668778,0.0,0.0,0.0,27.114637184508553,0.0,0.0,0.0,79.35817929952566,0.0,0.0,0.0,0.0,0.0,0.0
45,11.25,R5Z6,132.36958533411408,0.0,0.0,45.0,23.988886949220106,0.0,0.0,0.0,54.229274369017105,0.0,0.0,0.0,161.08992077427044,0.0,0.0,0.0,0.0,0.0,0.0
45,11.25,R5Z7,73.97820460727887,0.0,0.0,0.0,0.0,77.6977484545989,22.50624674982379,0.0,0.0,0.0,0.0,0.0,87.39706562627671,0.0,0.0,0.0,0.0,0.0,0.0
45,11.25,R5Z8,120.93375841409873,0.0,0.0,0.0,0.0,87.15717431905136,45.1551396180351,0.0,27.114637184508553,0.0,0.0,0.0,162.66659780999652,0.0,0.0,0.0,0.0,0.0,0.0
45,11.25,R5Z9,124.91363683224353,0.0,0.0,124.4611657688184,29.754265867881692,0.0,0.0,0.0,0.0,0.0,0.0,0.0,84.75085913433023,0.0,0.0,0.0,0.0,0.0,0.0
45,11.25,R6Z1,107.01885993728871,0.0,135.0,0.0,0.0,90.0,20.205661359268774,0.0,0.0,0.0,0.0,0.0,0.0,2.354085651465958,0.0,640.0,0.0,0.0,0.0
45,11.25,R6Z2,93.68590647241462,0.0,135.0,90.0,7.110268689154642,0.0,0.0,0.0,54.229274369017105,0.0,0.0,0.0,138.0616404441644,2.354085651465958,0.0,640.0,0.0,0.0,0.0
45,11.25,R6Z3,161.85647008682074,0.0,0.0,0.0,15.547008313631991,120.73285162055166,26.447916255088835,0.0,27.114637184508553,0.0,0.0,0.0,81.31233207143019,0.0,0.0,0.0,0.0,0.0,0.0
45,11.25,R6Z4,126.27840165034355,0.0,0.0,0.0,0.0,40.02517018841442,44.545349478591504,0.0,27.114637184508553,0.0,0.0,0.0,77.10150566763622,0.0,0.0,0.0,0.0,0.0,0.0
45,11.25,R7Z1,138.79408813840715,0.0,135.0,0.0,0.0,88.42877758532056,0.0,0.0,27.114637184508553,0.0,0.0,0.0,0.0,2.354085651465958,0.0,640.0,0.0,0.0,0.0
45,11.25,R7Z2,145.39228821822854,0.0,135.0,0.0,0.0,135.0,25.856926004263205,0.0,0.0,0.0,0.0,0.0,164.37444797613486,0.0,0.0,0.0,0.0,0.0,0.0
45,11.25,R7Z3,139.37521937205895,0.0,0.0,45.0,0.0,0.0,0.0,0.0,54.229274369017105,0.0,0.0,0.0,140.37729170661794,0.0,0.0,0.0,0.0,0.0,0.0
45,11.25,R7Z4,178.15098049985673,0.0,0.0,21.409442739095148,43.96419594755263,113.59055726090486,0.0,0.0,27.114637184508553,0.0,0.0,0.0,68.49179285088293,0.0,0.0,0.0,0.0,0.0,0.0
45,11.25,R7Z5,141.0730990258104,0.0,0.0,0.0,0.0,45.0,97.00108353592033,0.0,54.229274369017105,0.0,0.0,0.0,0.0,0.0,0.0,0.0,0.0,0.0,0.0
45,11.25,R7Z6,101.85674182720079,0.0,0.0,82.13916005424197,67.36631637559084,-1.4210854715202004e-14,0.0,0.0,54.229274369017105,0.0,0.0,0.0,0.0,0.0,0.0,0.0,0.0,0.0,0.0
45,11.25,R7Z7,114.85097399969591,0.0,0.0,0.0,0.0,75.1199046680463,2.7772047630168255,0.0,0.0,0.0,0.0,0.0,68.79916079506144,0.0,0.0,0.0,0.0,0.0,0.0
45,11.25,R7Z8,132.0905604182793,0.0,0.0,0.0,0.0,127.63268889250973,19.847944381089444,0.0,54.229274369017105,0.0,0.0,0.0,146.13467111415343,0.0,0.0,0.0,0.0,0.0,0.0
45,11.25,R7Z9,108.87201523785932,0.0,0.0,90.00000000000001,83.62502782445311,-1.4210854715202004e-14,0.0,0.0,54.229274369017105,0.0,0.0,0.0,79.90059860061774,0.0,0.0,0.0,0.0,0.0,0.0
45,11.25,R8Z1,108.7751745582943,0.0,135.0,75.7878155101377,23.147527585339837,1.4210854715202004e-14,0.0,0.0,27.114637184508553,0.0,0.0,0.0,85.08090059551895,2.354085651465958,0.0,640.0,0.0,0.0,0.0
45,11.25,R8Z2,75.90775638980882,0.0,135.0,90.0,13.353488926633334,0.0,0.0,0.0,27.114637184508553,0.0,0.0,0.0,148.2183616972985,0.0,0.0,0.0,0.0,0.0,0.0
45,11.25,R8Z3,131.50516817986139,0.0,0.0,89.49008072885312,116.36188070338278,-1.4210854715202004e-14,0.0,0.0,27.114637184508553,0.0,0.0,0.0,173.40497953690954,0.0,0.0,0.0,0.0,0.0,0.0
45,11.25,R8Z4,127.58774330680609,0.0,0.0,0.0,0.0,82.51863043584183,18.075813308831567,0.0,0.0,0.0,0.0,0.0,0.0,0.0,0.0,0.0,0.0,0.0,0.0
45,11.25,R8Z5,129.73265248535716,0.0,0.0,71.72031691325004,10.83742406902978,0.0,0.0,0.0,27.114637184508553,0.0,0.0,0.0,86.29540551748067,0.0,0.0,0.0,0.0,0.0,0.0
45,11.25,R8Z6,119.59103494339764,0.0,0.0,40.3642972041103,24.107636980035466,-7.105427357601002e-15,0.0,0.0,27.114637184508553,0.0,0.0,0.0,0.0,0.0,0.0,0.0,0.0,0.0,0.0
45,11.25,R8Z7,143.24478159840706,0.0,0.0,40.110299942675695,0.0,49.889700057324305,0.0,0.0,0.0,0.0,0.0,0.0,79.95125699561208,0.0,0.0,0.0,0.0,0.0,0.0
45,11.25,R8Z8,107.9629133490341,0.0,0.0,90.0,51.27664996585992,0.0,0.0,0.0,27.114637184508553,0.0,0.0,0.0,85.00542765708414,0.0,0.0,0.0,0.0,0.0,0.0
45,11.25,R9Z1,101.13643606024853,0.0,135.0,37.29818406981048,13.254953100232134,0.0,0.0,0.0,27.114637184508553,0.0,0.0,0.0,0.0,2.354085651465958,0.0,640.0,0.0,0.0,0.0
45,11.25,R9Z2,129.78912583046963,0.0,135.0,43.16273481443609,99.37340371595612,-7.105427357601002e-15,0.0,0.0,27.114637184508553,0.0,0.0,0.0,75.5906465149192,2.354085651465958,0.0,640.0,0.0,0.0,0.0
45,11.25,R9Z3,127.27163431340767,0.0,0.0,0.0,0.0,76.97222129367981,47.2380186608151,0.0,54.229274369017105,0.0,0.0,0.0,138.94984562335614,0.0,0.0,0.0,0.0,0.0,0.0
45,11.25,R9Z4,115.50491599318221,0.0,0.0,0.0,0.0,90.0,129.35926121028902,0.0,27.114637184508553,0.0,0.0,0.0,72.88024005401007,0.0,0.0,0.0,0.0,0.0,0.0
45,11.25,R9Z5,99.50152434334912,0.0,0.0,0.0,0.0,77.8196799968011,34.744288643741555,0.0,27.114637184508553,0.0,0.0,0.0,151.7916229262161,0.0,0.0,0.0,0.0,0.0,0.0
45,11.25,R9Z6,131.01557792883057,0.0,0.0,0.0,0.0,38.53300444137588,36.504258833011924,0.0,27.114637184508553,0.0,0.0,0.0,161.38885904671375,0.0,0.0,0.0,0.0,0.0,0.0
45,11.25,R9Z7,103.2935986901372,0.0,0.0,82.12132842483976,30.054384067962108,35.016155556276914,0.0,0.0,0.0,0.0,0.0,0.0,77.34904122654014,0.0,0.0,0.0,0.0,0.0,0.0
45,11.25,R9Z8,121.00129077528385,0.0,0.0,81.59999144844183,31.241996446053886,0.0,0.0,0.0,27.114637184508553,0.0,0.0,0.0,72.2743301528193,0.0,0.0,0.0,0.0,0.0,0.0
45,11.25,R9Z9,153.49200087919124,0.0,0.0,82.95957445887666,15.740486439618541,0.0,0.0,0.0,0.0,0.0,0.0,0.0,164.01435824409594,0.0,0.0,0.0,0.0,0.0,0.0
45,11.25,R9Z10,79.2071006181831,0.0,0.0,78.322095306916,111.6510226574683,0.0,0.0,0.0,0.0,0.0,0.0,0.0,0.0,0.0,0.0,0.0,0.0,0.0,0.0
45,11.25,R9Z11,86.79918340054313,0.0,0.0,42.53048585873432,103.2744935354118,7.105427357601002e-15,0.0,0.0,0.0,0.0,0.0,0.0,162.09425766298273,0.0,0.0,0.0,0.0,0.0,0.0
45,11.25,R10Z1,107.39501212127006,0.0,0.0,45.0,69.48045830936732,0.0,0.0,0.0,0.0,0.0,0.0,0.0,71.0552844701448,2.354085651465958,0.0,640.0,0.0,0.0,0.0
45,11.25,R10Z2,103.9830571397725,0.0,0.0,0.0,0.0,78.17506811777994,82.42888776808502,0.0,0.0,0.0,0.0,0.0,169.21834758179213,2.354085651465958,0.0,640.0,0.0,0.0,0.0
45,11.25,R10Z3,77.6036014806038,0.0,0.0,0.0,0.0,135.0,58.65805919325891,0.0,0.0,0.0,0.0,0.0,81.34240837881197,0.0,0.0,0.0,0.0,0.0,0.0
45,11.25,R10Z4,96.4059080743197,0.0,0.0,0.0,0.0,41.13595867897398,23.49422561761344,0.0,54.229274369017105,0.0,0.0,0.0,82.4723457686767,0.0,0.0,0.0,0.0,0.0,0.0
45,11.25,R10Z5,81.0814529307244,0.0,0.0,45.0,74.9917454967987,0.0,0.0,0.0,54.229274369017105,0.0,0.0,0.0,0.0,0.0,0.0,0.0,0.0,0.0,0.0
45,11.25,R10Z6,133.3744500868433,0.0,0.0,0.0,0.0,90.0,24.817388114369656,0.0,54.229274369017105,0.0,0.0,0.0,69.9698338027644,0.0,0.0,0.0,0.0,0.0,0.0
45,11.25,R10Z7,88.79777256647402,0.0,0.0,37.96276807253912,100.87165892143008,-1.4210854715202004e-14,0.0,0.0,54.229274369017105,0.0,0.0,0.0,84.64773542369439,0.0,0.0,0.0,0.0,0.0,0.0
45,11.25,R10Z8,92.70467415542375,0.0,0.0,45.0,24.492635089218115,0.0,0.0,0.0,0.0,0.0,0.0,0.0,81.91078918067504,0.0,0.0,0.0,0.0,0.0,0.0
45,11.25,R10Z9,100.8859395312958,0.0,0.0,0.0,0.0,38.90912658682869,72.51332247325183,0.0,27.114637184508553,0.0,0.0,0.0,0.0,0.0,0.0,0.0,0.0,0.0,0.0
45,11.25,R11Z1,168.21392558449782,0.0,135.0,0.0,0.0,90.0,101.29788174495253,0.0,54.229274369017105,0.0,0.0,0.0,159.91057081079072,0.0,0.0,0.0,0.0,0.0,0.0
45,11.25,R11Z2,107.56147657906516,0.0,135.0,0.0,0.0,45.0,31.802425275498926,0.0,27.114637184508553,0.0,0.0,0.0,70.03689928145197,0.0,0.0,0.0,0.0,0.0,0.0
45,11.25,R11Z3,138.31234813560283,0.0,0.0,0.0,0.0,45.0,27.11183762244196,0.0,27.114637184508553,0.0,0.0,0.0,0.0,0.0,0.0,0.0,0.0,0.0,0.0
45,11.25,R11Z4,141.14411341574527,0.0,0.0,130.8637053488755,89.6115248471291,0.0,0.0,0.0,0.0,0.0,0.0,0.0,81.20247884757737,0.0,0.0,0.0,0.0,0.0,0.0
45,11.25,R11Z5,119.031625950941,0.0,0.0,37.602194933583924,53.48680605634481,-7.105427357601002e-15,0.0,0.0,27.114637184508553,0.0,0.0,0.0,88.91262464130406,0.0,0.0,0.0,0.0,0.0,0.0
45,11.25,R11Z6,109.53504443223038,0.0,0.0,44.99999999999999,50.817848260916925,7.105427357601002e-15,0.0,0.0,0.0,0.0,0.0,0.0,0.0,0.0,0.0,0.0,0.0,0.0,0.0
45,11.25,R11Z7,122.6305256853431,0.0,0.0,0.0,0.0,41.817168643283246,48.55809517110201,0.0,27.114637184508553,0.0,0.0,0.0,0.0,0.0,0.0,0.0,0.0,0.0,0.0
45,11.25,R11Z8,100.69043600654805,0.0,0.0,85.50607334482798,88.87593314718471,1.4210854715202004e-14,0.0,0.0,27.114637184508553,0.0,0.0,0.0,159.75595848287045,0.0,0.0,0.0,0.0,0.0,0.0
45,11.25,R12Z1,74.98148814177317,0.0,135.0,0.0,0.0,110.32698742842221,17.885644820487045,0.0,54.229274369017105,0.0,0.0,0.0,137.91243741357337,0.0,0.0,0.0,0.0,0.0,0.0
45,11.25,R12Z2,132.22773381820164,0.0,135.0,36.271908903021654,68.93524734183941,-7.105427357601002e-15,0.0,0.0,27.114637184508553,0.0,0.0,0.0,87.96913088037418,0.0,0.0,0.0,0.0,0.0,0.0
45,11.25,R12Z3,100.93566312297612,0.0,0.0,17.493012171228486,0.0,114.142277178099,0.0,0.0,27.114637184508553,0.0,0.0,0.0,159.4002136368312,0.0,0.0,0.0,0.0,0.0,0.0
45,11.25,R12Z4,137.38586350557856,0.0,0.0,135.0,7.371765888854815,0.0,0.0,0.0,0.0,0.0,0.0,0.0,0.0,0.0,0.0,0.0,0.0,0.0,0.0
45,11.25,R12Z5,103.84177321748238,0.0,0.0,40.64199540699587,16.865327845358543,0.0,0.0,0.0,0.0,0.0,0.0,0.0,150.90708884263884,0.0,0.0,0.0,0.0,0.0,0.0
45,11.25,R12Z6,133.15704257774297,0.0,0.0,84.50714952664313,25.681741470096377,-1.4210854715202004e-14,0.0,0.0,0.0,0.0,0.0,0.0,0.0,0.0,0.0,0.0,0.0,0.0,0.0
45,11.25,R12Z7,119.944379495783,0.0,0.0,125.37344787553032,5.730127433217702,0.0,0.0,0.0,54.229274369017105,0.0,0.0,0.0,0.0,0.0,0.0,0.0,0.0,0.0,0.0
45,11.25,R12Z8,169.57484376922602,0.0,0.0,0.0,0.0,82.153280580168,67.76493133129476,0.0,0.0,0.0,0.0,0.0,72.88905507063829,0.0,0.0,0.0,0.0,0.0,0.0
45,11.25,R12Z9,116.62921893840074,0.0,0.0,45.0,23.872442032206592,0.0,0.0,0.0,54.229274369017105,0.0,0.0,0.0,165.37965699191918,0.0,0.0,0.0,0.0,0.0,0.0
46,11.5,R1Z1,103.5334913224743,0.0,0.0,114.86567199596945,34.164055852579025,0.0,0.0,0.0,66.83354436450692,0.0,0.0,0.0,151.07135379624106,0.0,0.0,585.3404156608975,0.0,0.0,0.0
46,11.5,R1Z2,62.005272554685384,0.0,0.0,44.36604159826091,65.66392816859629,0.0,0.0,0.0,66.83354436450692,0.0,0.0,0.0,143.34333468202468,0.0,0.0,0.0,0.0,0.0,0.0
46,11.5,R1Z3,110.86598372207101,0.0,0.0,122.28638532283513,29.938780947486276,1.4210854715202004e-14,0.0,0.0,33.41677218225346,0.0,85.32827912590301,0.0,98.7902389575647,0.0,0.0,0.0,0.0,0.0,0.0
46,11.5,R1Z4,102.67154953537441,0.0,0.0,134.2202972591188,30.204146977588486,0.0,0.0,0.0,66.83354436450692,0.0,0.0,0.0,0.0,0.0,0.0,0.0,0.0,0.0,0.0
46,11.5,R1Z5,134.79812035055684,0.0,0.0,79.00279825540123,18.033775249268643,0.0,0.0,0.0,66.83354436450692,0.0,0.0,0.0,0.0,0.0,0.0,0.0,0.0,0.0,0.0
46,11.5,R1Z6,109.86598556185216,0.0,0.0,127.8340503697301,48.033721722080955,1.4210854715202004e-14,0.0,0.0,0.0,0.0,0.0,0.0,42.65398979897287,0.0,0.0,0.0,0.0,0.0,0.0
46,11.5,R1Z7,118.84354910778757,0.0,0.0,43.23849133917397,55.68830817996204,0.0,0.0,0.0,33.41677218225346,0.0,0.0,0.0,46.66709124401639,0.0,0.0,0.0,0.0,0.0,0.0
46,11.5,R1Z8,70.160841882524,0.0,0.0,41.59724094643744,40.09900954985511,-7.105427357601002e-15,0.0,0.0,0.0,0.0,0.0,0.0,0.0,0.0,0.0,0.0,0.0,0.0,0.0
46,11.5,R1Z9,126.6840511264335,0.0,0.0,82.35122798685646,34.83490046868318,0.0,0.0,0.0,0.0,0.0,90.0,0.0,99.23020526422827,0.0,0.0,0.0,0.0,0.0,0.0
46,11.5,R1Z10,99.20637215691428,0.0,0.0,125.90479343065712,28.156518948597558,0.0,0.0,0.0,0.0,0.0,90.0,0.0,128.81350254449612,0.0,0.0,0.0,0.0,0.0,0.0
46,11.5,R2Z1,119.59360887983063,0.0,135.0,0.0,0.0,135.0,69.2967472407308,0.0,0.0,0.0,0.0,0.0,74.32836403389624,2.354085651465958,0.0,640.0,0.0,0.0,0.0
46,11.5,R2Z2,99.15041865841938,0.0,135.0,90.0,34.997129570891104,0.0,0.0,0.0,0.0,0.0,0.0,0.0,80.33611440985209,2.354085651465958,0.0,640.0,0.0,0.0,0.0
46,11.5,R2Z3,113.18332396477562,0.0,0.0,135.0,45.436444415598906,0.0,0.0,0.0,33.41677218225346,0.0,0.0,0.0,69.54226793787107,0.0,0.0,0.0,0.0,0.0,0.0
46,11.5,R2Z4,135.95227159338097,0.0,0.0,0.0,0.0,44.71765689584899,47.309577477527014,0.0,66.83354436450692,0.0,0.0,0.0,0.0,0.0,0.0,0.0,0.0,0.0,0.0
46,11.5,R2Z5,119.80500741528644,0.0,0.0,0.0,0.0,45.0,0.0,0.0,33.41677218225346,0.0,0.0,0.0,0.0,0.0,0.0,0.0,0.0,0.0,0.0
46,11.5,R2Z6,101.61954616402875,0.0,0.0,0.0,4.601821710500261,90.0,34.04854468630321,0.0,66.83354436450692,0.0,0.0,0.0,167.90875818658327,0.0,0.0,0.0,0.0,0.0,0.0
46,11.5,R2Z7,136.19909493820867,0.0,0.0,45.0,0.0,0.0,0.0,0.0,66.83354436450692,0.0,0.0,0.0,85.79135036929817,0.0,0.0,0.0,0.0,0.0,0.0
46,11.5,R2Z8,85.95847575549995,0.0,0.0,119.46798499633482,40.346096109464526,0.0,0.0,0.0,0.0,0.0,0.0,0.0,88.40491408708802,0.0,0.0,0.0,0.0,0.0,0.0
46,11.5,R2Z9,115.57427346243767,0.0,0.0,0.0,0.0,39.00366620764692,58.18668286989319,0.0,33.41677218225346,0.0,0.0,0.0,80.85661322514198,0.0,0.0,0.0,0.0,0.0,0.0
46,11.5,R3Z1,73.96448308765962,0.0,0.0,0.0,9.444473473007662,135.0,1.7597379899586674,0.0,0.0,0.0,0.0,0.0,0.0,0.0,0.0,0.0,0.0,0.0,0.0
46,11.5,R3Z2,83.35274187435235,0.0,0.0,126.44711481978698,62.18871173856764,0.0,0.0,0.0,66.83354436450692,0.0,0.0,0.0,161.0545531114962,0.0,0.0,0.0,0.0,0.0,0.0
46,11.5,R3Z3,112.26346089177065,0.0,0.0,43.03357429597061,4.080290037384286,0.0,0.0,0.0,33.41677218225346,0.0,0.0,0.0,0.0,0.0,0.0,0.0,0.0,0.0,0.0
46,11.5,R4Z1,113.19498467595744,0.0,135.0,0.0,0.0,35.71043344401189,119.31433961483597,0.0,66.83354436450692,0.0,0.0,0.0,79.67944702686148,0.0,0.0,0.0,0.0,0.0,0.0
46,11.5,R4Z2,106.42096552571265,0.0,0.0,0.0,0.0,135.0,37.48306621857385,0.0,66.83354436450692,0.0,0.0,0.0,157.51486311652772,0.0,0.0,0.0,0.0,0.0,0.0
46,11.5,R4Z3,94.19856930182432,0.0,0.0,0.0,0.0,85.2049718733297,99.44809233866388,0.0,0.0,0.0,0.0,0.0,0.0,0.0,0.0,0.0,0.0,0.0,0.0
46,11.5,R4Z4,111.145729754568,0.0,0.0,44.71210630062023,26.683016704533834,-7.105427357601002e-15,0.0,0.0,0.0,0.0,0.0,0.0,0.0,0.0,0.0,0.0,0.0,0.0,0.0
46,11.5,R4Z5,141.56384521387406,0.0,0.0,0.0,0.0,45.0,107.77929116019072,0.0,66.83354436450692,0.0,0.0,0.0,0.0,0.0,0.0,0.0,0.0,0.0,0.0
46,11.5,R4Z6,80.27846001531863,0.0,0.0,0.0,0.0,90.0,15.378429886589657,0.0,66.83354436450692,0.0,0.0,0.0,149.9118325051325,0.0,0.0,0.0,0.0,0.0,0.0
46,11.5,R4Z7,102.70516469718262,0.0,0.0,89.99999999999999,97.34986851092323,1.4210854715202004e-14,0.0,0.0,66.83354436450692,0.0,0.0,0.0,0.0,0.0,0.0,0.0,0.0,0.0,0.0
46,11.5,R4Z8,116.85537945046954,0.0,0.0,75.74724232309947,32.108194643477155,0.0,0.0,0.0,66.83354436450692,0.0,0.0,0.0,0.0,0.0,0.0,0.0,0.0,0.0,0.0
46,11.5,R4Z9,117.51035543932664,0.0,0.0,0.0,0.0,90.0,98.26665526435661,0.0,0.0,0.0,0.0,0.0,86.77055723608187,0.0,0.0,0.0,0.0,0.0,0.0
46,11.5,R4Z10,91.84225437759508,0.0,0.0,39.9292386011622,86.62804440605254,0.0,0.0,0.0,0.0,0.0,0.0,0.0,88.39526889283874,0.0,0.0,0.0,0.0,0.0,0.0
46,11.5,R4Z11,128.69945252599615,0.0,0.0,0.0,12.119381752695816,74.74888301177752,46.67880236125441,0.0,33.41677218225346,0.0,0.0,0.0,81.77782055569182,0.0,0.0,0.0,0.0,0.0,0.0
46,11.5,R5Z1,137.56015026499045,0.0,135.0,0.0,0.0,135.0,17.38378006270305,0.0,0.0,0.0,0.0,0.0,71.39516175833629,0.0,0.0,0.0,0.0,0.0,0.0
46,11.5,R5Z2,83.7715612542573,0.0,135.0,38.15616188546773,30.422085511439057,0.0,0.0,0.0,33.41677218225346,0.0,0.0,0.0,169.87220250342406,0.0,0.0,0.0,0.0,0.0,0.0
46,11.5,R5Z3,114.08332710209544,0.0,0.0,0.0,0.0,120.98014930006167,81.65990948395056,0.0,33.41677218225346,0.0,0.0,0.0,144.08434991392804,0.0,0.0,0.0,0.0,0.0,0.0
46,11.5,R5Z4,85.50405991562566,0.0,0.0,0.0,0.0,129.59303355626568,24.613432053318604,0.0,66.83354436450692,0.0,0.0,0.0,0.0,0.0,0.0,0.0,0.0,0.0,0.0
46,11.5,R5Z5,101.01370442128074,0.0,0.0,0.0,0.0,45.0,56.532962185824836,0.0,33.41677218225346,0.0,0.0,0.0,79.26943881112733,0.0,0.0,0.0,0.0,0.0,0.0
46,11.5,R5Z6,134.67387077008544,0.0,0.0,0.0,0.0,45.0,56.33906864626691,0.0,66.83354436450692,0.0,0.0,0.0,160.90978561527692,0.0,0.0,0.0,0.0,0.0,0.0
46,11.5,R5Z7,88.04814435521315,0.0,0.0,90.0,20.278788301174828,0.0,0.0,0.0,0.0,0.0,0.0,0.0,87.29933583513592,0.0,0.0,0.0,0.0,0.0,0.0
46,11.5,R5Z8,119.34378827287004,0.0,0.0,88.20401588690459,13.026984362194234,1.4210854715202004e-14,0.0,0.0,33.41677218225346,0.0,0.0,0.0,162.4846995675826,0.0,0.0,0.0,0.0,0.0,0.0
46,11.5,R5Z9,129.45873666939644,0.0,0.0,117.89642978259273,72.9913581732451,0.0,0.0,0.0,0.0,0.0,0.0,0.0,84.65608840372448,0.0,0.0,0.0,0.0,0.0,0.0
46,11.5,R6Z1,113.49764049370039,0.0,135.0,89.447902424855,22.08431753922166,0.0,0.0,0.0,0.0,0.0,0.0,0.0,0.0,2.354085651465958,0.0,640.0,0.0,0.0,0.0
46,11.5,R6Z2,90.0213919130526,0.0,135.0,0.0,0.0,90.0,51.95942469034543,0.0,66.83354436450692,0.0,0.0,0.0,137.90725613859902,2.354085651465958,0.0,640.0,0.0,0.0,0.0
46,11.5,R6Z3,161.78887544845134,0.0,0.0,0.0,0.0,107.23152438975167,82.29142702953456,0.0,33.41677218225346,0.0,0.0,0.0,81.22140639591046,0.0,0.0,0.0,0.0,0.0,0.0
46,11.5,R6Z4,133.0242098621249,0.0,0.0,0.0,9.620951891554142,41.216096366424104,113.83463330199818,0.0,33.41677218225346,0.0,0.0,0.0,77.01528865346597,0.0,0.0,0.0,0.0,0.0,0.0
46,11.5,R7Z1,157.5530517485552,0.0,135.0,90.0,48.16511054279864,0.0,0.0,0.0,33.41677218225346,0.0,0.0,0.0,0.0,2.354085651465958,0.0,640.0,0.0,0.0,0.0
46,11.5,R7Z2,128.5430456561919,0.0,135.0,0.0,0.0,115.56621202952174,33.35350300441129,0.0,0.0,0.0,0.0,0.0,164.19063996891543,0.0,0.0,0.0,0.0,0.0,0.0
46,11.5,R7Z3,130.52276685851112,0.0,0.0,45.0,65.04615927411105,0.0,0.0,0.0,66.83354436450692,0.0,0.0,0.0,140.2203179764236,0.0,0.0,0.0,0.0,0.0,0.0
46,11.5,R7Z4,177.23091447741814,0.0,0.0,0.0,0.0,135.0,67.24370056961304,0.0,33.41677218225346,0.0,0.0,0.0,68.41520345326175,0.0,0.0,0.0,0.0,0.0,0.0
46,11.5,R7Z5,136.05244477321702,0.0,0.0,44.12261943792632,41.40792789777319,0.0,0.0,0.0,66.83354436450692,0.0,0.0,0.0,0.0,0.0,0.0,0.0,0.0,0.0,0.0
46,11.5,R7Z6,89.44037834682796,0.0,0.0,0.0,0.0,90.0,18.35926822213786,0.0,66.83354436450692,0.0,0.0,0.0,0.0,0.0,0.0,0.0,0.0,0.0,0.0
46,11.5,R7Z7,96.9528055707308,0.0,0.0,75.62806780171844,20.074898473183648,0.0,0.0,0.0,0.0,0.0,0.0,0.0,68.72222769019136,0.0,0.0,0.0,0.0,0.0,0.0
46,11.5,R7Z8,122.41524512253896,0.0,0.0,127.07529026475918,0.0,0.0,0.0,0.0,66.83354436450692,0.0,0.0,0.0,145.97125932470635,0.0,0.0,0.0,0.0,0.0,0.0
46,11.5,R7Z9,103.8846443141188,0.0,0.0,0.0,0.0,89.36500294869862,8.239673089119545,0.0,66.83354436450692,0.0,0.0,0.0,79.81125156410906,0.0,0.0,0.0,0.0,0.0,0.0
46,11.5,R8Z1,129.23579425221885,0.0,135.0,0.0,0.0,68.13568604296732,67.52663060919856,0.0,33.41677218225346,0.0,0.0,0.0,84.98576080351694,2.354085651465958,0.0,640.0,0.0,0.0,0.0
46,11.5,R8Z2,71.70020312628046,0.0,135.0,0.0,0.0,90.0,134.33464957877317,0.0,33.41677218225346,0.0,0.0,0.0,148.05261986800357,0.0,0.0,0.0,0.0,0.0,0.0
46,11.5,R8Z3,117.80419289650304,0.0,0.0,29.700545804102347,69.25434599567282,53.385294208118296,0.0,0.0,33.41677218225346,0.0,0.0,0.0,173.21107334210222,0.0,0.0,0.0,0.0,0.0,0.0
46,11.5,R8Z4,116.57213153101894,0.0,0.0,76.01961186246196,85.82300082113896,0.0,0.0,0.0,0.0,0.0,0.0,0.0,0.0,0.0,0.0,0.0,0.0,0.0,0.0
46,11.5,R8Z5,136.76823362131293,0.0,0.0,77.00331834661998,0.0,0.0,0.0,0.0,33.41677218225346,0.0,0.0,0.0,86.19890763282976,0.0,0.0,0.0,0.0,0.0,0.0
46,11.5,R8Z6,118.95927746387072,0.0,0.0,0.0,0.0,41.83110344369486,63.94174215876455,0.0,33.41677218225346,0.0,0.0,0.0,0.0,0.0,0.0,0.0,0.0,0.0,0.0
46,11.5,R8Z7,138.98753404301175,0.0,0.0,61.043784938193724,39.338594236609296,28.49199009618519,0.0,0.0,0.0,0.0,0.0,0.0,79.86185331149943,0.0,0.0,0.0,0.0,0.0,0.0
46,11.5,R8Z8,101.27955799450318,0.0,0.0,0.0,0.0,90.0,32.99558261955332,0.0,33.41677218225346,0.0,0.0,0.0,84.91037226098783,0.0,0.0,0.0,0.0,0.0,0.0
46,11.5,R9Z1,107.19227213655867,0.0,135.0,0.0,0.0,38.87308790021562,0.0,0.0,33.41677218225346,0.0,0.0,0.0,0.0,2.354085651465958,0.0,640.0,0.0,0.0,0.0
46,11.5,R9Z2,119.44523459083047,0.0,135.0,40.3664351763468,56.167693574686425,-7.105427357601002e-15,0.0,0.0,33.41677218225346,0.0,0.0,0.0,75.50611898481093,2.354085651465958,0.0,640.0,0.0,0.0,0.0
46,11.5,R9Z3,125.15544992174905,0.0,0.0,76.14083581316638,35.100226770077974,-1.4210854715202004e-14,0.0,0.0,66.83354436450692,0.0,0.0,0.0,138.7944681024462,0.0,0.0,0.0,0.0,0.0,0.0
46,11.5,R9Z4,108.95137362326717,0.0,0.0,90.0,38.65229205605257,0.0,0.0,0.0,33.41677218225346,0.0,0.0,0.0,72.7987433745995,0.0,0.0,0.0,0.0,0.0,0.0
46,11.5,R9Z5,99.95799430170655,0.0,0.0,0.0,0.0,74.9003177857002,2.99978642953878,0.0,33.41677218225346,0.0,0.0,0.0,151.62188537840257,0.0,0.0,0.0,0.0,0.0,0.0
46,11.5,R9Z6,131.13400615150792,0.0,0.0,38.5187557425189,3.315779756491668,0.0,0.0,0.0,33.41677218225346,0.0,0.0,0.0,161.20838960676102,0.0,0.0,0.0,0.0,0.0,0.0
46,11.5,R9Z7,77.62561025959057,0.0,0.0,71.43704901411486,37.29381723865767,52.07015520875156,0.0,0.0,0.0,0.0,0.0,0.0,77.26254741133202,0.0,0.0,0.0,0.0,0.0,0.0
46,11.5,R9Z8,111.86131100241846,0.0,0.0,0.0,0.0,83.63508429064426,1.323806222591204,0.0,33.41677218225346,0.0,0.0,0.0,72.19351101844607,0.0,0.0,0.0,0.0,0.0,0.0
46,11.5,R9Z9,146.90651291123277,0.0,0.0,0.0,0.0,87.64150400213204,7.7887580596257076,0.0,0.0,0.0,0.0,0.0,163.83095289907178,0.0,0.0,0.0,0.0,0.0,0.0
46,11.5,R9Z10,65.35692420846155,0.0,0.0,79.08075042036802,26.043422721290362,1.4210854715202004e-14,0.0,0.0,0.0,0.0,0.0,0.0,0.0,0.0,0.0,0.0,0.0,0.0,0.0
46,11.5,R9Z11,97.55472159352954,0.0,0.0,43.01002886369615,113.08857107003415,0.0,0.0,0.0,0.0,0.0,0.0,0.0,161.9129994269881,0.0,0.0,0.0,0.0,0.0,0.0
46,11.5,R10Z1,112.59872981117974,0.0,0.0,45.0,57.46820031243969,0.0,0.0,0.0,0.0,0.0,0.0,0.0,70.9758285060234,2.354085651465958,0.0,640.0,0.0,0.0,0.0
46,11.5,R10Z2,107.95710346780201,0.0,0.0,73.46045322159799,83.76627465316133,1.4210854715202004e-14,0.0,0.0,0.0,0.0,0.0,0.0,169.02912299343953,2.354085651465958,0.0,640.0,0.0,0.0,0.0
46,11.5,R10Z3,86.34007065537196,0.0,0.0,0.0,0.0,135.0,49.8146913195619,0.0,0.0,0.0,0.0,0.0,81.25144907114203,0.0,0.0,0.0,0.0,0.0,0.0
46,11.5,R10Z4,119.78631428879386,0.0,0.0,0.0,0.0,42.52708337702405,26.795469138504565,0.0,66.83354436450692,0.0,0.0,0.0,82.38012293408715,0.0,0.0,0.0,0.0,0.0,0.0
46,11.5,R10Z5,72.77848393198981,0.0,0.0,0.0,0.0,44.129411899070654,74.54958739040326,0.0,66.83354436450692,0.0,0.0,0.0,0.0,0.0,0.0,0.0,0.0,0.0,0.0
46,11.5,R10Z6,136.10168103274756,0.0,0.0,38.99226448267626,18.8702316723913,51.00773551732374,0.0,0.0,66.83354436450692,0.0,0.0,0.0,69.89159161929177,0.0,0.0,0.0,0.0,0.0,0.0
46,11.5,R10Z7,101.90028430194492,0.0,0.0,36.425771209235776,63.97552647925514,0.0,0.0,0.0,66.83354436450692,0.0,0.0,0.0,84.55308000884472,0.0,0.0,0.0,0.0,0.0,0.0
46,11.5,R10Z8,99.51157062105617,0.0,0.0,45.0,10.283432768871023,0.0,0.0,0.0,0.0,0.0,0.0,0.0,81.81919429403392,0.0,0.0,0.0,0.0,0.0,0.0
46,11.5,R10Z9,116.23836047532156,0.0,0.0,0.0,0.0,38.70649641507401,38.75367675635955,0.0,33.41677218225346,0.0,0.0,0.0,0.0,0.0,0.0,0.0,0.0,0.0,0.0
46,11.5,R11Z1,163.41553009900258,0.0,135.0,90.0,91.26560125481328,0.0,0.0,0.0,66.83354436450692,0.0,0.0,0.0,159.7317544332092,0.0,0.0,0.0,0.0,0.0,0.0
46,11.5,R11Z2,96.07467739612241,0.0,135.0,45.0,40.96191608465534,0.0,0.0,0.0,33.41677218225346,0.0,0.0,0.0,69.95858210352526,0.0,0.0,0.0,0.0,0.0,0.0
46,11.5,R11Z3,133.16402795602167,0.0,0.0,0.0,0.0,45.0,10.963364540901132,0.0,33.41677218225346,0.0,0.0,0.0,0.0,0.0,0.0,0.0,0.0,0.0,0.0
46,11.5,R11Z4,121.12286116555089,0.0,0.0,129.21774036201094,70.34034704147835,0.0,0.0,0.0,0.0,0.0,0.0,0.0,81.11167601293961,0.0,0.0,0.0,0.0,0.0,0.0
46,11.5,R11Z5,108.56759761929119,0.0,0.0,0.0,0.0,41.446238575402326,17.894988760021224,0.0,33.41677218225346,0.0,0.0,0.0,88.81320011058662,0.0,0.0,0.0,0.0,0.0,0.0
46,11.5,R11Z6,116.52774903293773,0.0,0.0,45.0,54.16146610566098,0.0,0.0,0.0,0.0,0.0,0.0,0.0,0.0,0.0,0.0,0.0,0.0,0.0,0.0
46,11.5,R11Z7,127.45204017925404,0.0,0.0,0.0,56.58427260174901,44.03608407470634,18.738697098457678,0.0,33.41677218225346,0.0,0.0,0.0,0.0,0.0,0.0,0.0,0.0,0.0,0.0
46,11.5,R11Z8,100.49522794137282,0.0,0.0,0.0,0.0,76.9366330900664,122.56980277243856,0.0,33.41677218225346,0.0,0.0,0.0,159.5773149970263,0.0,0.0,0.0,0.0,0.0,0.0
46,11.5,R12Z1,70.49320984477569,0.0,135.0,0.0,0.0,122.91144454044904,70.88321033543747,0.0,66.83354436450692,0.0,0.0,0.0,137.75821995092102,0.0,0.0,0.0,0.0,0.0,0.0
46,11.5,R12Z2,128.37251937603207,0.0,135.0,0.0,62.03183563558588,37.61403393549998,30.206697081771452,0.0,33.41677218225346,0.0,0.0,0.0,87.87076139020687,0.0,0.0,0.0,0.0,0.0,0.0
46,11.5,R12Z3,109.41847712726145,0.0,0.0,0.0,0.0,135.0,27.641345008202855,0.0,33.41677218225346,0.0,0.0,0.0,159.22196795461187,0.0,0.0,0.0,0.0,0.0,0.0
46,11.5,R12Z4,143.54681424847735,0.0,0.0,112.05131087426102,4.388898702261116,0.0,0.0,0.0,0.0,0.0,0.0,0.0,0.0,0.0,0.0,0.0,0.0,0.0,0.0
46,11.5,R12Z5,102.4325361987183,0.0,0.0,40.45771213995438,3.575847388173825,0.0,0.0,0.0,0.0,0.0,0.0,0.0,150.7383404050503,0.0,0.0,0.0,0.0,0.0,0.0
46,11.5,R12Z6,111.86393328046336,0.0,0.0,76.32518342197326,110.70986864153267,1.4210854715202004e-14,0.0,0.0,0.0,0.0,0.0,0.0,0.0,0.0,0.0,0.0,0.0,0.0,0.0
46,11.5,R12Z7,106.62953802811752,0.0,0.0,0.0,0.0,116.33074950220595,37.854344561264476,0.0,66.83354436450692,0.0,0.0,0.0,0.0,0.0,0.0,0.0,0.0,0.0,0.0
46,11.5,R12Z8,151.97407132568057,0.0,0.0,0.0,0.0,83.07190989809888,9.845945102591983,0.0,0.0,0.0,0.0,0.0,72.80754853403484,0.0,0.0,0.0,0.0,0.0,0.0
46,11.5,R12Z9,105.3383857015596,0.0,0.0,5.967784941235109,92.28469983510426,39.03221505876489,0.0,0.0,66.83354436450692,0.0,0.0,0.0,165.1947249324623,0.0,0.0,0.0,0.0,0.0,0.0
47,11.75,R1Z1,113.53385936480471,0.0,0.0,119.22833013917321,56.20791277148269,0.0,0.0,0.0,88.65831537785496,0.0,0.0,0.0,150.90242167308492,0.0,0.0,584.8383616593953,0.0,0.0,0.0
47,11.75,R1Z2,66.3929120116143,0.0,0.0,37.401463678651055,131.02917874143418,1.4210854715202004e-14,0.0,0.0,88.65831537785496,0.0,90.0,0.0,164.86565008690843,0.0,0.0,0.0,0.0,0.0,0.0
47,11.75,R1Z3,130.50235683782694,0.0,0.0,132.112776631422,21.22973833805184,0.0,0.0,0.0,44.32915768892748,0.0,90.0,0.0,120.36237485365862,0.0,0.0,0.0,0.0,0.0,0.0
47,11.75,R1Z4,96.9230133554144,0.0,0.0,135.0,83.5173540931587,0.0,0.0,0.0,88.65831537785496,0.0,0.0,0.0,0.0,0.0,0.0,0.0,0.0,0.0,0.0
47,11.75,R1Z5,102.02543537669109,0.0,0.0,88.24784402066848,31.087355720561696,1.4210854715202004e-14,0.0,0.0,88.65831537785496,0.0,0.0,0.0,0.0,0.0,0.0,0.0,0.0,0.0,0.0
47,11.75,R1Z6,97.36745137166515,0.0,0.0,0.0,22.37908033541615,135.0,29.968225292369652,0.0,0.0,0.0,45.0,0.0,53.44759586275565,0.0,0.0,0.0,0.0,0.0,0.0
47,11.75,R1Z7,125.43892276259463,0.0,0.0,38.91921435106333,0.0,0.0,0.0,0.0,44.32915768892748,0.0,45.0,0.0,57.45620974791097,0.0,0.0,0.0,0.0,0.0,0.0
47,11.75,R1Z8,77.28509045364459,0.0,0.0,45.0,143.70899403942616,0.0,0.0,0.0,0.0,0.0,0.0,0.0,0.0,0.0,0.0,0.0,0.0,0.0,0.0
47,11.75,R1Z9,100.21511361564048,0.0,0.0,90.00000000000001,76.08857415102135,-1.4210854715202004e-14,0.0,0.0,0.0,0.0,90.0,0.0,120.80184917795472,0.0,0.0,0.0,0.0,0.0,0.0
47,11.75,R1Z10,104.90720124042228,0.0,0.0,133.0779326028795,5.983317864854721,0.0,0.0,0.0,0.0,0.0,90.0,0.0,150.35206560540743,0.0,0.0,0.0,0.0,0.0,0.0
47,11.75,R2Z1,101.02229508816467,0.0,135.0,48.23033822707677,95.97557921892798,86.76966177292323,0.0,0.0,0.0,0.0,0.0,0.0,74.24524802261124,2.354085651465958,0.0,640.0,0.0,0.0,0.0
47,11.75,R2Z2,90.11686200039297,0.0,135.0,0.0,0.0,90.0,35.22496996861082,0.0,0.0,0.0,0.0,0.0,80.24628036764396,2.354085651465958,0.0,640.0,0.0,0.0,0.0
47,11.75,R2Z3,111.97357460956474,0.0,0.0,21.26597290850583,0.0,113.73402709149417,0.0,0.0,44.32915768892748,0.0,0.0,0.0,69.46450387025251,0.0,0.0,0.0,0.0,0.0,0.0
47,11.75,R2Z4,138.87204113400128,0.0,0.0,0.0,0.0,45.0,76.81522252198754,0.0,88.65831537785496,0.0,0.0,0.0,0.0,0.0,0.0,0.0,0.0,0.0,0.0
47,11.75,R2Z5,139.07924075550753,0.0,0.0,0.0,0.0,45.0,62.78820521817764,0.0,44.32915768892748,0.0,0.0,0.0,0.0,0.0,0.0,0.0,0.0,0.0,0.0
47,11.75,R2Z6,103.18553262306973,0.0,0.0,0.0,0.0,89.13847638784725,70.92158462722821,0.0,88.65831537785496,0.0,0.0,0.0,167.72099801694034,0.0,0.0,0.0,0.0,0.0,0.0
47,11.75,R2Z7,140.55619275019868,0.0,0.0,45.0,42.49994913060448,0.0,0.0,0.0,88.65831537785496,0.0,0.0,0.0,85.69541613291166,0.0,0.0,0.0,0.0,0.0,0.0
47,11.75,R2Z8,105.31631167102088,0.0,0.0,124.07173265421119,0.18340738150883062,0.0,0.0,0.0,0.0,0.0,0.0,0.0,88.30605729221007,0.0,0.0,0.0,0.0,0.0,0.0
47,11.75,R2Z9,111.35917678633001,0.0,0.0,0.0,0.0,40.36586522349029,128.99000274283677,0.0,44.32915768892748,0.0,0.0,0.0,80.76619714691076,0.0,0.0,0.0,0.0,0.0,0.0
47,11.75,R3Z1,70.98351665077259,0.0,0.0,0.0,0.0,135.0,30.006034575006737,0.0,0.0,0.0,0.0,0.0,0.0,0.0,0.0,0.0,0.0,0.0,0.0
47,11.75,R3Z2,93.0387059305232,0.0,0.0,48.99456166547628,77.5438414244198,72.93198501770712,0.0,0.0,88.65831537785496,0.0,0.0,0.0,160.87445750159134,0.0,0.0,0.0,0.0,0.0,0.0
47,11.75,R3Z3,95.50365357538274,0.0,0.0,0.0,0.0,44.5055536799344,34.11988861165086,0.0,44.32915768892748,0.0,0.0,0.0,0.0,0.0,0.0,0.0,0.0,0.0,0.0
47,11.75,R4Z1,115.81379508998388,0.0,135.0,23.009871957667542,110.0715721803142,16.772575782554192,0.0,0.0,88.65831537785496,0.0,0.0,0.0,79.59034728809625,0.0,0.0,0.0,0.0,0.0,0.0
47,11.75,R4Z2,137.82753958727747,0.0,0.0,135.0,19.88356058462215,0.0,0.0,0.0,88.65831537785496,0.0,0.0,0.0,157.33872568486868,0.0,0.0,0.0,0.0,0.0,0.0
47,11.75,R4Z3,88.68170463710247,0.0,0.0,0.0,0.0,82.24640659402276,72.29596952903454,0.0,0.0,0.0,0.0,0.0,0.0,0.0,0.0,0.0,0.0,0.0,0.0
47,11.75,R4Z4,130.5249087846173,0.0,0.0,45.0,5.631313231785335,0.0,0.0,0.0,0.0,0.0,0.0,0.0,0.0,0.0,0.0,0.0,0.0,0.0,0.0
47,11.75,R4Z5,138.0480399206284,0.0,0.0,0.0,0.0,45.0,91.92661274869776,0.0,88.65831537785496,0.0,0.0,0.0,0.0,0.0,0.0,0.0,0.0,0.0,0.0
47,11.75,R4Z6,84.20139907923466,0.0,0.0,0.0,0.0,90.0,27.007590187745816,0.0,88.65831537785496,0.0,0.0,0.0,149.74419699042417,0.0,0.0,0.0,0.0,0.0,0.0
47,11.75,R4Z7,107.1543843468501,0.0,0.0,0.0,0.0,90.0,0.0,0.0,88.65831537785496,0.0,0.0,0.0,0.0,0.0,0.0,0.0,0.0,0.0,0.0
47,11.75,R4Z8,135.44522575859392,0.0,0.0,55.81922182833516,5.4236627914206785,25.46028270687124,0.0,0.0,88.65831537785496,0.0,0.0,0.0,0.0,0.0,0.0,0.0,0.0,0.0,0.0
47,11.75,R4Z9,109.32407928173356,0.0,0.0,89.99999999999999,88.04303798090957,1.4210854715202004e-14,0.0,0.0,0.0,0.0,0.0,0.0,86.67352802377268,0.0,0.0,0.0,0.0,0.0,0.0
47,11.75,R4Z10,86.0292217947931,0.0,0.0,41.08155777414543,52.146754574687854,0.0,0.0,0.0,0.0,0.0,0.0,0.0,88.29642288348103,0.0,0.0,0.0,0.0,0.0,0.0
47,11.75,R4Z11,121.05759283259302,0.0,0.0,0.0,0.0,81.4492286493812,76.37708050092044,0.0,44.32915768892748,0.0,0.0,0.0,81.68637435820696,0.0,0.0,0.0,0.0,0.0,0.0
47,11.75,R5Z1,119.80852514956273,0.0,135.0,0.0,0.0,135.0,21.96450127266857,0.0,0.0,0.0,0.0,0.0,71.31532573412763,0.0,0.0,0.0,0.0,0.0,0.0
47,11.75,R5Z2,94.81384647131773,0.0,135.0,38.11181751118602,28.683536713081036,0.0,0.0,0.0,44.32915768892748,0.0,0.0,0.0,169.68224675659982,0.0,0.0,0.0,0.0,0.0,0.0
47,11.75,R5Z3,116.54094315947405,0.0,0.0,14.607860684504693,56.770554213671936,113.0183655238896,0.0,0.0,44.32915768892748,0.0,0.0,0.0,143.92323084977136,0.0,0.0,0.0,0.0,0.0,0.0
47,11.75,R5Z4,87.82494480548502,0.0,0.0,0.0,0.0,135.0,25.977835742934857,0.0,88.65831537785496,0.0,0.0,0.0,0.0,0.0,0.0,0.0,0.0,0.0,0.0
47,11.75,R5Z5,95.91819274740789,0.0,0.0,0.0,0.0,45.0,20.702229315732286,0.0,44.32915768892748,0.0,0.0,0.0,79.18079755477227,0.0,0.0,0.0,0.0,0.0,0.0
47,11.75,R5Z6,150.1454998866414,0.0,0.0,13.385433769693066,53.1780387103,31.614566230306934,0.0,0.0,88.65831537785496,0.0,0.0,0.0,160.7298518883491,0.0,0.0,0.0,0.0,0.0,0.0
47,11.75,R5Z7,89.78690216652258,0.0,0.0,0.0,0.0,89.42186159577813,4.701138708930509,0.0,0.0,0.0,0.0,0.0,87.20171532812279,0.0,0.0,0.0,0.0,0.0,0.0
47,11.75,R5Z8,113.07502837699884,0.0,0.0,90.0,37.61593163812706,0.0,0.0,0.0,44.32915768892748,0.0,0.0,0.0,162.30300472876252,0.0,0.0,0.0,0.0,0.0,0.0
47,11.75,R5Z9,140.92900075077455,0.0,0.0,0.0,0.0,124.17284208827715,60.98901515998751,0.0,0.0,0.0,0.0,0.0,84.56142364834389,0.0,0.0,0.0,0.0,0.0,0.0
47,11.75,R6Z1,94.78377633662383,0.0,135.0,0.0,0.0,90.0,64.57769152311522,0.0,0.0,0.0,0.0,0.0,0.0,2.354085651465958,0.0,640.0,0.0,0.0,0.0
47,11.75,R6Z2,102.79334975168722,0.0,135.0,0.0,0.0,90.0,2.3928420190890836,0.0,88.65831537785496,0.0,0.0,0.0,137.75304446979018,2.354085651465958,0.0,640.0,0.0,0.0,0.0
47,11.75,R6Z3,151.11942305000667,0.0,0.0,107.39809730702103,0.0,0.0,0.0,0.0,44.32915768892748,0.0,0.0,0.0,81.13058239597004,0.0,0.0,0.0,0.0,0.0,0.0
47,11.75,R6Z4,109.75096177048209,0.0,0.0,0.0,0.0,36.84889594414999,88.75851179269443,0.0,44.32915768892748,0.0,0.0,0.0,76.92916804952102,0.0,0.0,0.0,0.0,0.0,0.0
47,11.75,R7Z1,144.10071238298838,0.0,135.0,0.0,0.0,83.19940474253387,66.07895616788404,0.0,44.32915768892748,0.0,0.0,0.0,0.0,2.354085651465958,0.0,640.0,0.0,0.0,0.0
47,11.75,R7Z2,155.15516052359533,0.0,135.0,0.0,0.0,119.10751272398703,22.864079849815088,0.0,0.0,0.0,0.0,0.0,164.00703750084114,0.0,0.0,0.0,0.0,0.0,0.0
47,11.75,R7Z3,135.89496687072088,0.0,0.0,45.0,148.95244576436747,0.0,0.0,0.0,88.65831537785496,0.0,0.0,0.0,140.06351977855124,0.0,0.0,0.0,0.0,0.0,0.0
47,11.75,R7Z4,170.01068418994907,0.0,0.0,0.0,0.0,130.52843416533452,141.6931019655646,0.0,44.32915768892748,0.0,0.0,0.0,68.33869970000151,0.0,0.0,0.0,0.0,0.0,0.0
47,11.75,R7Z5,130.1865699163079,0.0,0.0,0.0,0.0,44.83986622647971,94.78972845334377,0.0,88.65831537785496,0.0,0.0,0.0,0.0,0.0,0.0,0.0,0.0,0.0,0.0
47,11.75,R7Z6,91.84468567564396,0.0,0.0,90.0,3.810805232662695,0.0,0.0,0.0,88.65831537785496,0.0,0.0,0.0,0.0,0.0,0.0,0.0,0.0,0.0,0.0
47,11.75,R7Z7,92.6349630145507,0.0,0.0,0.0,0.0,79.30662375272487,71.40382365672905,0.0,0.0,0.0,0.0,0.0,68.64538061402507,0.0,0.0,0.0,0.0,0.0,0.0
47,11.75,R7Z8,110.75206685887244,0.0,0.0,128.46171595319367,41.455186976172556,0.0,0.0,0.0,88.65831537785496,0.0,0.0,0.0,145.80803026679536,0.0,0.0,0.0,0.0,0.0,0.0
47,11.75,R7Z9,98.95662051920678,0.0,0.0,0.0,0.0,90.0,0.0,0.0,88.65831537785496,0.0,0.0,0.0,79.72200443790233,0.0,0.0,0.0,0.0,0.0,0.0
47,11.75,R8Z1,123.83562782339482,0.0,135.0,0.0,0.0,78.7982307778364,57.96741754156825,0.0,44.32915768892748,0.0,0.0,0.0,84.89072739943464,2.354085651465958,0.0,640.0,0.0,0.0,0.0
47,11.75,R8Z2,64.14426994734046,0.0,135.0,0.0,0.0,90.0,123.29927985609454,0.0,44.32915768892748,0.0,0.0,0.0,147.88706337575908,0.0,0.0,0.0,0.0,0.0,0.0
47,11.75,R8Z3,133.3166642453248,0.0,0.0,0.0,0.0,85.57227710717056,62.31892100677293,0.0,44.32915768892748,0.0,0.0,0.0,173.01738397850983,0.0,0.0,0.0,0.0,0.0,0.0
47,11.75,R8Z4,103.10746830015164,0.0,0.0,34.91932028139121,66.33313865926593,48.92560217549574,0.0,0.0,0.0,0.0,0.0,0.0,0.0,0.0,0.0,0.0,0.0,0.0,0.0
47,11.75,R8Z5,138.52809303281953,0.0,0.0,0.0,0.0,71.3518372449668,13.143440568430385,0.0,44.32915768892748,0.0,0.0,0.0,86.10251765475493,0.0,0.0,0.0,0.0,0.0,0.0
47,11.75,R8Z6,141.2146533128187,0.0,0.0,40.86371412053241,87.55834962684857,-7.105427357601002e-15,0.0,0.0,44.32915768892748,0.0,0.0,0.0,0.0,0.0,0.0,0.0,0.0,0.0,0.0
47,11.75,R8Z7,135.04726794119776,0.0,0.0,90.0,54.09324089849975,0.0,0.0,0.0,0.0,0.0,0.0,0.0,79.77254960103363,0.0,0.0,0.0,0.0,0.0,0.0
47,11.75,R8Z8,118.22883656445052,0.0,0.0,0.0,0.0,90.0,35.50695747985734,0.0,44.32915768892748,0.0,0.0,0.0,84.81542315843743,0.0,0.0,0.0,0.0,0.0,0.0
47,11.75,R9Z1,119.27660426972483,0.0,135.0,0.0,0.0,40.34693366896527,56.455775695644334,0.0,44.32915768892748,0.0,0.0,0.0,0.0,2.354085651465958,0.0,640.0,0.0,0.0,0.0
47,11.75,R9Z2,118.2137347106093,0.0,135.0,0.0,0.0,43.76936195468273,48.81533225634545,0.0,44.32915768892748,0.0,0.0,0.0,75.42168597570061,2.354085651465958,0.0,640.0,0.0,0.0,0.0
47,11.75,R9Z3,121.39364348077832,0.0,0.0,77.62971631012277,28.34984923923223,0.0,0.0,0.0,88.65831537785496,0.0,0.0,0.0,138.63926432893334,0.0,0.0,0.0,0.0,0.0,0.0
47,11.75,R9Z4,104.40417704974048,0.0,0.0,0.0,0.0,90.0,0.0,0.0,44.32915768892748,0.0,0.0,0.0,72.71733782700669,0.0,0.0,0.0,0.0,0.0,0.0
47,11.75,R9Z5,96.4007861870203,0.0,0.0,77.75745668205008,23.43665766024765,0.0,0.0,0.0,44.32915768892748,0.0,0.0,0.0,151.45233763576132,0.0,0.0,0.0,0.0,0.0,0.0
47,11.75,R9Z6,129.29576743722905,0.0,0.0,0.0,0.0,39.23413706120255,14.955199373198454,0.0,44.32915768892748,0.0,0.0,0.0,161.0281219726761,0.0,0.0,0.0,0.0,0.0,0.0
47,11.75,R9Z7,87.05911239065541,0.0,0.0,126.12193883243982,10.109585543745611,0.0,0.0,0.0,0.0,0.0,0.0,0.0,77.1761503158757,0.0,0.0,0.0,0.0,0.0,0.0
47,11.75,R9Z8,122.21013055212697,0.0,0.0,84.68076825009364,12.498798362902887,0.0,0.0,0.0,44.32915768892748,0.0,0.0,0.0,72.1127822582412,0.0,0.0,0.0,0.0,0.0,0.0
47,11.75,R9Z9,155.40794357298932,0.0,0.0,0.0,6.637996245054751,84.81739633894264,36.81251590249161,0.0,0.0,0.0,0.0,0.0,163.64775264292484,0.0,0.0,0.0,0.0,0.0,0.0
47,11.75,R9Z10,71.70212169408117,0.0,0.0,75.49004159403546,0.0,0.0,0.0,0.0,0.0,0.0,0.0,0.0,0.0,0.0,0.0,0.0,0.0,0.0,0.0
47,11.75,R9Z11,91.00245566125344,0.0,0.0,41.06026024224352,4.013771322057642,0.0,0.0,0.0,0.0,0.0,0.0,0.0,161.73194387891462,0.0,0.0,0.0,0.0,0.0,0.0
47,11.75,R10Z1,97.33071086040452,0.0,0.0,0.0,0.0,45.0,47.50793265838038,0.0,0.0,0.0,0.0,0.0,70.89646139173607,2.354085651465958,0.0,640.0,0.0,0.0,0.0
47,11.75,R10Z2,99.23867996028343,0.0,0.0,0.0,0.0,75.91389799143461,87.25101870818104,0.0,0.0,0.0,0.0,0.0,168.84011000120134,2.354085651465958,0.0,640.0,0.0,0.0,0.0
47,11.75,R10Z3,85.58010343363665,0.0,0.0,0.0,0.0,135.0,47.99648182363178,0.0,0.0,0.0,0.0,0.0,81.1605914766598,0.0,0.0,0.0,0.0,0.0,0.0
47,11.75,R10Z4,97.33272090242532,0.0,0.0,0.0,0.0,41.93011792949006,29.669386860119808,0.0,88.65831537785496,0.0,0.0,0.0,82.2880032255957,0.0,0.0,0.0,0.0,0.0,0.0
47,11.75,R10Z5,72.10763788211636,0.0,0.0,44.78047216476047,46.864573787051924,-7.105427357601002e-15,0.0,0.0,88.65831537785496,0.0,0.0,0.0,0.0,0.0,0.0,0.0,0.0,0.0,0.0
47,11.75,R10Z6,114.6060248038992,0.0,0.0,0.0,0.0,88.83942568239286,20.970894087819328,0.0,88.65831537785496,0.0,0.0,0.0,69.81343692837046,0.0,0.0,0.0,0.0,0.0,0.0
47,11.75,R10Z7,89.19877632626434,0.0,0.0,37.37318334571444,94.04914415941255,0.0,0.0,0.0,88.65831537785496,0.0,0.0,0.0,84.45853044027098,0.0,0.0,0.0,0.0,0.0,0.0
47,11.75,R10Z8,111.52677481251006,0.0,0.0,0.0,0.0,45.0,18.73607773329958,0.0,0.0,0.0,0.0,0.0,81.72770183130231,0.0,0.0,0.0,0.0,0.0,0.0
47,11.75,R10Z9,90.85077413230952,0.0,0.0,41.702895519872925,65.34260806762634,7.105427357601002e-15,0.0,0.0,44.32915768892748,0.0,0.0,0.0,0.0,0.0,0.0,0.0,0.0,0.0,0.0
47,11.75,R11Z1,168.9933142189899,0.0,135.0,0.0,0.0,90.0,78.46025749028284,0.0,88.65831537785496,0.0,0.0,0.0,159.55313801299593,0.0,0.0,0.0,0.0,0.0,0.0
47,11.75,R11Z2,99.26552743448602,0.0,135.0,0.0,0.0,45.0,24.709646791166122,0.0,44.32915768892748,0.0,0.0,0.0,69.88035250201072,0.0,0.0,0.0,0.0,0.0,0.0
47,11.75,R11Z3,155.8698299791439,0.0,0.0,45.0,25.777146733224047,0.0,0.0,0.0,44.32915768892748,0.0,0.0,0.0,0.0,0.0,0.0,0.0,0.0,0.0,0.0
47,11.75,R11Z4,139.71754928336588,0.0,0.0,82.90905035653172,71.04464538325858,48.453589282410704,0.0,0.0,0.0,0.0,0.0,0.0,81.02097471651713,0.0,0.0,0.0,0.0,0.0,0.0
47,11.75,R11Z5,107.1710765362034,0.0,0.0,40.10065970253792,49.26863824530596,-7.105427357601002e-15,0.0,0.0,44.32915768892748,0.0,0.0,0.0,88.71388675910102,0.0,0.0,0.0,0.0,0.0,0.0
47,11.75,R11Z6,106.0260153744092,0.0,0.0,0.0,0.0,45.0,56.78773268970425,0.0,0.0,0.0,0.0,0.0,0.0,0.0,0.0,0.0,0.0,0.0,0.0
47,11.75,R11Z7,120.35260738196446,0.0,0.0,0.0,0.0,42.77399188105545,70.57734554901398,0.0,44.32915768892748,0.0,0.0,0.0,0.0,0.0,0.0,0.0,0.0,0.0,0.0
47,11.75,R11Z8,96.82345146120953,0.0,0.0,0.0,16.185169785213034,80.51535975159753,42.75539422991949,0.0,44.32915768892748,0.0,0.0,0.0,159.39887127521808,0.0,0.0,0.0,0.0,0.0,0.0
47,11.75,R12Z1,71.11090017700185,0.0,135.0,91.38626146233504,90.06739514650313,12.29221913314116,0.0,0.0,88.65831537785496,0.0,0.0,0.0,137.60417493845685,0.0,0.0,0.0,0.0,0.0,0.0
47,11.75,R12Z2,120.28476920049143,0.0,135.0,0.0,0.0,33.460030159099524,78.58978716722653,0.0,44.32915768892748,0.0,0.0,0.0,87.77250189949616,0.0,0.0,0.0,0.0,0.0,0.0
47,11.75,R12Z3,107.92965225900934,0.0,0.0,0.0,0.0,135.0,16.28188179000283,0.0,44.32915768892748,0.0,0.0,0.0,159.04392159159357,0.0,0.0,0.0,0.0,0.0,0.0
47,11.75,R12Z4,117.08758197436809,0.0,0.0,0.0,0.0,134.939130477045,10.24586533271268,0.0,0.0,0.0,0.0,0.0,0.0,0.0,0.0,0.0,0.0,0.0,0.0
47,11.75,R12Z5,99.33981383422885,0.0,0.0,0.0,0.0,42.19263158525218,39.249273145658464,0.0,0.0,0.0,0.0,0.0,150.5697806665839,0.0,0.0,0.0,0.0,0.0,0.0
47,11.75,R12Z6,109.47410842447682,0.0,0.0,79.84464280367054,15.09541961457002,0.0,0.0,0.0,0.0,0.0,0.0,0.0,0.0,0.0,0.0,0.0,0.0,0.0,0.0
47,11.75,R12Z7,132.2906114405322,0.0,0.0,121.68614589473833,59.1268782280373,-1.4210854715202004e-14,0.0,0.0,88.65831537785496,0.0,0.0,0.0,0.0,0.0,0.0,0.0,0.0,0.0,0.0
47,11.75,R12Z8,163.37798251876146,0.0,0.0,65.79827266834295,9.715193639982418,21.14570314795668,0.0,0.0,0.0,0.0,0.0,0.0,72.72613314027171,0.0,0.0,0.0,0.0,0.0,0.0
47,11.75,R12Z9,111.7264715873482,0.0,0.0,44.79634457313559,5.158947117095196,0.0,0.0,0.0,88.65831537785496,0.0,0.0,0.0,165.00999966909652,0.0,0.0,0.0,0.0,0.0,0.0
48,12.0,R1Z1,110.00784212263156,0.0,0.0,115.28505989749313,71.3829568261399,0.0,0.0,0.0,59.62825457718638,0.0,0.0,0.0,150.73367845445313,0.0,0.0,584.3367382760662,0.0,0.0,0.0
48,12.0,R1Z2,54.5697301987601,0.0,0.0,41.46049051449304,0.0,0.0,0.0,0.0,59.62825457718638,0.0,46.51901489291933,0.0,175.88855351787876,0.0,0.0,0.0,0.0,0.0,0.0
48,12.0,R1Z3,111.24802322979068,0.0,0.0,121.6699296511448,27.91716875515891,0.0,0.0,0.0,29.81412728859319,0.0,68.15320246510623,0.0,136.64710486426722,0.0,0.0,0.0,0.0,0.0,0.0
48,12.0,R1Z4,79.60002390192662,0.0,0.0,135.0,16.10889740965632,0.0,0.0,0.0,59.62825457718638,0.0,0.0,0.0,0.0,0.0,0.0,0.0,0.0,0.0,0.0
48,12.0,R1Z5,108.44719499232978,0.0,0.0,71.26244799836579,42.99521091380249,0.0,0.0,0.0,59.62825457718638,0.0,0.0,0.0,0.0,0.0,0.0,0.0,0.0,0.0,0.0
48,12.0,R1Z6,101.17339471770858,0.0,0.0,127.55847026192185,42.75702946102201,-1.4210854715202004e-14,0.0,0.0,0.0,0.0,45.0,0.0,64.22913222077987,0.0,0.0,0.0,0.0,0.0,0.0
48,12.0,R1Z7,118.89467373380023,0.0,0.0,42.95060092101403,14.572693999758698,0.0,0.0,0.0,29.81412728859319,0.0,0.0,0.0,57.391960641397304,0.0,0.0,0.0,0.0,0.0,0.0
48,12.0,R1Z8,72.50721604116231,0.0,0.0,45.0,164.7816385812962,0.0,0.0,0.0,0.0,0.0,0.0,0.0,0.0,0.0,0.0,0.0,0.0,0.0,0.0
48,12.0,R1Z9,113.32265972850455,0.0,0.0,83.89151942317132,0.0,0.0,0.0,0.0,0.0,0.0,90.0,0.0,142.34937108896693,0.0,0.0,0.0,0.0,0.0,0.0
48,12.0,R1Z10,94.23166286169798,0.0,0.0,135.0,3.950514978457132,0.0,0.0,0.0,0.0,0.0,33.36424535978654,0.0,158.22197982632463,0.0,0.0,0.0,0.0,0.0,0.0
48,12.0,R2Z1,93.0584657014398,0.0,135.0,0.0,0.0,135.0,62.7973370065948,0.0,0.0,0.0,0.0,0.0,74.16222495392522,2.354085651465958,0.0,640.0,0.0,0.0,0.0
48,12.0,R2Z2,101.12082004448465,0.0,135.0,90.0,22.602750922994808,0.0,0.0,0.0,0.0,0.0,0.0,0.0,80.1565467803209,2.354085651465958,0.0,640.0,0.0,0.0,0.0
48,12.0,R2Z3,105.78051893435747,0.0,0.0,0.0,0.0,135.0,42.939675371491845,0.0,29.81412728859319,0.0,0.0,0.0,69.38682676054304,0.0,0.0,0.0,0.0,0.0,0.0
48,12.0,R2Z4,108.4664121975661,0.0,0.0,0.0,0.0,45.0,67.84025637377088,0.0,59.62825457718638,0.0,0.0,0.0,0.0,0.0,0.0,0.0,0.0,0.0,0.0
48,12.0,R2Z5,127.37345019773959,0.0,0.0,45.00000000000001,35.767671084896385,-7.105427357601002e-15,0.0,0.0,29.81412728859319,0.0,0.0,0.0,0.0,0.0,0.0,0.0,0.0,0.0,0.0
48,12.0,R2Z6,105.18807027709386,0.0,0.0,38.533867700033994,9.799956471019382,51.1870403897303,0.0,0.0,59.62825457718638,0.0,0.0,0.0,167.53344780585874,0.0,0.0,0.0,0.0,0.0,0.0
48,12.0,R2Z7,130.68244237387336,0.0,0.0,0.0,0.0,45.0,18.705148445495357,0.0,59.62825457718638,0.0,0.0,0.0,85.59958917281433,0.0,0.0,0.0,0.0,0.0,0.0
48,12.0,R2Z8,93.37594746152601,0.0,0.0,0.0,0.0,112.96434525970801,44.27237075756075,0.0,0.0,0.0,0.0,0.0,88.2073110417062,0.0,0.0,0.0,0.0,0.0,0.0
48,12.0,R2Z9,115.63688589122476,0.0,0.0,34.206472982258674,171.15331962369555,7.105427357601002e-15,0.0,0.0,29.81412728859319,0.0,0.0,0.0,80.6758821744132,0.0,0.0,0.0,0.0,0.0,0.0
48,12.0,R3Z1,71.3232746925499,0.0,0.0,0.0,0.0,135.0,5.017279639020021,0.0,0.0,0.0,0.0,0.0,0.0,0.0,0.0,0.0,0.0,0.0,0.0
48,12.0,R3Z2,94.58109395602658,0.0,0.0,126.04134198999105,18.82554709102541,0.0,0.0,0.0,59.62825457718638,0.0,0.0,0.0,160.6945632795273,0.0,0.0,0.0,0.0,0.0,0.0
48,12.0,R3Z3,72.25317070677887,0.0,0.0,41.26634127261807,46.103310268011974,0.0,0.0,0.0,29.81412728859319,0.0,0.0,0.0,0.0,0.0,0.0,0.0,0.0,0.0,0.0
48,12.0,R4Z1,85.8393737054259,0.0,135.0,0.0,0.0,39.39971739072209,93.26904819486117,0.0,59.62825457718638,0.0,0.0,0.0,79.50134718309788,0.0,0.0,0.0,0.0,0.0,0.0
48,12.0,R4Z2,123.32909132911567,0.0,0.0,85.26520652245983,4.483955280153451,49.734793477540165,0.0,0.0,59.62825457718638,0.0,0.0,0.0,157.16278521490722,0.0,0.0,0.0,0.0,0.0,0.0
48,12.0,R4Z3,97.31063051133799,0.0,0.0,0.0,0.0,81.4238943768505,50.728470242059196,0.0,0.0,0.0,0.0,0.0,0.0,0.0,0.0,0.0,0.0,0.0,0.0
48,12.0,R4Z4,137.13581078505453,0.0,0.0,44.99999999999999,35.50342729757677,7.105427357601002e-15,0.0,0.0,0.0,0.0,0.0,0.0,0.0,0.0,0.0,0.0,0.0,0.0,0.0
48,12.0,R4Z5,122.92628504591742,0.0,0.0,45.00000000000001,48.08982844470179,-7.105427357601002e-15,0.0,0.0,59.62825457718638,0.0,0.0,0.0,0.0,0.0,0.0,0.0,0.0,0.0,0.0
48,12.0,R4Z6,82.48114311882324,0.0,0.0,90.0,25.020698431403545,0.0,0.0,0.0,59.62825457718638,0.0,0.0,0.0,149.57674893033712,0.0,0.0,0.0,0.0,0.0,0.0
48,12.0,R4Z7,124.39443489848053,0.0,0.0,0.0,0.0,90.0,111.01824599980773,0.0,59.62825457718638,0.0,0.0,0.0,0.0,0.0,0.0,0.0,0.0,0.0,0.0
48,12.0,R4Z8,131.29348421812492,0.0,0.0,0.0,0.0,79.71884620803014,27.946996880925994,0.0,59.62825457718638,0.0,0.0,0.0,0.0,0.0,0.0,0.0,0.0,0.0,0.0
48,12.0,R4Z9,90.69768326163255,0.0,0.0,15.613494373217733,64.95748727468529,74.38650562678227,0.0,0.0,0.0,0.0,0.0,0.0,86.5766073121847,0.0,0.0,0.0,0.0,0.0,0.0
48,12.0,R4Z10,88.8744654845317,0.0,0.0,0.0,0.0,38.957534123459986,36.41837270399273,0.0,0.0,0.0,0.0,0.0,88.19768740643674,0.0,0.0,0.0,0.0,0.0,0.0
48,12.0,R4Z11,106.11888809389158,0.0,0.0,74.15138057325484,51.210774371100584,0.0,0.0,0.0,29.81412728859319,0.0,0.0,0.0,81.59503041836334,0.0,0.0,0.0,0.0,0.0,0.0
48,12.0,R5Z1,128.8573612537046,0.0,135.0,0.0,0.0,135.0,14.061151104897458,0.0,0.0,0.0,0.0,0.0,71.23557898474662,0.0,0.0,0.0,0.0,0.0,0.0
48,12.0,R5Z2,82.94277895480008,0.0,135.0,0.0,0.0,39.43601862400566,26.318980649885532,0.0,29.81412728859319,0.0,0.0,0.0,169.49250342349143,0.0,0.0,0.0,0.0,0.0,0.0
48,12.0,R5Z3,101.24560872722012,0.0,0.0,119.14266331808312,81.13758139490588,0.15036527712693726,0.0,0.0,29.81412728859319,0.0,0.0,0.0,143.7622919533626,0.0,0.0,0.0,0.0,0.0,0.0
48,12.0,R5Z4,84.17495773809043,0.0,0.0,0.0,0.0,130.274733415448,14.68399872770889,0.0,59.62825457718638,0.0,0.0,0.0,0.0,0.0,0.0,0.0,0.0,0.0,0.0
48,12.0,R5Z5,83.20009255490912,0.0,0.0,45.0,34.42850712728456,0.0,0.0,0.0,29.81412728859319,0.0,0.0,0.0,79.09225541949647,0.0,0.0,0.0,0.0,0.0,0.0
48,12.0,R5Z6,131.52253684513678,0.0,0.0,0.0,0.0,45.0,59.30122421092385,0.0,59.62825457718638,0.0,0.0,0.0,160.55011936824013,0.0,0.0,0.0,0.0,0.0,0.0
48,12.0,R5Z7,78.89003561264893,0.0,0.0,90.0,22.46693309309918,0.0,0.0,0.0,0.0,0.0,0.0,0.0,87.1042039830328,0.0,0.0,0.0,0.0,0.0,0.0
48,12.0,R5Z8,133.38179216494257,0.0,0.0,0.0,27.395272654020943,88.76353412813702,26.653526245939602,0.0,29.81412728859319,0.0,0.0,0.0,162.12151306608482,0.0,0.0,0.0,0.0,0.0,0.0
48,12.0,R5Z9,103.86881204468665,0.0,0.0,0.0,0.0,117.606159407113,87.50888026977209,0.0,0.0,0.0,0.0,0.0,84.46686474968406,0.0,0.0,0.0,0.0,0.0,0.0
48,12.0,R6Z1,104.19105546026651,0.0,135.0,0.0,0.0,84.73034539971177,8.650525983041446,0.0,0.0,0.0,0.0,0.0,0.0,2.354085651465958,0.0,640.0,0.0,0.0,0.0
48,12.0,R6Z2,108.2019066695267,0.0,135.0,90.0,18.933841845741878,0.0,0.0,0.0,59.62825457718638,0.0,0.0,0.0,137.5990052446907,2.354085651465958,0.0,640.0,0.0,0.0,0.0
48,12.0,R6Z3,157.20765124608738,0.0,0.0,0.0,0.0,128.14264088717314,63.71672299539732,0.0,29.81412728859319,0.0,0.0,0.0,81.03985995791251,0.0,0.0,0.0,0.0,0.0,0.0
48,12.0,R6Z4,114.09410998161594,0.0,0.0,38.6051905741203,84.18483012669881,0.0,0.0,0.0,29.81412728859319,0.0,0.0,0.0,76.84314374799283,0.0,0.0,0.0,0.0,0.0,0.0
48,12.0,R7Z1,131.59807999811034,0.0,135.0,87.66474162757694,58.04201819646195,-1.4210854715202004e-14,0.0,0.0,29.81412728859319,0.0,0.0,0.0,0.0,2.354085651465958,0.0,640.0,0.0,0.0,0.0
48,12.0,R7Z2,142.53311899628147,0.0,135.0,0.0,0.0,103.68204974395697,37.92963676958729,0.0,0.0,0.0,0.0,0.0,163.82364034207248,0.0,0.0,0.0,0.0,0.0,0.0
48,12.0,R7Z3,144.91077052022848,0.0,0.0,0.0,0.0,45.0,88.9327613703452,0.0,59.62825457718638,0.0,0.0,0.0,139.90689691671585,0.0,0.0,0.0,0.0,0.0,0.0
48,12.0,R7Z4,159.600741400112,0.0,0.0,125.86425195849682,108.67018139298744,9.135748041503177,0.0,0.0,29.81412728859319,0.0,0.0,0.0,68.26228149533233,0.0,0.0,0.0,0.0,0.0,0.0
48,12.0,R7Z5,111.29160754320343,0.0,0.0,44.704121568035376,111.80068486648209,7.105427357601002e-15,0.0,0.0,59.62825457718638,0.0,0.0,0.0,0.0,0.0,0.0,0.0,0.0,0.0,0.0
48,12.0,R7Z6,79.80656928845116,0.0,0.0,0.0,0.0,90.0,19.43487432509745,0.0,59.62825457718638,0.0,0.0,0.0,0.0,0.0,0.0,0.0,0.0,0.0,0.0
48,12.0,R7Z7,102.3379098596839,0.0,0.0,0.0,0.0,81.68017217259452,33.93364832648223,0.0,0.0,0.0,0.0,0.0,68.56861947036292,0.0,0.0,0.0,0.0,0.0,0.0
48,12.0,R7Z8,108.94234511587638,0.0,0.0,0.0,0.0,130.70293019927445,47.22843511951155,0.0,59.62825457718638,0.0,0.0,0.0,145.64498373608507,0.0,0.0,0.0,0.0,0.0,0.0
48,12.0,R7Z9,92.43443243737993,0.0,0.0,90.0,38.090399184353146,0.0,0.0,0.0,59.62825457718638,0.0,0.0,0.0,79.63285711027513,0.0,0.0,0.0,0.0,0.0,0.0
48,12.0,R8Z1,121.59208992297069,0.0,135.0,0.0,0.0,82.13093099931265,20.717234408299632,0.0,29.81412728859319,0.0,0.0,0.0,84.79580026430618,2.354085651465958,0.0,640.0,0.0,0.0,0.0
48,12.0,R8Z2,88.28809699396378,0.0,135.0,87.47420928784229,13.490397757887001,2.525790712157715,0.0,0.0,29.81412728859319,0.0,0.0,0.0,147.72169201331607,0.0,0.0,0.0,0.0,0.0,0.0
48,12.0,R8Z3,129.31362601217378,0.0,0.0,0.0,0.0,84.15969010714655,28.891164406353447,0.0,29.81412728859319,0.0,0.0,0.0,172.82391120366574,0.0,0.0,0.0,0.0,0.0,0.0
48,12.0,R8Z4,96.58708657013564,0.0,0.0,81.61482058835914,0.0,0.0,0.0,0.0,0.0,0.0,0.0,0.0,0.0,0.0,0.0,0.0,0.0,0.0,0.0
48,12.0,R8Z5,144.87815331189455,0.0,0.0,0.0,0.0,75.3062974114369,116.96054720894767,0.0,29.81412728859319,0.0,0.0,0.0,86.00623546259212,0.0,0.0,0.0,0.0,0.0,0.0
48,12.0,R8Z6,130.24237566737287,0.0,0.0,0.0,9.256546428002508,42.07352479161522,17.506727712822688,0.0,29.81412728859319,0.0,0.0,0.0,0.0,0.0,0.0,0.0,0.0,0.0,0.0
48,12.0,R8Z7,165.0254457604453,0.0,0.0,89.26960096015691,32.534977346977946,-1.4210854715202004e-14,0.0,0.0,0.0,0.0,0.0,0.0,79.68334575242142,0.0,0.0,0.0,0.0,0.0,0.0
48,12.0,R8Z8,116.57570403566122,0.0,0.0,90.0,142.3313478252989,0.0,0.0,0.0,29.81412728859319,0.0,0.0,0.0,84.72058023057258,0.0,0.0,0.0,0.0,0.0,0.0
48,12.0,R9Z1,108.79715653199383,0.0,135.0,0.0,34.799516780127156,38.23411018759034,4.718601891458512,0.0,29.81412728859319,0.0,0.0,0.0,0.0,2.354085651465958,0.0,640.0,0.0,0.0,0.0
48,12.0,R9Z2,127.62941432359611,0.0,135.0,0.0,0.0,42.051536499787225,29.485562074630565,0.0,29.81412728859319,0.0,0.0,0.0,75.33734738189231,2.354085651465958,0.0,640.0,0.0,0.0,0.0
48,12.0,R9Z3,117.4941456110947,0.0,0.0,0.0,0.0,76.0085494659678,0.0,0.0,59.62825457718638,0.0,0.0,0.0,138.48423410852848,0.0,0.0,0.0,0.0,0.0,0.0
48,12.0,R9Z4,120.99782673107654,0.0,0.0,90.0,154.11515033211518,0.0,0.0,0.0,29.81412728859319,0.0,0.0,0.0,72.63602330932555,0.0,0.0,0.0,0.0,0.0,0.0
48,12.0,R9Z5,94.77914938400662,0.0,0.0,0.0,64.96502209541342,80.04715071423429,40.40384953765701,0.0,29.81412728859319,0.0,0.0,0.0,151.282979486047,0.0,0.0,0.0,0.0,0.0,0.0
48,12.0,R9Z6,116.4913771546858,0.0,0.0,37.75698246426166,0.0,0.0,0.0,0.0,29.81412728859319,0.0,0.0,0.0,160.84805591879416,0.0,0.0,0.0,0.0,0.0,0.0
48,12.0,R9Z7,67.46426002285189,0.0,0.0,109.5820875524339,6.8024398722489465,7.474486638445583,0.0,0.0,0.0,0.0,0.0,0.0,77.08984983201651,0.0,0.0,0.0,0.0,0.0,0.0
48,12.0,R9Z8,121.5780226697703,0.0,0.0,82.85708134214825,7.215873110733593,0.0,0.0,0.0,29.81412728859319,0.0,0.0,0.0,72.03214377114581,0.0,0.0,0.0,0.0,0.0,0.0
48,12.0,R9Z9,159.8733421264364,0.0,0.0,76.86932111592603,39.83601415430701,7.830833889120626,0.0,0.0,0.0,0.0,0.0,0.0,163.46475724631915,0.0,0.0,0.0,0.0,0.0,0.0
48,12.0,R9Z10,66.41634827063997,0.0,0.0,0.0,0.0,76.9258468684878,149.37319803565558,0.0,0.0,0.0,0.0,0.0,0.0,0.0,0.0,0.0,0.0,0.0,0.0
48,12.0,R9Z11,107.08329299937654,0.0,0.0,0.0,0.0,40.27440709677428,52.75370698939121,0.0,0.0,0.0,0.0,0.0,161.55109079211113,0.0,0.0,0.0,0.0,0.0,0.0
48,12.0,R10Z1,98.10333764119535,0.0,0.0,0.0,0.0,45.0,46.57616281362806,0.0,0.0,0.0,0.0,0.0,70.81718302792848,2.354085651465958,0.0,640.0,0.0,0.0,0.0
48,12.0,R10Z2,109.3336873972189,0.0,0.0,81.47497000998318,81.52794206700109,0.0,0.0,0.0,0.0,0.0,0.0,0.0,168.651308368465,2.354085651465958,0.0,640.0,0.0,0.0,0.0
48,12.0,R10Z3,82.86771153931693,0.0,0.0,135.0,39.53343601406266,0.0,0.0,0.0,0.0,0.0,0.0,0.0,81.0698354816268,0.0,0.0,0.0,0.0,0.0,0.0
48,12.0,R10Z4,111.0450615411065,0.0,0.0,0.0,0.0,41.50891784503829,32.25237971791771,0.0,59.62825457718638,0.0,0.0,0.0,82.19598652788392,0.0,0.0,0.0,0.0,0.0,0.0
48,12.0,R10Z5,68.12092903615489,0.0,0.0,0.0,70.19050238285556,42.46372430057813,80.95144044531187,0.0,59.62825457718638,0.0,0.0,0.0,0.0,0.0,0.0,0.0,0.0,0.0,0.0
48,12.0,R10Z6,110.83039975926232,0.0,0.0,0.0,0.0,90.0,26.639243079544094,0.0,59.62825457718638,0.0,0.0,0.0,69.73536963216391,0.0,0.0,0.0,0.0,0.0,0.0
48,12.0,R10Z7,88.68082506454519,0.0,0.0,0.0,0.0,37.56259650447253,113.14724966435078,0.0,59.62825457718638,0.0,0.0,0.0,84.36408659961296,0.0,0.0,0.0,0.0,0.0,0.0
48,12.0,R10Z8,94.89797221793604,0.0,0.0,45.0,55.93421599569865,0.0,0.0,0.0,0.0,0.0,0.0,0.0,81.63631167794699,0.0,0.0,0.0,0.0,0.0,0.0
48,12.0,R10Z9,107.51534135279843,0.0,0.0,0.0,0.0,38.72665169805448,55.62725939690223,0.0,29.81412728859319,0.0,0.0,0.0,0.0,0.0,0.0,0.0,0.0,0.0,0.0
48,12.0,R11Z1,162.28275384749662,0.0,135.0,0.0,0.0,90.0,70.91071796234132,0.0,59.62825457718638,0.0,0.0,0.0,159.37472132655307,0.0,0.0,0.0,0.0,0.0,0.0
48,12.0,R11Z2,100.77079963176641,0.0,135.0,45.0,45.494386037692706,0.0,0.0,0.0,29.81412728859319,0.0,0.0,0.0,69.80221037897802,0.0,0.0,0.0,0.0,0.0,0.0
48,12.0,R11Z3,153.38700006122565,0.0,0.0,45.0,31.02408487462803,0.0,0.0,0.0,29.81412728859319,0.0,0.0,0.0,0.0,0.0,0.0,0.0,0.0,0.0,0.0
48,12.0,R11Z4,153.04255070748832,0.0,0.0,0.0,0.0,133.0066849597127,84.03759865957923,0.0,0.0,0.0,0.0,0.0,80.93037484476712,0.0,0.0,0.0,0.0,0.0,0.0
48,12.0,R11Z5,112.35744146138478,0.0,0.0,0.0,0.0,41.78592249492224,35.277556760075605,0.0,29.81412728859319,0.0,0.0,0.0,88.61468446252358,0.0,0.0,0.0,0.0,0.0,0.0
48,12.0,R11Z6,113.87146911303182,0.0,0.0,0.0,0.0,45.0,44.28157870938344,0.0,0.0,0.0,0.0,0.0,0.0,0.0,0.0,0.0,0.0,0.0,0.0
48,12.0,R11Z7,104.77974342611913,0.0,0.0,41.450599117507025,71.91333529545626,1.7306751068784578,0.0,0.0,29.81412728859319,0.0,0.0,0.0,0.0,0.0,0.0,0.0,0.0,0.0,0.0
48,12.0,R11Z8,103.17991233210488,0.0,0.0,81.87197336278345,131.74302624209184,0.0,0.0,0.0,29.81412728859319,0.0,0.0,0.0,159.22062709406424,0.0,0.0,0.0,0.0,0.0,0.0
48,12.0,R12Z1,79.15875781702577,0.0,135.0,0.0,0.0,113.6468615592954,107.39854830288509,0.0,59.62825457718638,0.0,0.0,0.0,137.45030218334236,0.0,0.0,0.0,0.0,0.0,0.0
48,12.0,R12Z2,106.02130682201825,0.0,135.0,0.0,0.0,36.39051479565179,132.01441976295405,0.0,29.81412728859319,0.0,0.0,0.0,87.67435228523767,0.0,0.0,0.0,0.0,0.0,0.0
48,12.0,R12Z3,104.99860462833138,0.0,0.0,12.974574604932542,0.0,122.02542539506746,0.0,0.0,29.81412728859319,0.0,0.0,0.0,158.86607432489214,0.0,0.0,0.0,0.0,0.0,0.0
48,12.0,R12Z4,115.7690093588745,0.0,0.0,135.0,25.21049136163478,0.0,0.0,0.0,0.0,0.0,0.0,0.0,0.0,0.0,0.0,0.0,0.0,0.0,0.0
48,12.0,R12Z5,101.69095264021644,0.0,0.0,39.44272928478427,42.62073194665086,-7.105427357601002e-15,0.0,0.0,0.0,0.0,0.0,0.0,150.40140941623113,0.0,0.0,0.0,0.0,0.0,0.0
48,12.0,R12Z6,116.13407725344149,0.0,0.0,72.72101062244106,0.0,0.0,0.0,0.0,0.0,0.0,0.0,0.0,0.0,0.0,0.0,0.0,0.0,0.0,0.0
48,12.0,R12Z7,120.42439783145366,0.0,0.0,0.0,0.0,121.11198433507937,62.885768755060305,0.0,59.62825457718638,0.0,0.0,0.0,0.0,0.0,0.0,0.0,0.0,0.0,0.0
48,12.0,R12Z8,171.94933800810088,0.0,0.0,80.12769253277628,45.48889271727734,0.0,0.0,0.0,0.0,0.0,0.0,0.0,72.64480878743052,0.0,0.0,0.0,0.0,0.0,0.0
48,12.0,R12Z9,90.04896884755996,0.0,0.0,0.0,0.0,45.0,0.0,0.0,59.62825457718638,0.0,0.0,0.0,164.8254809705768,0.0,0.0,0.0,0.0,0.0,0.0
49,12.25,R1Z1,116.32311402974686,0.0,0.0,114.49156520090605,97.05975623415571,-1.4210854715202004e-14,0.0,0.0,68.90663000188844,0.0,0.0,0.0,150.5651239291075,0.0,0.0,583.8355451415634,0.0,0.0,0.0
49,12.25,R1Z2,56.47002079076349,0.0,0.0,38.344035260455044,9.907342524184276,-7.105427357601002e-15,0.0,0.0,68.90663000188844,0.0,16.11889878990479,0.0,179.5752004462776,0.0,0.0,0.0,0.0,0.0,0.0
49,12.25,R1Z3,144.18667183482228,0.0,0.0,122.01078361079776,31.872605200458036,1.4210854715202004e-14,0.0,0.0,34.45331500094422,0.0,88.71912018323727,0.0,157.86832137438364,0.0,0.0,0.0,0.0,0.0,0.0
49,12.25,R1Z4,100.22058422821158,0.0,0.0,128.87497270290785,21.7637540478221,0.0,0.0,0.0,68.90663000188844,0.0,0.0,0.0,0.0,0.0,0.0,0.0,0.0,0.0,0.0
49,12.25,R1Z5,121.7601148388649,0.0,0.0,83.80649258739535,12.505676070055161,0.0,0.0,0.0,68.90663000188844,0.0,0.0,0.0,0.0,0.0,0.0,0.0,0.0,0.0,0.0
49,12.25,R1Z6,67.78838205474993,0.0,0.0,132.41587517912257,21.984789774509395,0.0,0.0,0.0,0.0,0.0,45.0,0.0,74.99861236972092,0.0,0.0,0.0,0.0,0.0,0.0
49,12.25,R1Z7,113.75306758943522,0.0,0.0,40.18191853579956,14.949608221049628,0.0,0.0,0.0,34.45331500094422,0.0,45.0,0.0,68.16908630275528,0.0,0.0,0.0,0.0,0.0,0.0
49,12.25,R1Z8,58.108302534804075,0.0,0.0,45.0,16.591513243445352,0.0,0.0,0.0,0.0,0.0,0.0,0.0,0.0,0.0,0.0,0.0,0.0,0.0,0.0
49,12.25,R1Z9,111.06319536023389,0.0,0.0,85.26588340468662,69.07256745637865,-1.4210854715202004e-14,0.0,0.0,0.0,0.0,23.336092826607597,0.0,147.81227326711235,0.0,0.0,0.0,0.0,0.0,0.0
49,12.25,R1Z10,91.08973108538191,0.0,0.0,134.14032619635464,16.658107148556326,0.0,0.0,0.0,0.0,0.0,0.0,0.0,158.0450516774045,0.0,0.0,0.0,0.0,0.0,0.0
49,12.25,R2Z1,95.81919742004169,0.0,135.0,0.0,0.0,135.0,37.30292056428807,0.0,0.0,0.0,0.0,0.0,74.07929472390724,2.354085651465958,0.0,640.0,0.0,0.0,0.0
49,12.25,R2Z2,92.31767061594712,0.0,135.0,90.0,8.375123842309941,0.0,0.0,0.0,0.0,0.0,0.0,0.0,80.06691353555149,2.354085651465958,0.0,640.0,0.0,0.0,0.0
49,12.25,R2Z3,104.22134718962394,0.0,0.0,135.0,15.277556694165238,0.0,0.0,0.0,34.45331500094422,0.0,0.0,0.0,69.30923651150394,0.0,0.0,0.0,0.0,0.0,0.0
49,12.25,R2Z4,122.49150820578262,0.0,0.0,42.51123127650234,81.07432265740144,7.105427357601002e-15,0.0,0.0,68.90663000188844,0.0,0.0,0.0,0.0,0.0,0.0,0.0,0.0,0.0,0.0
49,12.25,R2Z5,117.06503346859078,0.0,0.0,0.0,0.0,45.0,89.76779658963665,0.0,34.45331500094422,0.0,0.0,0.0,0.0,0.0,0.0,0.0,0.0,0.0,0.0
49,12.25,R2Z6,100.15402625009217,0.0,0.0,0.0,0.0,79.11234035231298,97.5941274271324,0.0,68.90663000188844,0.0,0.0,0.0,167.34610731855707,0.0,0.0,0.0,0.0,0.0,0.0
49,12.25,R2Z7,135.51373850713762,0.0,0.0,0.0,0.0,44.55055890336248,27.57479034181098,0.0,68.90663000188844,0.0,0.0,0.0,85.5038693690469,0.0,0.0,0.0,0.0,0.0,0.0
49,12.25,R2Z8,96.88631269697642,0.0,0.0,0.0,0.0,118.36466372345225,49.55122129949511,0.0,0.0,0.0,0.0,0.0,88.10867521196268,0.0,0.0,0.0,0.0,0.0,0.0
49,12.25,R2Z9,113.87183949136907,0.0,0.0,36.719834121021194,112.06203990397225,-7.105427357601002e-15,0.0,0.0,34.45331500094422,0.0,0.0,0.0,80.58566819459013,0.0,0.0,0.0,0.0,0.0,0.0
49,12.25,R3Z1,79.36687977086903,0.0,0.0,0.0,0.0,123.37793230018889,25.29001467610435,0.0,0.0,0.0,0.0,0.0,0.0,0.0,0.0,0.0,0.0,0.0,0.0
49,12.25,R3Z2,91.02863263927154,0.0,0.0,120.27704481791666,52.64055374666104,-1.4210854715202004e-14,0.0,0.0,68.90663000188844,0.0,0.0,0.0,160.5148702201067,0.0,0.0,0.0,0.0,0.0,0.0
49,12.25,R3Z3,100.20360999352053,0.0,0.0,0.0,0.0,45.0,9.519462141198765,0.0,34.45331500094422,0.0,0.0,0.0,0.0,0.0,0.0,0.0,0.0,0.0,0.0
49,12.25,R4Z1,128.23085318637135,0.0,135.0,36.39180272012554,77.366328926713,0.0,0.0,0.0,68.90663000188844,0.0,0.0,0.0,79.41244660045315,0.0,0.0,0.0,0.0,0.0,0.0
49,12.25,R4Z2,131.23424594616213,0.0,0.0,28.19753801640787,32.93624779287358,106.80246198359214,0.0,0.0,68.90663000188844,0.0,0.0,0.0,156.98704148639536,0.0,0.0,0.0,0.0,0.0,0.0
49,12.25,R4Z3,113.78181140951892,0.0,0.0,0.0,0.0,85.10998815072067,59.74185633955123,0.0,0.0,0.0,0.0,0.0,0.0,0.0,0.0,0.0,0.0,0.0,0.0
49,12.25,R4Z4,126.9439164381868,0.0,0.0,0.0,0.0,45.0,19.482015065389472,0.0,0.0,0.0,0.0,0.0,0.0,0.0,0.0,0.0,0.0,0.0,0.0
49,12.25,R4Z5,136.67438884937872,0.0,0.0,45.0,26.96076929333671,0.0,0.0,0.0,68.90663000188844,0.0,0.0,0.0,0.0,0.0,0.0,0.0,0.0,0.0,0.0
49,12.25,R4Z6,87.60470053823043,0.0,0.0,0.0,0.0,90.0,23.505101314047145,0.0,68.90663000188844,0.0,0.0,0.0,149.4094881152545,0.0,0.0,0.0,0.0,0.0,0.0
49,12.25,R4Z7,107.47354572988569,0.0,0.0,0.0,0.0,90.0,83.40189800361881,0.0,68.90663000188844,0.0,0.0,0.0,0.0,0.0,0.0,0.0,0.0,0.0,0.0
49,12.25,R4Z8,136.33393751354276,0.0,0.0,83.66611837828583,33.93288887156146,0.0,0.0,0.0,68.90663000188844,0.0,0.0,0.0,0.0,0.0,0.0,0.0,0.0,0.0,0.0
49,12.25,R4Z9,115.5487677236892,0.0,0.0,0.0,0.0,87.8691034481031,46.31138121403331,0.0,0.0,0.0,0.0,0.0,86.47979497998949,0.0,0.0,0.0,0.0,0.0,0.0
49,12.25,R4Z10,81.38252188431487,0.0,0.0,35.70360122674394,97.42527452948981,0.0,0.0,0.0,0.0,0.0,0.0,0.0,88.09906233810561,0.0,0.0,0.0,0.0,0.0,0.0
49,12.25,R4Z11,95.74296448360359,0.0,0.0,78.06108907977665,73.49221926313564,0.0,0.0,0.0,34.45331500094422,0.0,0.0,0.0,81.50378862181364,0.0,0.0,0.0,0.0,0.0,0.0
49,12.25,R5Z1,122.75567508015953,0.0,135.0,0.0,9.153866936853632,135.0,17.86622266472723,0.0,0.0,0.0,0.0,0.0,71.15592141036372,0.0,0.0,0.0,0.0,0.0,0.0
49,12.25,R5Z2,91.26176321297275,0.0,135.0,0.0,0.0,37.71523638185914,16.355584515615814,0.0,34.45331500094422,595.9394580021076,0.0,0.0,169.30297226657203,0.0,0.0,0.0,0.0,0.0,0.0
49,12.25,R5Z3,104.71967917673388,0.0,0.0,0.0,0.0,124.42779838454847,30.30586116746342,0.0,34.45331500094422,0.0,0.0,0.0,143.60153302323326,0.0,0.0,0.0,0.0,0.0,0.0
49,12.25,R5Z4,74.06864367920853,0.0,0.0,96.27782004537447,18.345323336330676,24.88291007948628,0.0,0.0,68.90663000188844,0.0,0.0,0.0,0.0,0.0,0.0,0.0,0.0,0.0,0.0
49,12.25,R5Z5,94.78501395300843,0.0,0.0,45.0,53.9063432041433,0.0,0.0,0.0,34.45331500094422,0.0,0.0,0.0,79.00381229446003,0.0,0.0,0.0,0.0,0.0,0.0
49,12.25,R5Z6,133.18234582926726,0.0,0.0,0.0,0.0,45.0,25.68460638807707,0.0,68.90663000188844,0.0,0.0,0.0,160.37058782995504,0.0,0.0,0.0,0.0,0.0,0.0
49,12.25,R5Z7,76.19578656200271,0.0,0.0,0.0,0.0,84.09940102878065,29.104788548598005,0.0,0.0,0.0,0.0,0.0,87.00680167779811,0.0,0.0,0.0,0.0,0.0,0.0
49,12.25,R5Z8,123.28696256985322,0.0,0.0,90.0,62.45539396443078,0.0,0.0,0.0,34.45331500094422,0.0,0.0,0.0,161.94022435235237,0.0,0.0,0.0,0.0,0.0,0.0
49,12.25,R5Z9,78.65021664803412,0.0,0.0,118.63513001178947,99.26247011597363,1.4210854715202004e-14,0.0,0.0,0.0,0.0,0.0,0.0,84.37241158937313,0.0,0.0,0.0,0.0,0.0,0.0
49,12.25,R6Z1,110.9661991080802,0.0,135.0,83.15946526182665,19.43127646184376,1.4210854715202004e-14,0.0,0.0,0.0,0.0,0.0,0.0,0.0,2.354085651465958,0.0,640.0,0.0,0.0,0.0
49,12.25,R6Z2,118.31406357680943,0.0,135.0,0.0,0.0,88.5790028458339,52.85351369717317,0.0,68.90663000188844,0.0,0.0,0.0,137.44513827046927,2.354085651465958,0.0,640.0,0.0,0.0,0.0
49,12.25,R6Z3,172.9856614623262,0.0,0.0,0.0,0.0,122.37349398172972,70.96318986029614,0.0,34.45331500094422,0.0,0.0,0.0,80.94923896816861,0.0,0.0,0.0,0.0,0.0,0.0
49,12.25,R6Z4,88.61778362825126,0.0,0.0,0.0,0.0,42.30714473726197,72.74165471658918,0.0,34.45331500094422,0.0,0.0,0.0,76.75721564119337,0.0,0.0,0.0,0.0,0.0,0.0
49,12.25,R7Z1,155.81514425821928,0.0,135.0,0.0,0.0,90.0,96.16286395402393,0.0,34.45331500094422,0.0,0.0,0.0,0.0,2.354085651465958,0.0,640.0,0.0,0.0,0.0
49,12.25,R7Z2,117.80252084581244,0.0,135.0,110.3409033249101,15.313880044325312,0.0,0.0,0.0,0.0,0.0,0.0,0.0,163.64044826302697,0.0,0.0,0.0,0.0,0.0,0.0
49,12.25,R7Z3,151.35596239048596,0.0,0.0,0.0,0.0,45.0,64.52401092901712,0.0,68.90663000188844,0.0,0.0,0.0,139.75044919485188,0.0,0.0,0.0,0.0,0.0,0.0
49,12.25,R7Z4,155.07836776584944,0.0,0.0,135.0,30.103499845145365,0.0,0.0,0.0,34.45331500094422,0.0,0.0,0.0,68.18594874359144,0.0,0.0,0.0,0.0,0.0,0.0
49,12.25,R7Z5,133.5897153766558,0.0,0.0,0.0,0.0,40.74598305084596,0.0,0.0,68.90663000188844,0.0,0.0,0.0,0.0,0.0,0.0,0.0,0.0,0.0,0.0
49,12.25,R7Z6,82.88664190613648,0.0,0.0,0.0,0.0,90.0,14.054780647169682,0.0,68.90663000188844,0.0,0.0,0.0,0.0,0.0,0.0,0.0,0.0,0.0,0.0
49,12.25,R7Z7,107.88455599515528,0.0,0.0,0.0,0.0,85.19271771704156,85.49158185251797,0.0,0.0,0.0,0.0,0.0,68.49194416311283,0.0,0.0,0.0,0.0,0.0,0.0
49,12.25,R7Z8,108.41510053947711,0.0,0.0,53.354464558173376,57.23355262628532,80.87662869989778,0.0,0.0,68.90663000188844,0.0,0.0,0.0,145.48211952846856,0.0,0.0,0.0,0.0,0.0,0.0
49,12.25,R7Z9,99.243636900115,0.0,0.0,0.0,0.0,90.0,76.83496828962488,0.0,68.90663000188844,0.0,0.0,0.0,79.54380946962995,0.0,0.0,0.0,0.0,0.0,0.0
49,12.25,R8Z1,132.18968923937686,0.0,135.0,0.0,0.0,77.49857338987123,90.11134720843066,0.0,34.45331500094422,0.0,0.0,0.0,84.70097927929869,2.354085651465958,0.0,640.0,0.0,0.0,0.0
49,12.25,R8Z2,105.37048209489699,0.0,135.0,0.0,0.0,90.0,152.5990963048506,0.0,34.45331500094422,0.0,0.0,0.0,147.55650557365732,0.0,0.0,0.0,0.0,0.0,0.0
49,12.25,R8Z3,114.54248590711123,0.0,0.0,0.0,0.0,85.54213659981926,64.86402351471864,0.0,34.45331500094422,0.0,0.0,0.0,172.6306547753745,0.0,0.0,0.0,0.0,0.0,0.0
49,12.25,R8Z4,102.94684706094058,0.0,0.0,0.0,0.0,76.77430178133709,70.9915389533801,0.0,0.0,0.0,0.0,0.0,0.0,0.0,0.0,0.0,0.0,0.0,0.0
49,12.25,R8Z5,130.66965281279266,0.0,0.0,0.6917854502352583,64.55304121740497,75.43032084425103,0.0,0.0,34.45331500094422,0.0,0.0,0.0,85.91006093581215,0.0,0.0,0.0,0.0,0.0,0.0
49,12.25,R8Z6,120.6405958310884,0.0,0.0,39.743346890514616,111.95578922974859,-7.105427357601002e-15,0.0,0.0,34.45331500094422,0.0,0.0,0.0,0.0,0.0,0.0,0.0,0.0,0.0,0.0
49,12.25,R8Z7,137.29705238061362,0.0,0.0,0.0,0.0,90.0,43.51700823967313,0.0,0.0,0.0,0.0,0.0,79.59424165399454,0.0,0.0,0.0,0.0,0.0,0.0
49,12.25,R8Z8,115.01588825592744,0.0,0.0,90.0,57.99671040227841,0.0,0.0,0.0,34.45331500094422,0.0,0.0,0.0,84.62584335866585,0.0,0.0,0.0,0.0,0.0,0.0
49,12.25,R9Z1,102.74013099041733,0.0,135.0,37.174557757117256,31.706662843177984,-7.105427357601002e-15,0.0,0.0,34.45331500094422,0.0,0.0,0.0,0.0,2.354085651465958,0.0,640.0,0.0,0.0,0.0
49,12.25,R9Z2,118.3142160307204,0.0,135.0,0.0,0.0,42.7888000763853,40.727065342652295,0.0,34.45331500094422,0.0,0.0,0.0,75.25310309780825,2.354085651465958,0.0,640.0,0.0,0.0,0.0
49,12.25,R9Z3,93.36814235295053,0.0,0.0,0.0,0.0,74.10889470723865,11.093714042181986,0.0,68.90663000188844,0.0,0.0,0.0,138.32937724715978,0.0,0.0,0.0,0.0,0.0,0.0
49,12.25,R9Z4,116.85832142576434,0.0,0.0,0.0,0.0,90.0,101.11335482825949,0.0,34.45331500094422,0.0,0.0,0.0,72.55479971976393,0.0,0.0,0.0,0.0,0.0,0.0
49,12.25,R9Z5,111.33663888745353,0.0,0.0,0.0,0.0,79.52276478409426,118.24637112439792,0.0,34.45331500094422,0.0,0.0,0.0,151.1138107172516,0.0,0.0,0.0,0.0,0.0,0.0
49,12.25,R9Z6,120.21760636562709,0.0,0.0,42.20232945278461,41.43942255036758,7.105427357601002e-15,0.0,0.0,34.45331500094422,0.0,0.0,0.0,160.6681912197027,0.0,0.0,0.0,0.0,0.0,0.0
49,12.25,R9Z7,71.49661703071362,0.0,0.0,118.50984238946977,0.0,0.0,0.0,0.0,0.0,0.0,0.0,0.0,77.00364585172072,0.0,0.0,0.0,0.0,0.0,0.0
49,12.25,R9Z8,140.31300035226133,0.0,0.0,84.89934103083873,38.55203709329248,2.979454357791113,0.0,0.0,34.45331500094422,0.0,0.0,0.0,71.95159545621405,0.0,0.0,0.0,0.0,0.0,0.0
49,12.25,R9Z9,168.10948754644502,0.0,0.0,0.0,0.0,88.60638606779851,24.63361391059665,0.0,0.0,0.0,0.0,0.0,163.28196648017516,0.0,0.0,0.0,0.0,0.0,0.0
49,12.25,R9Z10,78.03524349419747,0.0,0.0,80.17898028328896,108.2473892503587,0.0,0.0,0.0,0.0,0.0,0.0,0.0,0.0,0.0,0.0,0.0,0.0,0.0,0.0
49,12.25,R9Z11,82.36876753581038,0.0,0.0,42.99600388064195,0.0,0.0,0.0,0.0,0.0,0.0,0.0,0.0,161.37043994017986,0.0,0.0,0.0,0.0,0.0,0.0
49,12.25,R10Z1,99.57089152814105,0.0,0.0,0.0,0.0,45.0,84.41225696890703,0.0,0.0,0.0,0.0,0.0,70.73799331535741,2.354085651465958,0.0,640.0,0.0,0.0,0.0
49,12.25,R10Z2,112.28713160446495,0.0,0.0,0.0,0.0,77.24600935618356,91.96715065830392,0.0,0.0,0.0,0.0,0.0,168.46271785888254,2.354085651465958,0.0,640.0,0.0,0.0,0.0
49,12.25,R10Z3,80.91022388056992,0.0,0.0,0.0,0.0,135.0,49.5523039734602,0.0,0.0,0.0,0.0,0.0,80.97918097243175,0.0,0.0,0.0,0.0,0.0,0.0
49,12.25,R10Z4,107.22667800004125,0.0,0.0,0.0,0.0,39.060145949302864,27.024139287951353,0.0,68.90663000188844,0.0,0.0,0.0,82.10407272576232,0.0,0.0,0.0,0.0,0.0,0.0
49,12.25,R10Z5,66.44434210101093,0.0,0.0,41.50420974874457,121.92618848278597,0.0,0.0,0.0,68.90663000188844,0.0,0.0,0.0,0.0,0.0,0.0,0.0,0.0,0.0,0.0
49,12.25,R10Z6,95.96980555674776,0.0,0.0,0.0,0.0,90.0,47.797460791763555,0.0,68.90663000188844,0.0,0.0,0.0,69.65738963294494,0.0,0.0,0.0,0.0,0.0,0.0
49,12.25,R10Z7,98.14811742990743,0.0,0.0,38.31477504029971,76.69533801734042,0.0,0.0,0.0,68.90663000188844,0.0,0.0,0.0,84.26974836864282,0.0,0.0,0.0,0.0,0.0,0.0
49,12.25,R10Z8,99.28620745077598,0.0,0.0,0.0,0.0,45.0,36.69847941384718,0.0,0.0,0.0,0.0,0.0,81.54502371956282,0.0,0.0,0.0,0.0,0.0,0.0
49,12.25,R10Z9,94.78594435476218,0.0,0.0,40.504194968866784,66.27835348956388,0.0,0.0,0.0,34.45331500094422,0.0,0.0,0.0,0.0,0.0,0.0,0.0,0.0,0.0,0.0
49,12.25,R11Z1,167.31649222787524,0.0,135.0,21.613233902051434,99.84855988448876,68.38676609794857,0.0,0.0,68.90663000188844,0.0,0.0,0.0,159.1965041505329,0.0,0.0,0.0,0.0,0.0,0.0
49,12.25,R11Z2,109.26569454854426,0.0,135.0,45.0,36.27783982681572,0.0,0.0,0.0,34.45331500094422,0.0,0.0,0.0,69.7241556366063,0.0,0.0,0.0,0.0,0.0,0.0
49,12.25,R11Z3,132.95291653085204,0.0,0.0,0.0,0.0,45.0,38.70511275143321,0.0,34.45331500094422,0.0,0.0,0.0,0.0,0.0,0.0,0.0,0.0,0.0,0.0
49,12.25,R11Z4,137.810566717632,0.0,0.0,123.60060531232283,89.99427153449535,0.0,0.0,0.0,0.0,0.0,0.0,0.0,80.83987628427371,0.0,0.0,0.0,0.0,0.0,0.0
49,12.25,R11Z5,113.94808309469039,0.0,0.0,39.11183572850389,27.450932984262565,0.0,0.0,0.0,34.45331500094422,0.0,0.0,0.0,88.51559309666969,0.0,0.0,0.0,0.0,0.0,0.0
49,12.25,R11Z6,102.06446618019629,0.0,0.0,0.0,56.53996703098389,45.0,1.6056675850219335,0.0,0.0,0.0,0.0,0.0,0.0,0.0,0.0,0.0,0.0,0.0,0.0
49,12.25,R11Z7,122.77121982017394,0.0,0.0,0.0,0.0,41.43959883673663,115.60788385360071,0.0,34.45331500094422,0.0,0.0,0.0,0.0,0.0,0.0,0.0,0.0,0.0,0.0
49,12.25,R11Z8,83.32220930531597,0.0,0.0,0.0,0.0,86.81434452276515,31.997385846469395,0.0,34.45331500094422,0.0,0.0,0.0,159.0425822304329,0.0,0.0,0.0,0.0,0.0,0.0
49,12.25,R12Z1,76.1335265602983,0.0,135.0,127.29878198890746,13.516014376101978,0.0,0.0,0.0,68.90663000188844,0.0,0.0,0.0,137.29660149295466,0.0,0.0,0.0,0.0,0.0,0.0
49,12.25,R12Z2,126.15455729467031,0.0,135.0,0.0,0.0,41.54938592184556,62.01046597248314,0.0,34.45331500094422,0.0,0.0,0.0,87.57631242456455,0.0,0.0,0.0,0.0,0.0,0.0
49,12.25,R12Z3,94.48930850028508,0.0,0.0,0.0,0.0,135.0,6.249472328551922,0.0,34.45331500094422,0.0,0.0,0.0,158.68842593187262,0.0,0.0,0.0,0.0,0.0,0.0
49,12.25,R12Z4,125.82930139338188,0.0,0.0,56.40149070604882,29.652654871563744,78.59850929395118,0.0,0.0,0.0,0.0,0.0,0.0,0.0,0.0,0.0,0.0,0.0,0.0,0.0
49,12.25,R12Z5,94.81302315012414,0.0,0.0,0.0,0.0,45.0,4.541231983375923,0.0,0.0,0.0,0.0,0.0,150.2332264432194,0.0,0.0,0.0,0.0,0.0,0.0
49,12.25,R12Z6,117.41429903758473,0.0,0.0,73.88129700093205,37.32343450920538,0.0,0.0,0.0,0.0,0.0,0.0,0.0,0.0,0.0,0.0,0.0,0.0,0.0,0.0
49,12.25,R12Z7,128.319709222945,0.0,0.0,134.3266724955572,0.0,0.0,0.0,0.0,68.90663000188844,0.0,0.0,0.0,0.0,0.0,0.0,0.0,0.0,0.0,0.0
49,12.25,R12Z8,124.10107566077801,0.0,0.0,0.0,0.0,79.43333317111653,58.88899328741657,0.0,0.0,0.0,0.0,0.0,72.5635753737068,0.0,0.0,0.0,0.0,0.0,0.0
49,12.25,R12Z9,107.93719091625825,0.0,0.0,44.99999999999999,25.693194238813568,7.105427357601002e-15,0.0,0.0,68.90663000188844,0.0,0.0,0.0,164.64116860591668,0.0,0.0,0.0,0.0,0.0,0.0
50,12.5,R1Z1,111.79155916994651,0.0,0.0,119.72745460187724,154.53388086256103,2.842170943040401e-14,0.0,0.0,44.14495022697335,0.0,0.0,0.0,150.39675788604603,0.0,0.0,583.3347818868571,0.0,0.0,0.0
50,12.5,R1Z2,69.31755160807438,0.0,0.0,39.37752625004845,151.07137652138357,-7.105427357601002e-15,0.0,0.0,44.14495022697335,0.0,0.0,0.0,179.37439454154935,0.0,0.0,0.0,0.0,0.0,0.0
50,12.5,R1Z3,112.8436257768565,0.0,0.0,124.50514294863879,34.57415652935791,-1.4210854715202004e-14,0.0,0.0,22.072475113486675,0.0,90.0,0.0,179.37439454154935,0.0,0.0,0.0,0.0,0.0,0.0
50,12.5,R1Z4,85.6330315050818,0.0,0.0,129.30553911281856,49.384323753427665,2.842170943040401e-14,0.0,0.0,44.14495022697335,0.0,0.0,0.0,0.0,0.0,0.0,0.0,0.0,0.0,0.0
50,12.5,R1Z5,86.64107226379063,0.0,0.0,73.11194736559662,0.0,0.0,0.0,0.0,44.14495022697335,0.0,0.0,0.0,0.0,0.0,0.0,0.0,0.0,0.0,0.0
50,12.5,R1Z6,98.53227435577931,0.0,0.0,126.13095578826614,30.905872655556376,1.4210854715202004e-14,0.0,0.0,0.0,0.0,45.0,0.0,85.75604979116181,0.0,0.0,0.0,0.0,0.0,0.0
50,12.5,R1Z7,116.15751789743189,0.0,0.0,40.62381205665081,7.031839906740933,0.0,0.0,0.0,22.072475113486675,0.0,45.0,0.0,78.93416068719182,0.0,0.0,0.0,0.0,0.0,0.0
50,12.5,R1Z8,65.29346099588231,0.0,0.0,42.88868160004623,18.20612544095414,0.0,0.0,0.0,0.0,0.0,0.0,0.0,0.0,0.0,0.0,0.0,0.0,0.0,0.0
50,12.5,R1Z9,102.16401536919813,0.0,0.0,90.0,5.6231704051117815,0.0,0.0,0.0,0.0,0.0,42.42664520662208,0.0,157.86832137438364,0.0,0.0,0.0,0.0,0.0,0.0
50,12.5,R1Z10,90.83537596971779,0.0,0.0,124.39198990225549,4.490898858203107,0.0,0.0,0.0,0.0,0.0,0.0,0.0,157.86832137438364,0.0,0.0,0.0,0.0,0.0,0.0
50,12.5,R2Z1,104.776226579828,0.0,135.0,0.0,0.0,135.0,54.92277979407791,0.0,0.0,0.0,0.0,0.0,73.99645722874256,2.354085651465958,0.0,640.0,0.0,0.0,0.0
50,12.5,R2Z2,92.3246433782193,0.0,135.0,0.0,0.0,90.0,19.8319270808418,0.0,0.0,0.0,0.0,0.0,79.97738052112996,2.354085651465958,0.0,640.0,0.0,0.0,0.0
50,12.5,R2Z3,115.59952027581659,0.0,0.0,135.0,29.369623442878215,0.0,0.0,0.0,22.072475113486675,0.0,0.0,0.0,69.23173302600522,0.0,0.0,0.0,0.0,0.0,0.0
50,12.5,R2Z4,117.11997567061663,0.0,0.0,0.0,0.0,43.45892506293737,37.382731479911435,0.0,44.14495022697335,0.0,0.0,0.0,0.0,0.0,0.0,0.0,0.0,0.0,0.0
50,12.5,R2Z5,117.18512624330602,0.0,0.0,0.0,0.0,45.0,108.82771362060602,0.0,22.072475113486675,0.0,0.0,0.0,0.0,0.0,0.0,0.0,0.0,0.0,0.0
50,12.5,R2Z6,103.21723966641257,0.0,0.0,82.25675517033174,16.076991034465347,2.490532265426026,0.0,0.0,44.14495022697335,0.0,0.0,0.0,167.15897632051644,0.0,0.0,0.0,0.0,0.0,0.0
50,12.5,R2Z7,144.28951170560592,0.0,0.0,45.0,45.80875391889866,0.0,0.0,0.0,44.14495022697335,0.0,0.0,0.0,85.40825660178422,0.0,0.0,0.0,0.0,0.0,0.0
50,12.5,R2Z8,94.8387826635769,0.0,0.0,118.35020917749978,49.630212410474314,1.4210854715202004e-14,0.0,0.0,0.0,0.0,0.0,0.0,88.01014967950397,0.0,0.0,0.0,0.0,0.0,0.0
50,12.5,R2Z9,96.08562368961428,0.0,0.0,0.0,0.0,36.90881657443396,84.49859875051439,0.0,22.072475113486675,0.0,0.0,0.0,80.49555509450876,0.0,0.0,0.0,0.0,0.0,0.0
50,12.5,R3Z1,69.55624606561206,0.0,0.0,135.0,32.91241951054312,0.0,0.0,0.0,0.0,0.0,0.0,0.0,0.0,0.0,0.0,0.0,0.0,0.0,0.0
50,12.5,R3Z2,97.05939997550833,0.0,0.0,0.0,0.0,119.19057253784376,154.79577205935004,0.0,44.14495022697335,0.0,0.0,0.0,160.33537809838396,0.0,0.0,0.0,0.0,0.0,0.0
50,12.5,R3Z3,90.37947694198367,0.0,0.0,41.24056517813116,15.346384177069163,0.0,0.0,0.0,22.072475113486675,0.0,0.0,0.0,0.0,0.0,0.0,0.0,0.0,0.0,0.0
50,12.5,R4Z1,98.34798085460905,0.0,135.0,41.07862190750231,86.15219844871946,0.0,0.0,0.0,44.14495022697335,0.0,0.0,0.0,79.32364542887345,0.0,0.0,0.0,0.0,0.0,0.0
50,12.5,R4Z2,133.35718700573472,0.0,0.0,135.0,26.96297333260989,0.0,0.0,0.0,44.14495022697335,0.0,0.0,0.0,156.8114942793314,0.0,0.0,0.0,0.0,0.0,0.0
50,12.5,R4Z3,100.94825566010039,0.0,0.0,80.0850107963739,100.44977410817506,0.0,0.0,0.0,0.0,0.0,0.0,0.0,0.0,0.0,0.0,0.0,0.0,0.0,0.0
50,12.5,R4Z4,133.28714553586266,0.0,0.0,45.0,25.131379889135328,0.0,0.0,0.0,0.0,0.0,0.0,0.0,0.0,0.0,0.0,0.0,0.0,0.0,0.0
50,12.5,R4Z5,116.95437245191587,0.0,0.0,0.0,0.0,45.0,75.06293358213958,0.0,44.14495022697335,0.0,0.0,0.0,0.0,0.0,0.0,0.0,0.0,0.0,0.0
50,12.5,R4Z6,80.98013719580419,0.0,0.0,0.0,0.0,90.0,14.053524086691622,0.0,44.14495022697335,0.0,0.0,0.0,149.2424143357938,0.0,0.0,0.0,0.0,0.0,0.0
50,12.5,R4Z7,92.67461534582797,0.0,0.0,90.00000000000001,50.184719310449154,-1.4210854715202004e-14,0.0,0.0,44.14495022697335,0.0,0.0,0.0,0.0,0.0,0.0,0.0,0.0,0.0,0.0
50,12.5,R4Z8,146.0810982196702,0.0,0.0,18.79462483196751,23.520733327410554,63.8510184719844,0.0,0.0,44.14495022697335,0.0,0.0,0.0,0.0,0.0,0.0,0.0,0.0,0.0,0.0
50,12.5,R4Z9,104.71247430847473,0.0,0.0,89.84078666482785,126.5252263473237,0.0,0.0,0.0,0.0,0.0,0.0,0.0,86.38309090599422,0.0,0.0,0.0,0.0,0.0,0.0
50,12.5,R4Z10,99.41305744373994,0.0,0.0,0.0,0.0,38.555513698298,136.51416000978406,0.0,0.0,0.0,0.0,0.0,88.00054755502559,0.0,0.0,0.0,0.0,0.0,0.0
50,12.5,R4Z11,111.90543494571378,0.0,0.0,0.0,0.0,75.21273415306011,55.20037465935986,0.0,22.072475113486675,0.0,0.0,0.0,81.41264885433844,0.0,0.0,0.0,0.0,0.0,0.0
50,12.5,R5Z1,126.23160866559229,0.0,135.0,0.0,0.0,135.0,0.0,0.0,0.0,0.0,0.0,0.0,71.07635291126098,0.0,0.0,0.0,0.0,0.0,0.0
50,12.5,R5Z2,94.81572915686476,0.0,135.0,0.0,0.0,39.63559236700612,8.271067525210297,0.0,22.072475113486675,0.0,0.0,0.0,169.11365304858043,0.0,0.0,0.0,0.0,0.0,0.0
50,12.5,R5Z3,112.27792240754997,0.0,0.0,35.70385247331732,44.17857593079385,79.10498432789538,0.0,0.0,22.072475113486675,0.0,0.0,0.0,143.44095385814012,0.0,0.0,0.0,0.0,0.0,0.0
50,12.5,R5Z4,71.33674813054878,0.0,0.0,131.6389568414196,27.83456256491236,-2.842170943040401e-14,0.0,0.0,44.14495022697335,0.0,0.0,0.0,0.0,0.0,0.0,0.0,0.0,0.0,0.0
50,12.5,R5Z5,88.58504969778922,0.0,0.0,44.99999999999999,55.36232221080886,7.105427357601002e-15,0.0,0.0,22.072475113486675,0.0,0.0,0.0,78.915468068947,0.0,0.0,0.0,0.0,0.0,0.0
50,12.5,R5Z6,121.29335716160833,0.0,0.0,45.00000000000001,31.695204398061968,-7.105427357601002e-15,0.0,0.0,44.14495022697335,0.0,0.0,0.0,160.19125704875046,0.0,0.0,0.0,0.0,0.0,0.0
50,12.5,R5Z7,78.9427913055882,0.0,0.0,0.0,0.0,84.71957707752391,29.94512158098508,0.0,0.0,0.0,0.0,0.0,86.90950829048737,0.0,0.0,0.0,0.0,0.0,0.0
50,12.5,R5Z8,107.09343733485716,0.0,0.0,5.201604511570579,59.77260790179038,80.92894172585493,0.0,0.0,22.072475113486675,0.0,0.0,0.0,161.75913836062213,0.0,0.0,0.0,0.0,0.0,0.0
50,12.5,R5Z9,118.91584540434448,0.0,0.0,0.0,0.0,118.98293190025817,60.040516647087216,0.0,0.0,0.0,0.0,0.0,84.27806404917156,0.0,0.0,0.0,0.0,0.0,0.0
50,12.5,R6Z1,116.45653644655344,0.0,135.0,0.0,0.0,90.0,41.611304364405235,0.0,0.0,0.0,0.0,0.0,0.0,2.354085651465958,0.0,640.0,0.0,0.0,0.0
50,12.5,R6Z2,98.40721014197791,0.0,135.0,0.0,0.0,90.0,11.806035228526365,0.0,44.14495022697335,0.0,0.0,0.0,137.2914433545103,2.354085651465958,0.0,640.0,0.0,0.0,0.0
50,12.5,R6Z3,158.21772933214817,0.0,0.0,0.0,2.2777213717609754,117.27478327759705,59.99852472643333,0.0,22.072475113486675,0.0,0.0,0.0,80.85871931329605,0.0,0.0,0.0,0.0,0.0,0.0
50,12.5,R6Z4,106.56353132110137,0.0,0.0,0.0,0.0,45.0,125.87696574934715,0.0,22.072475113486675,0.0,0.0,0.0,76.6713836215551,0.0,0.0,0.0,0.0,0.0,0.0
50,12.5,R7Z1,137.6421429049418,0.0,135.0,89.74199382860105,25.19915446246924,0.0,0.0,0.0,22.072475113486675,0.0,0.0,0.0,0.0,2.354085651465958,0.0,640.0,0.0,0.0,0.0
50,12.5,R7Z2,151.88572444365792,0.0,135.0,0.0,0.0,114.01482914248906,10.44736884145873,0.0,0.0,0.0,0.0,0.0,163.45746103437884,0.0,0.0,0.0,0.0,0.0,0.0
50,12.5,R7Z3,149.72148659095498,0.0,0.0,0.0,0.0,43.65462440303981,32.253851442826026,0.0,44.14495022697335,0.0,0.0,0.0,139.594176417113,0.0,0.0,0.0,0.0,0.0,0.0
50,12.5,R7Z4,163.42814049899636,0.0,0.0,135.0,101.2332187091611,0.0,0.0,0.0,22.072475113486675,0.0,0.0,0.0,68.10970134922303,0.0,0.0,0.0,0.0,0.0,0.0
50,12.5,R7Z5,123.50702940202336,0.0,0.0,0.0,0.0,40.920509230279954,70.16630404119543,0.0,44.14495022697335,0.0,0.0,0.0,0.0,0.0,0.0,0.0,0.0,0.0,0.0
50,12.5,R7Z6,79.40526161136945,0.0,0.0,0.0,0.0,90.0,57.40693535631315,0.0,44.14495022697335,0.0,0.0,0.0,0.0,0.0,0.0,0.0,0.0,0.0,0.0
50,12.5,R7Z7,114.960035082054,0.0,0.0,0.0,0.0,82.5683187484601,41.68421022008148,0.0,0.0,0.0,0.0,0.0,68.41535459629017,0.0,0.0,0.0,0.0,0.0,0.0
50,12.5,R7Z8,108.74959621672164,0.0,0.0,0.0,0.0,120.04013141602063,58.08047864475169,0.0,44.14495022697335,0.0,0.0,0.0,145.31943744006716,0.0,0.0,0.0,0.0,0.0,0.0
50,12.5,R7Z9,104.9543662080158,0.0,0.0,90.0,100.14622079584231,0.0,0.0,0.0,44.14495022697335,0.0,0.0,0.0,79.45486140449408,0.0,0.0,0.0,0.0,0.0,0.0
50,12.5,R8Z1,104.23633561106614,0.0,135.0,0.0,0.0,80.55219847499954,88.37441473361349,0.0,22.072475113486675,0.0,0.0,0.0,84.60626432571222,2.354085651465958,0.0,640.0,0.0,0.0,0.0
50,12.5,R8Z2,91.22094116515856,0.0,135.0,90.0,134.2386747530268,0.0,0.0,0.0,22.072475113486675,0.0,0.0,0.0,147.39150384999712,0.0,0.0,0.0,0.0,0.0,0.0
50,12.5,R8Z3,110.52084641296193,0.0,0.0,26.594122425774046,61.85424887370121,61.66710383500502,0.0,0.0,22.072475113486675,0.0,0.0,0.0,172.43761445171145,0.0,0.0,0.0,0.0,0.0,0.0
50,12.5,R8Z4,91.88640405104269,0.0,0.0,0.0,0.0,76.70454760532986,66.56338596794716,0.0,0.0,0.0,0.0,0.0,0.0,0.0,0.0,0.0,0.0,0.0,0.0
50,12.5,R8Z5,116.17430702251475,0.0,0.0,69.49013685405835,81.04689509566087,0.0,0.0,0.0,22.072475113486675,0.0,0.0,0.0,85.81399395402066,0.0,0.0,0.0,0.0,0.0,0.0
50,12.5,R8Z6,117.51246407272666,0.0,0.0,0.0,0.0,42.6514909411087,58.17829297708366,0.0,22.072475113486675,0.0,0.0,0.0,0.0,0.0,0.0,0.0,0.0,0.0,0.0
50,12.5,R8Z7,148.31255988621746,0.0,0.0,0.0,0.0,90.0,17.175730346024203,0.0,0.0,0.0,0.0,0.0,79.50523719420961,0.0,0.0,0.0,0.0,0.0,0.0
50,12.5,R8Z8,103.8053031422562,0.0,0.0,19.8175992046054,122.7603926254579,70.1824007953946,0.0,0.0,22.072475113486675,0.0,0.0,0.0,84.53121242412256,0.0,0.0,0.0,0.0,0.0,0.0
50,12.5,R9Z1,107.60974500986697,0.0,135.0,0.0,2.9210133726276055,40.23539472523845,10.159232763043168,0.0,22.072475113486675,0.0,0.0,0.0,0.0,2.354085651465958,0.0,640.0,0.0,0.0,0.0
50,12.5,R9Z2,108.60313173008112,0.0,135.0,0.0,0.0,42.70574115478249,19.832464234643616,0.0,22.072475113486675,0.0,0.0,0.0,75.1689530179887,2.354085651465958,0.0,640.0,0.0,0.0,0.0
50,12.5,R9Z3,93.39980063974214,0.0,0.0,0.0,0.0,81.57902023187903,4.769046947420723,0.0,44.14495022697335,0.0,0.0,0.0,138.17469355097242,0.0,0.0,0.0,0.0,0.0,0.0
50,12.5,R9Z4,115.82027755693886,0.0,0.0,0.0,0.0,90.0,98.65195401893372,0.0,22.072475113486675,0.0,0.0,0.0,72.47366695664354,0.0,0.0,0.0,0.0,0.0,0.0
50,12.5,R9Z5,105.83369720529154,0.0,0.0,78.45389629779108,107.37554906548188,1.4210854715202004e-14,0.0,0.0,22.072475113486675,0.0,0.0,0.0,150.9448311176042,0.0,0.0,0.0,0.0,0.0,0.0
50,12.5,R9Z6,102.6738747553826,0.0,0.0,35.854720345808985,28.970813833275034,0.0,0.0,0.0,22.072475113486675,0.0,0.0,0.0,160.48852765024128,0.0,0.0,0.0,0.0,0.0,0.0
50,12.5,R9Z7,72.37856093628001,0.0,0.0,93.94469152513372,35.14416445871109,37.366941681014765,0.0,0.0,0.0,0.0,0.0,0.0,76.91753826707539,0.0,0.0,0.0,0.0,0.0,0.0
50,12.5,R9Z8,121.77491621159915,0.0,0.0,3.2445012988271813,36.488702459048675,80.50628999011411,0.0,0.0,22.072475113486675,0.0,0.0,0.0,71.87113721261292,0.0,0.0,0.0,0.0,0.0,0.0
50,12.5,R9Z9,147.40818328650147,0.0,0.0,0.0,0.0,72.85100309694391,12.286392347202021,0.0,0.0,0.0,0.0,0.0,163.09938011566948,0.0,0.0,0.0,0.0,0.0,0.0
50,12.5,R9Z10,75.68966197247657,0.0,0.0,0.0,0.0,75.01757841957355,123.7607874915391,0.0,0.0,0.0,0.0,0.0,0.0,0.0,0.0,0.0,0.0,0.0,0.0
50,12.5,R9Z11,77.29638625097786,0.0,0.0,42.36008969256733,99.64479010311001,-7.105427357601002e-15,0.0,0.0,0.0,0.0,0.0,0.0,161.18999109697626,0.0,0.0,0.0,0.0,0.0,0.0
50,12.5,R10Z1,87.1418644884005,0.0,0.0,0.0,0.0,45.0,96.88105421603014,0.0,0.0,0.0,0.0,0.0,70.65889215489065,2.354085651465958,0.0,640.0,0.0,0.0,0.0
50,12.5,R10Z2,102.53845265838989,0.0,0.0,76.69317019995009,83.04200810708784,1.4210854715202004e-14,0.0,0.0,0.0,0.0,0.0,0.0,168.27433823637026,2.354085651465958,0.0,640.0,0.0,0.0,0.0
50,12.5,R10Z3,80.77432436952591,0.0,0.0,64.92725823164774,90.12568015914077,70.07274176835226,0.0,0.0,0.0,0.0,0.0,0.0,80.8886278355904,0.0,0.0,0.0,0.0,0.0,0.0
50,12.5,R10Z4,109.23845621070976,0.0,0.0,41.316282200044455,21.135145030746592,0.0,0.0,0.0,44.14495022697335,0.0,0.0,0.0,82.01226170417026,0.0,0.0,0.0,0.0,0.0,0.0
50,12.5,R10Z5,63.417772071139574,0.0,0.0,0.0,0.0,40.3958185057011,187.6219091035824,0.0,44.14495022697335,0.0,0.0,0.0,0.0,0.0,0.0,0.0,0.0,0.0,0.0
50,12.5,R10Z6,79.18291953862862,0.0,0.0,90.0,37.06721855875835,0.0,0.0,0.0,44.14495022697335,0.0,0.0,0.0,69.57949683309567,0.0,0.0,0.0,0.0,0.0,0.0
50,12.5,R10Z7,86.19637163469675,0.0,0.0,36.226226482066295,68.70030219745733,0.0,0.0,0.0,44.14495022697335,0.0,0.0,0.0,84.17551562926492,0.0,0.0,0.0,0.0,0.0,0.0
50,12.5,R10Z8,85.7275021199923,0.0,0.0,0.0,0.0,45.0,48.52632241717289,0.0,0.0,0.0,0.0,0.0,81.45383784187257,0.0,0.0,0.0,0.0,0.0,0.0
50,12.5,R10Z9,108.9597327938643,0.0,0.0,0.0,0.0,43.46239300651987,51.248151462853826,0.0,22.072475113486675,0.0,0.0,0.0,0.0,0.0,0.0,0.0,0.0,0.0,0.0
50,12.5,R11Z1,154.02363694937586,0.0,135.0,48.05990810552203,115.5220069082176,41.94009189447797,0.0,0.0,44.14495022697335,0.0,0.0,0.0,159.01848626183735,0.0,0.0,0.0,0.0,0.0,0.0
50,12.5,R11Z2,92.58973419744616,0.0,135.0,45.0,27.5638790266888,0.0,0.0,0.0,22.072475113486675,0.0,0.0,0.0,69.64618817718413,0.0,0.0,0.0,0.0,0.0,0.0
50,12.5,R11Z3,132.0543423154625,0.0,0.0,45.0,39.62378055073309,0.0,0.0,0.0,22.072475113486675,0.0,0.0,0.0,0.0,0.0,0.0,0.0,0.0,0.0,0.0
50,12.5,R11Z4,135.45149586282403,0.0,0.0,117.44450776123625,151.9913685788228,0.0,0.0,0.0,0.0,0.0,0.0,0.0,80.74947892174791,0.0,0.0,0.0,0.0,0.0,0.0
50,12.5,R11Z5,115.86985816041071,0.0,0.0,36.9574821367209,22.35289903822953,0.0,0.0,0.0,22.072475113486675,0.0,0.0,0.0,88.41661253749356,0.0,0.0,0.0,0.0,0.0,0.0
50,12.5,R11Z6,109.36625594152878,0.0,0.0,44.99999999999999,57.63701111559107,7.105427357601002e-15,0.0,0.0,0.0,0.0,0.0,0.0,0.0,0.0,0.0,0.0,0.0,0.0,0.0
50,12.5,R11Z7,116.21214751083183,0.0,0.0,0.0,0.0,39.773162012698954,43.1494828187305,0.0,22.072475113486675,0.0,0.0,0.0,0.0,0.0,0.0,0.0,0.0,0.0,0.0
50,12.5,R11Z8,93.67831503444086,0.0,0.0,0.0,0.0,81.67032413685182,72.2931700482897,0.0,22.072475113486675,0.0,0.0,0.0,158.8647364614418,0.0,0.0,0.0,0.0,0.0,0.0
50,12.5,R12Z1,67.68240005901433,0.0,135.0,0.0,0.0,128.04475606286599,89.36334431038807,0.0,44.14495022697335,0.0,0.0,0.0,137.14307267488627,0.0,0.0,0.0,0.0,0.0,0.0
50,12.5,R12Z2,102.9039480271664,0.0,135.0,0.0,0.0,41.94284458218325,10.015080616035391,0.0,22.072475113486675,0.0,0.0,0.0,87.47838219474731,0.0,0.0,0.0,0.0,0.0,0.0
50,12.5,R12Z3,71.69948896602358,0.0,0.0,0.0,0.0,135.0,15.374012169098119,0.0,22.072475113486675,0.0,0.0,0.0,158.51097619014902,0.0,0.0,0.0,0.0,0.0,0.0
50,12.5,R12Z4,118.21029770687875,0.0,0.0,135.0,0.0,0.0,0.0,0.0,0.0,0.0,0.0,0.0,0.0,0.0,0.0,0.0,0.0,0.0,0.0
50,12.5,R12Z5,117.98768717559473,0.0,0.0,0.0,0.0,40.19316492345328,47.44265057441662,0.0,0.0,0.0,0.0,0.0,150.0652315370118,0.0,0.0,0.0,0.0,0.0,0.0
50,12.5,R12Z6,106.30955709754481,0.0,0.0,0.0,0.0,75.60655667803098,96.70810157137767,0.0,0.0,0.0,0.0,0.0,0.0,0.0,0.0,0.0,0.0,0.0,0.0
50,12.5,R12Z7,119.19220569466995,0.0,0.0,92.1890028068787,63.25389607030474,31.30134323113103,0.0,0.0,44.14495022697335,0.0,0.0,0.0,0.0,0.0,0.0,0.0,0.0,0.0,0.0
50,12.5,R12Z8,145.8735069433427,0.0,0.0,0.0,0.0,86.87474903342651,69.3884124378074,0.0,0.0,0.0,0.0,0.0,72.48243279740994,0.0,0.0,0.0,0.0,0.0,0.0
50,12.5,R12Z9,82.66154466433409,0.0,0.0,44.999999999999986,97.77042474925663,1.4210854715202004e-14,0.0,0.0,44.14495022697335,0.0,0.0,0.0,164.45706234438796,0.0,0.0,0.0,0.0,0.0,0.0
51,12.75,R1Z1,103.90918021111113,0.0,0.0,118.74357019148874,6.912273064190574,0.0,0.0,0.0,86.99272854692516,0.0,0.0,0.0,150.22858011450268,0.0,0.0,582.8344481432337,0.0,0.0,0.0
51,12.75,R1Z2,55.666504715847154,0.0,0.0,36.66908152644288,134.6466765697121,-1.4210854715202004e-14,0.0,0.0,86.99272854692516,0.0,90.0,0.0,200.85641902900448,0.0,0.0,0.0,0.0,0.0,0.0
51,12.75,R1Z3,107.43190812736391,0.0,0.0,123.67414584539716,43.697454205045496,-1.4210854715202004e-14,0.0,0.0,43.49636427346258,0.0,90.0,0.0,200.85641902900448,0.0,0.0,0.0,0.0,0.0,0.0
51,12.75,R1Z4,81.61086788572376,0.0,0.0,0.0,35.576355305559936,135.0,45.263793118806724,0.0,86.99272854692516,0.0,0.0,0.0,0.0,0.0,0.0,0.0,0.0,0.0,0.0
51,12.75,R1Z5,128.46716835907057,0.0,0.0,73.53790098171318,37.527608593282736,0.0,0.0,0.0,86.99272854692516,0.0,0.0,0.0,0.0,0.0,0.0,0.0,0.0,0.0,0.0
51,12.75,R1Z6,90.04684634790037,0.0,0.0,125.05414583510695,8.988828741773926,0.0,0.0,0.0,0.0,0.0,45.0,0.0,96.50145795161009,0.0,0.0,0.0,0.0,0.0,0.0
51,12.75,R1Z7,104.07984732851745,0.0,0.0,38.93152447648256,12.516447301934226,0.0,0.0,0.0,43.49636427346258,0.0,45.0,0.0,89.68719727077467,0.0,0.0,0.0,0.0,0.0,0.0
51,12.75,R1Z8,65.67886133806236,0.0,0.0,44.28523589397736,145.78069791400978,-7.105427357601002e-15,0.0,0.0,0.0,0.0,0.0,0.0,0.0,0.0,0.0,0.0,0.0,0.0,0.0
51,12.75,R1Z9,106.32213165838196,0.0,0.0,85.72270284281079,85.93274990117165,-1.4210854715202004e-14,0.0,0.0,0.0,0.0,90.0,0.0,179.37439454154935,0.0,0.0,0.0,0.0,0.0,0.0
51,12.75,R1Z10,109.8250305300056,0.0,0.0,121.07493382787727,15.900351395389682,-1.4210854715202004e-14,0.0,0.0,0.0,0.0,90.0,0.0,179.37439454154935,0.0,0.0,0.0,0.0,0.0,0.0
51,12.75,R2Z1,109.28123155167947,0.0,135.0,0.0,0.0,135.0,36.19839471044148,0.0,0.0,0.0,0.0,0.0,73.9137123647325,2.354085651465958,0.0,640.0,0.0,0.0,0.0
51,12.75,R2Z2,97.6096461608818,0.0,135.0,90.0,29.586418688247594,0.0,0.0,0.0,0.0,0.0,0.0,0.0,79.88794762497598,2.354085651465958,0.0,640.0,0.0,0.0,0.0
51,12.75,R2Z3,108.497555806531,0.0,0.0,0.0,27.472013690919056,135.0,5.712018526746057,0.0,43.49636427346258,0.0,0.0,0.0,69.15431620702552,0.0,0.0,0.0,0.0,0.0,0.0
51,12.75,R2Z4,100.193480413534,0.0,0.0,0.0,0.0,45.0,73.1557519337392,0.0,86.99272854692516,0.0,0.0,0.0,0.0,0.0,0.0,0.0,0.0,0.0,0.0
51,12.75,R2Z5,116.51593268647808,0.0,0.0,45.0,54.03479237606781,0.0,0.0,0.0,43.49636427346258,0.0,0.0,0.0,0.0,0.0,0.0,0.0,0.0,0.0,0.0
51,12.75,R2Z6,93.94835495719782,0.0,0.0,0.0,0.0,84.78486780658996,73.5592294228425,0.0,86.99272854692516,0.0,0.0,0.0,166.97205457748024,0.0,0.0,0.0,0.0,0.0,0.0
51,12.75,R2Z7,134.01586245106208,0.0,0.0,0.0,0.0,45.0,19.630239818338378,0.0,86.99272854692516,0.0,0.0,0.0,85.31275075133513,0.0,0.0,0.0,0.0,0.0,0.0
51,12.75,R2Z8,80.14135961913618,0.0,0.0,0.0,0.0,125.56810807865949,41.37519851799337,0.0,0.0,0.0,0.0,0.0,87.91173432099264,0.0,0.0,0.0,0.0,0.0,0.0
51,12.75,R2Z9,107.7838822552527,0.0,0.0,38.61552856681102,97.18301965092571,7.105427357601002e-15,0.0,0.0,43.49636427346258,0.0,0.0,0.0,80.40554276136261,0.0,0.0,0.0,0.0,0.0,0.0
51,12.75,R3Z1,74.41301776301813,0.0,0.0,135.0,11.302617288938322,0.0,0.0,0.0,0.0,0.0,0.0,0.0,0.0,0.0,0.0,0.0,0.0,0.0,0.0
51,12.75,R3Z2,89.02182789012396,0.0,0.0,0.0,0.0,114.87408525483056,0.0,0.0,86.99272854692516,0.0,0.0,0.0,160.15608668966505,0.0,0.0,0.0,0.0,0.0,0.0
51,12.75,R3Z3,94.38401734998448,0.0,0.0,0.0,0.0,39.948306376075074,11.5129150777683,0.0,43.49636427346258,0.0,0.0,0.0,0.0,0.0,0.0,0.0,0.0,0.0,0.0
51,12.75,R4Z1,103.03321659891036,0.0,135.0,0.0,0.0,39.1202214415945,89.77069502605015,0.0,86.99272854692516,0.0,0.0,0.0,79.2349435571946,0.0,0.0,0.0,0.0,0.0,0.0
51,12.75,R4Z2,119.80820407982617,0.0,0.0,135.0,13.860504082621999,0.0,0.0,0.0,86.99272854692516,0.0,0.0,0.0,156.63614337395975,0.0,0.0,0.0,0.0,0.0,0.0
51,12.75,R4Z3,105.82468364502333,0.0,0.0,0.0,0.0,82.82678499669696,114.09452415435881,0.0,0.0,0.0,0.0,0.0,0.0,0.0,0.0,0.0,0.0,0.0,0.0
51,12.75,R4Z4,94.35093738562051,0.0,0.0,44.67283931031806,8.677548843788381,0.0,0.0,0.0,0.0,0.0,0.0,0.0,0.0,0.0,0.0,0.0,0.0,0.0,0.0
51,12.75,R4Z5,113.15442448468542,0.0,0.0,45.0,119.73879555908843,0.0,0.0,0.0,86.99272854692516,0.0,0.0,0.0,0.0,0.0,0.0,0.0,0.0,0.0,0.0
51,12.75,R4Z6,82.40540624795094,0.0,0.0,0.0,0.0,90.0,31.47573073176718,0.0,86.99272854692516,0.0,0.0,0.0,149.07552738280668,0.0,0.0,0.0,0.0,0.0,0.0
51,12.75,R4Z7,121.79565382911714,0.0,0.0,0.0,0.0,90.0,23.05503726195989,0.0,86.99272854692516,0.0,0.0,0.0,0.0,0.0,0.0,0.0,0.0,0.0,0.0
51,12.75,R4Z8,151.23975703853708,0.0,0.0,37.194192878515814,18.151818929350988,44.144876574973075,0.0,0.0,86.99272854692516,0.0,0.0,0.0,0.0,0.0,0.0,0.0,0.0,0.0,0.0
51,12.75,R4Z9,100.70366609462442,0.0,0.0,0.0,0.0,90.0,109.82270661268123,0.0,0.0,0.0,0.0,0.0,86.28649496914161,0.0,0.0,0.0,0.0,0.0,0.0
51,12.75,R4Z10,84.28027843292084,0.0,0.0,39.589347390240754,44.09286823262625,-7.105427357601002e-15,0.0,0.0,0.0,0.0,0.0,0.0,87.9021429338727,0.0,0.0,0.0,0.0,0.0,0.0
51,12.75,R4Z11,113.18847150112745,0.0,0.0,0.0,0.0,73.04348847972254,75.35103478292265,0.0,43.49636427346258,0.0,0.0,0.0,81.32161100184605,0.0,0.0,0.0,0.0,0.0,0.0
51,12.75,R5Z1,129.32953828508477,0.0,135.0,0.0,0.0,135.0,25.73742147607878,0.0,0.0,0.0,0.0,0.0,70.99687338783201,0.0,0.0,0.0,0.0,0.0,0.0
51,12.75,R5Z2,78.0132703423428,0.0,135.0,0.0,0.0,37.834665946617584,26.459284802923463,0.0,43.49636427346258,0.0,0.0,0.0,168.9245455325207,0.0,0.0,0.0,0.0,0.0,0.0
51,12.75,R5Z3,108.92542164343935,0.0,0.0,0.0,0.0,124.405436897045,89.9334858861583,0.0,43.49636427346258,0.0,0.0,0.0,143.28055425706498,0.0,0.0,0.0,0.0,0.0,0.0
51,12.75,R5Z4,77.65640489072842,0.0,0.0,0.0,0.0,117.35697250169751,34.419150079788324,0.0,86.99272854692516,0.0,0.0,0.0,0.0,0.0,0.0,0.0,0.0,0.0,0.0
51,12.75,R5Z5,86.7797131866296,0.0,0.0,45.0,43.94433422583957,0.0,0.0,0.0,43.49636427346258,0.0,0.0,0.0,78.82722263236523,0.0,0.0,0.0,0.0,0.0,0.0
51,12.75,R5Z6,136.49709114794302,0.0,0.0,45.0,57.20012512471159,0.0,0.0,0.0,86.99272854692516,0.0,0.0,0.0,160.01212680013433,0.0,0.0,0.0,0.0,0.0,0.0
51,12.75,R5Z7,78.12874289457596,0.0,0.0,0.0,0.0,79.60746404229891,32.04936069802575,0.0,0.0,0.0,0.0,0.0,86.81232369930557,0.0,0.0,0.0,0.0,0.0,0.0
51,12.75,R5Z8,111.40582558232514,0.0,0.0,0.0,0.0,86.71081251491174,35.773109536018744,0.0,43.49636427346258,0.0,0.0,0.0,161.57825486420478,0.0,0.0,0.0,0.0,0.0,0.0
51,12.75,R5Z9,113.20793242709587,0.0,0.0,3.2036087961308226,37.683938779888365,115.30475552185743,0.0,0.0,0.0,0.0,0.0,0.0,84.18382201097207,0.0,0.0,0.0,0.0,0.0,0.0
51,12.75,R6Z1,111.9167977607791,0.0,135.0,83.75928418207987,12.905654278215835,0.0,0.0,0.0,0.0,0.0,0.0,0.0,0.0,2.354085651465958,0.0,640.0,0.0,0.0,0.0
51,12.75,R6Z2,103.07662437287016,0.0,135.0,0.0,0.0,87.97718607088161,16.48629756868496,0.0,86.99272854692516,0.0,0.0,0.0,137.13792030441354,2.354085651465958,0.0,640.0,0.0,0.0,0.0
51,12.75,R6Z3,152.2368414550172,0.0,0.0,0.0,0.0,108.08951531770154,49.54920116186395,0.0,43.49636427346258,0.0,0.0,0.0,80.76830087997939,0.0,0.0,0.0,0.0,0.0,0.0
51,12.75,R6Z4,84.46037570728257,0.0,0.0,0.0,0.0,42.6334863693584,107.81107772332574,0.0,43.49636427346258,0.0,0.0,0.0,76.5856475816307,0.0,0.0,0.0,0.0,0.0,0.0
51,12.75,R7Z1,152.46898760726774,0.0,135.0,0.0,0.0,88.7442790958925,46.04961749349841,0.0,43.49636427346258,0.0,0.0,0.0,0.0,2.354085651465958,0.0,640.0,0.0,0.0,0.0
51,12.75,R7Z2,129.51123941134932,0.0,135.0,0.0,0.0,104.67985711396744,42.65269438589928,0.0,0.0,0.0,0.0,0.0,163.27467842705877,0.0,0.0,0.0,0.0,0.0,0.0
51,12.75,R7Z3,142.0376779477487,0.0,0.0,0.0,0.0,45.0,72.29223929046898,0.0,86.99272854692516,0.0,0.0,0.0,139.4380783878719,0.0,0.0,0.0,0.0,0.0,0.0
51,12.75,R7Z4,146.1656342572836,0.0,0.0,0.0,0.0,132.94949831368257,167.7191184276681,0.0,43.49636427346258,0.0,0.0,0.0,68.03353921677817,0.0,0.0,0.0,0.0,0.0,0.0
51,12.75,R7Z5,125.47885585479328,0.0,0.0,42.830885319576,116.38847224621142,-7.105427357601002e-15,0.0,0.0,86.99272854692516,0.0,0.0,0.0,0.0,0.0,0.0,0.0,0.0,0.0,0.0
51,12.75,R7Z6,85.01429911161895,0.0,0.0,0.0,0.0,86.77155558920519,70.46128153355093,0.0,86.99272854692516,0.0,0.0,0.0,0.0,0.0,0.0,0.0,0.0,0.0,0.0
51,12.75,R7Z7,83.30127541980006,0.0,0.0,0.0,0.0,72.19445071583974,28.603556425740063,0.0,0.0,0.0,0.0,0.0,68.33885067401765,0.0,0.0,0.0,0.0,0.0,0.0
51,12.75,R7Z8,105.9616360754204,0.0,0.0,0.0,0.0,97.16837883564385,28.975532754460325,0.0,86.99272854692516,0.0,0.0,0.0,145.15693726723018,0.0,0.0,0.0,0.0,0.0,0.0
51,12.75,R7Z9,100.10065443053969,0.0,0.0,0.0,0.0,89.73789950344285,45.99115239339591,0.0,86.99272854692516,0.0,0.0,0.0,79.36601280351947,0.0,0.0,0.0,0.0,0.0,0.0
51,12.75,R8Z1,112.3314771320998,0.0,135.0,82.08454295165787,44.39536065805912,0.0,0.0,0.0,43.49636427346258,0.0,0.0,0.0,84.51165528497953,2.354085651465958,0.0,640.0,0.0,0.0,0.0
51,12.75,R8Z2,79.64929287113861,0.0,135.0,0.0,0.0,90.0,19.201418678053116,0.0,43.49636427346258,0.0,0.0,0.0,147.226686635781,0.0,0.0,0.0,0.0,0.0,0.0
51,12.75,R8Z3,125.1781527013701,0.0,0.0,74.60214928553677,42.509762762658305,1.4210854715202004e-14,0.0,0.0,43.49636427346258,0.0,0.0,0.0,172.24478999102251,0.0,0.0,0.0,0.0,0.0,0.0
51,12.75,R8Z4,85.80281125856914,0.0,0.0,0.0,16.671566642923494,73.87251434339163,34.69579790813238,0.0,0.0,0.0,0.0,0.0,0.0,0.0,0.0,0.0,0.0,0.0,0.0
51,12.75,R8Z5,119.59501911896423,0.0,0.0,76.85024728978196,34.84230601859467,0.0,0.0,0.0,43.49636427346258,0.0,0.0,0.0,85.71803439695789,0.0,0.0,0.0,0.0,0.0,0.0
51,12.75,R8Z6,131.91089953822123,0.0,0.0,0.0,0.0,43.23219969569528,23.766629594513113,0.0,43.49636427346258,0.0,0.0,0.0,0.0,0.0,0.0,0.0,0.0,0.0,0.0
51,12.75,R8Z7,141.61877745632341,0.0,0.0,0.0,0.0,90.0,42.453566696873025,0.0,0.0,0.0,0.0,0.0,79.41633226164798,0.0,0.0,0.0,0.0,0.0,0.0
51,12.75,R8Z8,88.28429445412505,0.0,0.0,90.0,0.0,0.0,0.0,0.0,43.49636427346258,0.0,0.0,0.0,84.43668730848064,0.0,0.0,0.0,0.0,0.0,0.0
51,12.75,R9Z1,102.57891196212084,0.0,135.0,0.0,0.0,35.23003892260729,12.213134730077876,0.0,43.49636427346258,0.0,0.0,0.0,0.0,2.354085651465958,0.0,640.0,0.0,0.0,0.0
51,12.75,R9Z2,112.74263764693919,0.0,135.0,0.0,0.0,40.54941508745491,79.79353637658159,0.0,43.49636427346258,0.0,0.0,0.0,75.08489703709188,2.354085651465958,0.0,640.0,0.0,0.0,0.0
51,12.75,R9Z3,118.98749380926768,0.0,0.0,0.0,0.0,75.60776345995438,47.30737714157471,0.0,86.99272854692516,0.0,0.0,0.0,138.02018282632838,0.0,0.0,0.0,0.0,0.0,0.0
51,12.75,R9Z4,115.52148011843211,0.0,0.0,90.0,18.94862295272227,0.0,0.0,0.0,43.49636427346258,0.0,0.0,0.0,72.39262491839975,0.0,0.0,0.0,0.0,0.0,0.0
51,12.75,R9Z5,97.42201466366777,0.0,0.0,0.0,42.74173380834395,72.97387641949739,124.83760319851575,0.0,43.49636427346258,0.0,0.0,0.0,150.77604047557065,0.0,0.0,0.0,0.0,0.0,0.0
51,12.75,R9Z6,94.46398542984778,0.0,0.0,0.0,0.0,37.487877900306266,29.47214841969864,0.0,43.49636427346258,0.0,0.0,0.0,160.30906498550124,0.0,0.0,0.0,0.0,0.0,0.0
51,12.75,R9Z7,85.66853748711665,0.0,0.0,121.7392434256678,26.080831799695304,1.4210854715202004e-14,0.0,0.0,0.0,0.0,0.0,0.0,76.83152697028827,0.0,0.0,0.0,0.0,0.0,0.0
51,12.75,R9Z8,119.14219318024097,0.0,0.0,0.0,0.0,89.08517639043014,38.87438122762145,0.0,43.49636427346258,0.0,0.0,0.0,71.79076893962221,0.0,0.0,0.0,0.0,0.0,0.0
51,12.75,R9Z9,137.78768338948953,0.0,0.0,0.0,0.0,85.12785910961362,3.8705907489490388,0.0,0.0,0.0,0.0,0.0,162.9169979242346,0.0,0.0,0.0,0.0,0.0,0.0
51,12.75,R9Z10,71.54456507991418,0.0,0.0,35.43813930529294,15.60701062580285,41.40133082243455,0.0,0.0,0.0,0.0,0.0,0.0,0.0,0.0,0.0,0.0,0.0,0.0,0.0
51,12.75,R9Z11,96.80552035679129,0.0,0.0,39.825073496372625,72.55478525098977,-7.105427357601002e-15,0.0,0.0,0.0,0.0,0.0,0.0,161.00974403660862,0.0,0.0,0.0,0.0,0.0,0.0
51,12.75,R10Z1,96.03404703045274,0.0,0.0,0.0,0.0,45.0,116.54502079449244,0.0,0.0,0.0,0.0,0.0,70.57987944750678,2.354085651465958,0.0,640.0,0.0,0.0,0.0
51,12.75,R10Z2,92.03731725749904,0.0,0.0,76.66471597707914,167.1836260337078,0.0,0.0,0.0,0.0,0.0,0.0,0.0,168.08616926510845,2.354085651465958,0.0,640.0,0.0,0.0,0.0
51,12.75,R10Z3,87.09253506252043,0.0,0.0,0.0,0.0,135.0,83.84342414221226,0.0,0.0,0.0,0.0,0.0,80.79817595774541,0.0,0.0,0.0,0.0,0.0,0.0
51,12.75,R10Z4,108.64864533598059,0.0,0.0,0.0,0.0,40.02631450001521,12.098717575665717,0.0,86.99272854692516,0.0,0.0,0.0,81.92055334817572,0.0,0.0,0.0,0.0,0.0,0.0
51,12.75,R10Z5,70.24493752726829,0.0,0.0,0.0,0.0,39.55776816754057,146.8957100014944,0.0,86.99272854692516,0.0,0.0,0.0,0.0,0.0,0.0,0.0,0.0,0.0,0.0
51,12.75,R10Z6,90.23532950181449,0.0,0.0,0.0,0.0,88.09530316118614,50.25037046056552,0.0,86.99272854692516,0.0,0.0,0.0,69.5016911351074,0.0,0.0,0.0,0.0,0.0,0.0
51,12.75,R10Z7,83.01860274715592,0.0,0.0,39.94103095593739,92.63360180105023,0.0,0.0,0.0,86.99272854692516,0.0,0.0,0.0,84.08138826351566,0.0,0.0,0.0,0.0,0.0,0.0
51,12.75,R10Z8,81.73923224396886,0.0,0.0,0.0,0.0,45.0,32.425978276671785,0.0,0.0,0.0,0.0,0.0,81.36275393072683,0.0,0.0,0.0,0.0,0.0,0.0
51,12.75,R10Z9,103.24822824117521,0.0,0.0,0.0,0.0,41.61644131555648,27.87797770031352,0.0,43.49636427346258,0.0,0.0,0.0,0.0,0.0,0.0,0.0,0.0,0.0,0.0
51,12.75,R11Z1,136.5999137201953,0.0,135.0,87.90508591620815,132.22963420014244,2.0194843029156146,0.0,0.0,86.99272854692516,0.0,0.0,0.0,158.8406674376179,0.0,0.0,0.0,0.0,0.0,0.0
51,12.75,R11Z2,86.30880756321679,0.0,135.0,0.0,0.0,45.0,25.3963797301923,0.0,43.49636427346258,0.0,0.0,0.0,69.56830790310931,0.0,0.0,0.0,0.0,0.0,0.0
51,12.75,R11Z3,126.81177412021546,0.0,0.0,0.0,0.0,45.0,52.21070394274014,0.0,43.49636427346258,0.0,0.0,0.0,0.0,0.0,0.0,0.0,0.0,0.0,0.0
51,12.75,R11Z4,121.52746234601332,0.0,0.0,121.79626461978128,66.89270328058302,0.0,0.0,0.0,0.0,0.0,0.0,0.0,80.65918264402737,0.0,0.0,0.0,0.0,0.0,0.0
51,12.75,R11Z5,119.01934264013511,0.0,0.0,35.89584727364249,32.32700677401313,0.0,0.0,0.0,43.49636427346258,0.0,0.0,0.0,88.31774266108815,0.0,0.0,0.0,0.0,0.0,0.0
51,12.75,R11Z6,84.87252017937696,0.0,0.0,0.0,0.0,45.0,96.63731528892461,0.0,0.0,0.0,0.0,0.0,0.0,0.0,0.0,0.0,0.0,0.0,0.0
51,12.75,R11Z7,112.54169319644905,0.0,0.0,0.0,0.0,40.542598656230474,90.78927702598861,0.0,43.49636427346258,0.0,0.0,0.0,0.0,0.0,0.0,0.0,0.0,0.0,0.0
51,12.75,R11Z8,90.75497942766584,0.0,0.0,0.0,6.27190381347031,81.48089646976649,81.56946569879665,0.0,43.49636427346258,0.0,0.0,0.0,158.6870895644578,0.0,0.0,0.0,0.0,0.0,0.0
51,12.75,R12Z1,95.36211071227133,0.0,135.0,0.0,0.0,126.80710726399245,96.88512227392287,0.0,86.99272854692516,0.0,0.0,0.0,136.98971553694486,0.0,0.0,0.0,0.0,0.0,0.0
51,12.75,R12Z2,91.4380244088001,0.0,135.0,0.0,0.0,37.8150603776745,49.697228064986746,0.0,43.49636427346258,0.0,0.0,0.0,87.38056147319374,0.0,0.0,0.0,0.0,0.0,0.0
51,12.75,R12Z3,86.38105163661689,0.0,0.0,21.33272609692824,21.551961266226066,112.92145287125749,0.0,0.0,43.49636427346258,0.0,0.0,0.0,158.33372487758402,0.0,0.0,0.0,0.0,0.0,0.0
51,12.75,R12Z4,106.81759002947067,0.0,0.0,0.0,0.0,135.0,23.27583564561635,0.0,0.0,0.0,0.0,0.0,0.0,0.0,0.0,0.0,0.0,0.0,0.0
51,12.75,R12Z5,99.6743400203491,0.0,0.0,43.26196969138168,76.44195929355176,-7.105427357601002e-15,0.0,0.0,0.0,0.0,0.0,0.0,149.89742448730695,0.0,0.0,0.0,0.0,0.0,0.0
51,12.75,R12Z6,91.44374135719012,0.0,0.0,31.000409783331946,107.65670748660679,53.4134860113391,0.0,0.0,0.0,0.0,0.0,0.0,0.0,0.0,0.0,0.0,0.0,0.0,0.0
51,12.75,R12Z7,129.05673180293553,0.0,0.0,0.0,0.0,123.38072244594368,74.27468289657193,0.0,86.99272854692516,0.0,0.0,0.0,0.0,0.0,0.0,0.0,0.0,0.0,0.0
51,12.75,R12Z8,127.19699862037481,0.0,0.0,0.0,0.0,78.30579040007993,3.3997578789346594,0.0,0.0,0.0,0.0,0.0,72.40138095696305,0.0,0.0,0.0,0.0,0.0,0.0
51,12.75,R12Z9,96.51569057291745,0.0,0.0,0.0,0.0,45.0,72.76315585936318,0.0,86.99272854692516,0.0,0.0,0.0,164.27316195552052,0.0,0.0,0.0,0.0,0.0,0.0
52,13.0,R1Z1,104.98733712427986,0.0,0.0,113.11367299142381,0.0,0.0,0.0,0.0,57.393236658110865,0.0,0.0,0.0,150.06059040394706,0.0,0.0,582.334543542296,0.0,0.0,0.0
52,13.0,R1Z2,58.06809984097101,0.0,0.0,35.400103258142465,33.83142797705061,-7.105427357601002e-15,0.0,0.0,57.393236658110865,0.0,0.9322810770017629,0.0,200.85641902900448,0.0,0.0,0.0,0.0,0.0,0.0
52,13.0,R1Z3,108.84714496684767,0.0,0.0,0.0,49.24846328296829,107.923470584031,68.9456950152391,0.0,28.696618329055433,0.0,0.9322810770017629,0.0,200.85641902900448,0.0,0.0,0.0,0.0,0.0,0.0
52,13.0,R1Z4,63.962597401655756,0.0,0.0,134.24238350862132,29.24917299609364,0.0,0.0,0.0,57.393236658110865,0.0,0.0,0.0,0.0,0.0,0.0,0.0,0.0,0.0,0.0
52,13.0,R1Z5,133.01750546192307,0.0,0.0,84.06698823008391,41.747026332221154,0.0,0.0,0.0,57.393236658110865,0.0,0.0,0.0,0.0,0.0,0.0,0.0,0.0,0.0,0.0
52,13.0,R1Z6,71.51886769880113,0.0,0.0,131.85134239545755,35.68875155573242,0.0,0.0,0.0,0.0,0.0,16.747045752456085,0.0,100.42820951450224,0.0,0.0,0.0,0.0,0.0,0.0
52,13.0,R1Z7,107.93166805950437,0.0,0.0,33.147688190961404,41.59524809656311,0.0,0.0,0.0,28.696618329055433,0.0,45.0,0.0,100.42820951450224,0.0,0.0,0.0,0.0,0.0,0.0
52,13.0,R1Z8,65.17944156329261,0.0,0.0,0.0,0.0,41.09230031724096,128.10465853929674,0.0,0.0,0.0,0.0,0.0,0.0,0.0,0.0,0.0,0.0,0.0,0.0
52,13.0,R1Z9,122.48272425257893,0.0,0.0,85.42773772405457,155.48761091789407,0.0,0.0,0.0,0.0,0.0,90.0,0.0,200.85641902900448,0.0,0.0,0.0,0.0,0.0,0.0
52,13.0,R1Z10,96.02379676291298,0.0,0.0,113.4655346095758,54.97961726159854,0.0,0.0,0.0,0.0,0.0,90.0,0.0,200.85641902900448,0.0,0.0,0.0,0.0,0.0,0.0
52,13.0,R2Z1,108.04936322212083,0.0,135.0,6.706815267637197,99.71178703865876,128.29318473236282,0.0,0.0,0.0,0.0,0.0,0.0,73.8310600282944,2.354085651465958,0.0,640.0,0.0,0.0,0.0
52,13.0,R2Z2,87.89636610076093,0.0,135.0,90.00000000000001,59.39499977524427,-1.4210854715202004e-14,0.0,0.0,0.0,0.0,0.0,0.0,79.79861473513456,2.354085651465958,0.0,640.0,0.0,0.0,0.0
52,13.0,R2Z3,100.92662405446713,0.0,0.0,135.0,29.093987087610607,0.0,0.0,0.0,28.696618329055433,0.0,0.0,0.0,69.07698595765196,0.0,0.0,0.0,0.0,0.0,0.0
52,13.0,R2Z4,98.35130829132783,0.0,0.0,0.0,0.0,45.0,85.82895210338351,0.0,57.393236658110865,0.0,0.0,0.0,0.0,0.0,0.0,0.0,0.0,0.0,0.0
52,13.0,R2Z5,114.89273551810773,0.0,0.0,45.0,32.79455151721774,0.0,0.0,0.0,28.696618329055433,0.0,0.0,0.0,0.0,0.0,0.0,0.0,0.0,0.0,0.0
52,13.0,R2Z6,91.51884396092846,0.0,0.0,59.43411557593046,106.4215710457324,29.75209561692354,0.0,0.0,57.393236658110865,0.0,0.0,0.0,166.7853418554538,0.0,0.0,0.0,0.0,0.0,0.0
52,13.0,R2Z7,128.1733814158831,0.0,0.0,45.0,18.215137380182654,0.0,0.0,0.0,57.393236658110865,0.0,0.0,0.0,85.21735169814235,0.0,0.0,0.0,0.0,0.0,0.0
52,13.0,R2Z8,84.05345350687324,0.0,0.0,0.0,0.0,116.89096183259203,28.947012107040486,0.0,0.0,0.0,0.0,0.0,87.81342901322917,0.0,0.0,0.0,0.0,0.0,0.0
52,13.0,R2Z9,87.09853978908744,0.0,0.0,0.0,0.0,37.65345501734051,104.43504233851004,0.0,28.696618329055433,0.0,0.0,0.0,80.31563108247133,0.0,0.0,0.0,0.0,0.0,0.0
52,13.0,R3Z1,68.68997883777394,0.0,0.0,135.0,21.488764694298354,0.0,0.0,0.0,0.0,0.0,0.0,0.0,0.0,0.0,0.0,0.0,0.0,0.0,0.0
52,13.0,R3Z2,96.65519727450209,0.0,0.0,0.0,0.0,96.79698802113758,129.38657263594624,0.0,57.393236658110865,0.0,0.0,0.0,159.97699576950717,0.0,0.0,0.0,0.0,0.0,0.0
52,13.0,R3Z3,99.08923496127322,0.0,0.0,0.0,0.0,39.705357785645006,26.105829687025278,0.0,28.696618329055433,0.0,0.0,0.0,0.0,0.0,0.0,0.0,0.0,0.0,0.0
52,13.0,R4Z1,107.85277651066619,0.0,135.0,0.0,0.0,36.99411164774135,0.0,0.0,57.393236658110865,0.0,0.0,0.0,79.14634087437673,0.0,0.0,0.0,0.0,0.0,0.0
52,13.0,R4Z2,141.02741619340858,0.0,0.0,0.0,0.0,133.7836523476511,29.316175139275064,0.0,57.393236658110865,0.0,0.0,0.0,156.46098855077042,0.0,0.0,0.0,0.0,0.0,0.0
52,13.0,R4Z3,90.31046536652464,0.0,0.0,76.3361073888612,96.59903194132556,-1.4210854715202004e-14,0.0,0.0,0.0,0.0,0.0,0.0,0.0,0.0,0.0,0.0,0.0,0.0,0.0
52,13.0,R4Z4,101.73088109234105,0.0,0.0,0.0,21.325876338971966,45.0,10.04629383232016,0.0,0.0,0.0,0.0,0.0,0.0,0.0,0.0,0.0,0.0,0.0,0.0
52,13.0,R4Z5,124.95672181222885,0.0,0.0,45.0,39.62299697220273,0.0,0.0,0.0,57.393236658110865,0.0,0.0,0.0,0.0,0.0,0.0,0.0,0.0,0.0,0.0
52,13.0,R4Z6,73.6051691490647,0.0,0.0,0.0,0.0,90.0,33.99451883766662,0.0,57.393236658110865,0.0,0.0,0.0,148.90882704737865,0.0,0.0,0.0,0.0,0.0,0.0
52,13.0,R4Z7,101.01972274630751,0.0,0.0,0.0,0.0,86.22985122300504,117.03140717748852,0.0,57.393236658110865,0.0,0.0,0.0,0.0,0.0,0.0,0.0,0.0,0.0,0.0
52,13.0,R4Z8,135.20747716379685,0.0,0.0,79.98935873721402,40.93208044548442,0.0,0.0,0.0,57.393236658110865,0.0,0.0,0.0,0.0,0.0,0.0,0.0,0.0,0.0,0.0
52,13.0,R4Z9,113.007003079408,0.0,0.0,90.0,23.77887746604565,0.0,0.0,0.0,0.0,0.0,0.0,0.0,86.19000704850976,0.0,0.0,0.0,0.0,0.0,0.0
52,13.0,R4Z10,71.4459361829971,0.0,0.0,0.0,0.0,36.93407021940692,84.92193451682893,0.0,0.0,0.0,0.0,0.0,87.80384835146086,0.0,0.0,0.0,0.0,0.0,0.0
52,13.0,R4Z11,95.2949271781532,0.0,0.0,0.0,0.0,75.85411760132773,24.704754597286446,0.0,28.696618329055433,0.0,0.0,0.0,81.23067495037233,0.0,0.0,0.0,0.0,0.0,0.0
52,13.0,R5Z1,114.12204912811816,0.0,135.0,0.0,0.0,135.0,27.577574691971805,0.0,0.0,0.0,0.0,0.0,70.91748274058176,0.0,0.0,0.0,0.0,0.0,0.0
52,13.0,R5Z2,83.29671908835068,0.0,135.0,0.0,0.0,38.516361805708875,29.04422021080727,0.0,28.696618329055433,0.0,0.0,0.0,168.73564948166197,0.0,0.0,0.0,0.0,0.0,0.0
52,13.0,R5Z3,100.27246351466349,0.0,0.0,0.0,0.0,119.14039529915681,102.04596254662702,0.0,28.696618329055433,0.0,0.0,0.0,143.12033401921445,0.0,0.0,0.0,0.0,0.0,0.0
52,13.0,R5Z4,78.59398298525323,0.0,0.0,121.33406807580505,34.293745950405054,1.4210854715202004e-14,0.0,0.0,57.393236658110865,0.0,0.0,0.0,0.0,0.0,0.0,0.0,0.0,0.0,0.0
52,13.0,R5Z5,92.64999996494953,0.0,0.0,0.0,0.0,45.0,22.33545724146215,0.0,28.696618329055433,0.0,0.0,0.0,78.73907587424624,0.0,0.0,0.0,0.0,0.0,0.0
52,13.0,R5Z6,126.42520023857308,0.0,0.0,0.0,0.0,41.96886425191256,62.72436270261053,0.0,57.393236658110865,0.0,0.0,0.0,159.8331968598656,0.0,0.0,0.0,0.0,0.0,0.0
52,13.0,R5Z7,70.70859778484866,0.0,0.0,82.92824382362147,20.589809688872677,0.0,0.0,0.0,0.0,0.0,0.0,0.0,86.7152477825939,0.0,0.0,0.0,0.0,0.0,0.0
52,13.0,R5Z8,103.24104118525929,0.0,0.0,0.0,0.0,85.93665220984434,23.513585420158044,0.0,28.696618329055433,0.0,0.0,0.0,161.3975736366645,0.0,0.0,0.0,0.0,0.0,0.0
52,13.0,R5Z9,132.39394598501883,0.0,0.0,32.11968468359346,56.63598459182485,83.99558742102677,0.0,0.0,0.0,0.0,0.0,0.0,84.08968535679941,0.0,0.0,0.0,0.0,0.0,0.0
52,13.0,R6Z1,105.17601056347827,0.0,135.0,90.0,21.967020581402302,0.0,0.0,0.0,0.0,0.0,0.0,0.0,0.0,2.354085651465958,0.0,640.0,0.0,0.0,0.0
52,13.0,R6Z2,98.58841740125511,0.0,135.0,90.0,19.908746143397174,0.0,0.0,0.0,57.393236658110865,0.0,0.0,0.0,136.98456892799382,2.354085651465958,0.0,640.0,0.0,0.0,0.0
52,13.0,R6Z3,153.52005162614438,0.0,0.0,28.59537590940446,33.386347809571724,92.17422838257687,0.0,0.0,28.696618329055433,0.0,0.0,0.0,80.67798355502994,0.0,0.0,0.0,0.0,0.0,0.0
52,13.0,R6Z4,96.74787613856373,0.0,0.0,0.0,0.0,39.87398673317915,25.319430553695874,0.0,28.696618329055433,0.0,0.0,0.0,76.50000741409302,0.0,0.0,0.0,0.0,0.0,0.0
52,13.0,R7Z1,160.96366557001133,0.0,135.0,0.0,0.0,90.0,137.45675689938983,0.0,28.696618329055433,0.0,0.0,0.0,0.0,2.354085651465958,0.0,640.0,0.0,0.0,0.0
52,13.0,R7Z2,126.58569811918375,0.0,135.0,108.8255103024929,11.983253935955885,0.0,0.0,0.0,0.0,0.0,0.0,0.0,163.0921002122536,0.0,0.0,0.0,0.0,0.0,0.0
52,13.0,R7Z3,134.33453109476403,0.0,0.0,0.0,0.0,42.771697301679126,123.55620731224802,0.0,57.393236658110865,0.0,0.0,0.0,139.28215491172006,0.0,0.0,0.0,0.0,0.0,0.0
52,13.0,R7Z4,166.5696735488446,0.0,0.0,0.0,0.0,135.0,72.73332877055826,0.0,28.696618329055433,0.0,0.0,0.0,67.95746225091462,0.0,0.0,0.0,0.0,0.0,0.0
52,13.0,R7Z5,128.08054783900903,0.0,0.0,43.749036827500326,56.59169396024647,0.0,0.0,0.0,57.393236658110865,0.0,0.0,0.0,0.0,0.0,0.0,0.0,0.0,0.0,0.0
52,13.0,R7Z6,77.45693919614054,0.0,0.0,90.0,13.42918455951354,0.0,0.0,0.0,57.393236658110865,0.0,0.0,0.0,0.0,0.0,0.0,0.0,0.0,0.0,0.0
52,13.0,R7Z7,102.70327936402872,0.0,0.0,77.43690460571683,85.38050330085305,-1.4210854715202004e-14,0.0,0.0,0.0,0.0,0.0,0.0,68.26243230052519,0.0,0.0,0.0,0.0,0.0,0.0
52,13.0,R7Z8,122.8907519014596,0.0,0.0,0.0,12.65795030096254,127.82263285464492,50.435988459121994,0.0,57.393236658110865,0.0,0.0,0.0,144.99461880653465,0.0,0.0,0.0,0.0,0.0,0.0
52,13.0,R7Z9,92.47428545699917,0.0,0.0,0.0,0.0,85.45922703367971,7.977044252099215,0.0,57.393236658110865,0.0,0.0,0.0,79.27726355548255,0.0,0.0,0.0,0.0,0.0,0.0
52,13.0,R8Z1,116.8433500447579,0.0,135.0,0.0,0.0,84.35344966629008,6.095753242023857,0.0,28.696618329055433,0.0,0.0,0.0,84.41715203866595,2.354085651465958,0.0,640.0,0.0,0.0,0.0
52,13.0,R8Z2,88.30105384138588,0.0,135.0,0.0,0.0,90.0,66.21600600157979,0.0,28.696618329055433,0.0,0.0,0.0,147.0620537246854,0.0,0.0,0.0,0.0,0.0,0.0
52,13.0,R8Z3,118.89391339060388,0.0,0.0,0.0,13.093040319465729,86.19452075361468,114.2399394725698,0.0,28.696618329055433,0.0,0.0,0.0,172.05218115192378,0.0,0.0,0.0,0.0,0.0,0.0
52,13.0,R8Z4,87.34960317948685,0.0,0.0,0.0,0.0,79.8814872050674,41.91843546911129,0.0,0.0,0.0,0.0,0.0,0.0,0.0,0.0,0.0,0.0,0.0,0.0
52,13.0,R8Z5,120.2570908972416,0.0,0.0,67.92542596260715,75.68649823800742,0.0,0.0,0.0,28.696618329055433,0.0,0.0,0.0,85.62218214449857,0.0,0.0,0.0,0.0,0.0,0.0
52,13.0,R8Z6,120.74945987457926,0.0,0.0,36.98754109244042,0.0,0.0,0.0,0.0,28.696618329055433,0.0,0.0,0.0,0.0,0.0,0.0,0.0,0.0,0.0,0.0
52,13.0,R8Z7,133.66483756995717,0.0,0.0,90.0,42.83627278246242,0.0,0.0,0.0,0.0,0.0,0.0,0.0,79.32752674501556,0.0,0.0,0.0,0.0,0.0,0.0
52,13.0,R8Z8,78.75893585385131,0.0,0.0,0.0,0.0,90.0,123.25550126924892,0.0,28.696618329055433,0.0,0.0,0.0,84.34226789341052,0.0,0.0,0.0,0.0,0.0,0.0
52,13.0,R9Z1,94.3643170342362,0.0,135.0,0.0,0.0,36.43443377974231,8.117120612692927,0.0,28.696618329055433,0.0,0.0,0.0,0.0,2.354085651465958,0.0,640.0,0.0,0.0,0.0
52,13.0,R9Z2,120.65203742520363,0.0,135.0,43.78243338762583,70.7062535917118,0.0,0.0,0.0,28.696618329055433,0.0,0.0,0.0,75.0009350498938,2.354085651465958,0.0,640.0,0.0,0.0,0.0
52,13.0,R9Z3,100.89096962114307,0.0,0.0,74.9568242407966,34.35627909390356,1.4210854715202004e-14,0.0,0.0,57.393236658110865,0.0,0.0,0.0,137.8658448798061,0.0,0.0,0.0,0.0,0.0,0.0
52,13.0,R9Z4,116.07423597309906,0.0,0.0,0.0,0.0,90.0,40.054392774855515,0.0,28.696618329055433,0.0,0.0,0.0,72.31167350358152,0.0,0.0,0.0,0.0,0.0,0.0
52,13.0,R9Z5,93.07967187276596,0.0,0.0,0.0,67.97884460739058,70.99170650496552,74.39327518278083,0.0,28.696618329055433,0.0,0.0,0.0,150.60743857985344,0.0,0.0,0.0,0.0,0.0,0.0
52,13.0,R9Z6,102.23752507217753,0.0,0.0,34.79760925697135,49.09836498588944,0.0,0.0,0.0,28.696618329055433,0.0,0.0,0.0,160.12980300082543,0.0,0.0,0.0,0.0,0.0,0.0
52,13.0,R9Z7,84.96968535383449,0.0,0.0,0.0,0.0,119.32019716498436,27.09836892582741,0.0,0.0,0.0,0.0,0.0,76.74561185368763,0.0,0.0,0.0,0.0,0.0,0.0
52,13.0,R9Z8,93.01014961202249,0.0,0.0,0.0,0.0,83.90538286549074,50.89308559242145,0.0,28.696618329055433,0.0,0.0,0.0,71.71049053663431,0.0,0.0,0.0,0.0,0.0,0.0
52,13.0,R9Z9,137.81415563531286,0.0,0.0,0.0,0.0,76.83581112224374,0.0,0.0,0.0,0.0,0.0,0.0,162.73481967755862,0.0,0.0,0.0,0.0,0.0,0.0
52,13.0,R9Z10,77.94045363855693,0.0,0.0,79.10074152880956,49.76132224761584,0.0,0.0,0.0,0.0,0.0,0.0,0.0,0.0,0.0,0.0,0.0,0.0,0.0,0.0
52,13.0,R9Z11,77.54558564178846,0.0,0.0,40.83778388821024,127.95173391393381,7.105427357601002e-15,0.0,0.0,0.0,0.0,0.0,0.0,160.82969853343786,0.0,0.0,0.0,0.0,0.0,0.0
52,13.0,R10Z1,96.51609229167626,0.0,0.0,0.0,0.0,45.0,68.06628676164125,0.0,0.0,0.0,0.0,0.0,70.50095509429516,2.354085651465958,0.0,640.0,0.0,0.0,0.0
52,13.0,R10Z2,92.59142407743015,0.0,0.0,0.0,0.0,74.55205806400976,143.10444518714317,0.0,0.0,0.0,0.0,0.0,167.89821070954116,2.354085651465958,0.0,640.0,0.0,0.0,0.0
52,13.0,R10Z3,70.00461539952491,0.0,0.0,135.0,82.34637716076193,0.0,0.0,0.0,0.0,0.0,0.0,0.0,80.70782522566623,0.0,0.0,0.0,0.0,0.0,0.0
52,13.0,R10Z4,109.9559685153196,0.0,0.0,38.00106584288169,23.018622869461822,0.0,0.0,0.0,57.393236658110865,0.0,0.0,0.0,81.82894754297523,0.0,0.0,0.0,0.0,0.0,0.0
52,13.0,R10Z5,66.86732220989381,0.0,0.0,0.0,0.0,41.41737925112374,117.0819963685753,0.0,57.393236658110865,0.0,0.0,0.0,0.0,0.0,0.0,0.0,0.0,0.0,0.0
52,13.0,R10Z6,94.87519924171856,0.0,0.0,0.0,0.0,89.43698829570583,34.20259748144846,0.0,57.393236658110865,0.0,0.0,0.0,69.42397244158042,0.0,0.0,0.0,0.0,0.0,0.0
52,13.0,R10Z7,88.73752303349289,0.0,0.0,0.0,0.0,37.968916655771146,92.31089679845645,0.0,57.393236658110865,0.0,0.0,0.0,83.98736615356337,0.0,0.0,0.0,0.0,0.0,0.0
52,13.0,R10Z8,106.23859905715754,0.0,0.0,44.99999999999999,42.433751748241015,7.105427357601002e-15,0.0,0.0,0.0,0.0,0.0,0.0,81.27177187210381,0.0,0.0,0.0,0.0,0.0,0.0
52,13.0,R10Z9,96.20809595174161,0.0,0.0,40.67507620235304,23.209749738707348,-7.105427357601002e-15,0.0,0.0,28.696618329055433,0.0,0.0,0.0,0.0,0.0,0.0,0.0,0.0,0.0,0.0
52,13.0,R11Z1,144.628104414856,0.0,135.0,0.0,0.0,87.20195959534666,49.5103328892981,0.0,57.393236658110865,0.0,0.0,0.0,158.6630474552752,0.0,0.0,0.0,0.0,0.0,0.0
52,13.0,R11Z2,89.70081362290551,0.0,135.0,0.0,0.0,45.0,29.123978800812942,0.0,28.696618329055433,0.0,0.0,0.0,69.49051471688882,0.0,0.0,0.0,0.0,0.0,0.0
52,13.0,R11Z3,119.39336523562622,0.0,0.0,21.814649770940882,21.826201374520714,23.185350229059118,0.0,0.0,28.696618329055433,0.0,0.0,0.0,0.0,0.0,0.0,0.0,0.0,0.0,0.0
52,13.0,R11Z4,141.01058361964405,0.0,0.0,118.15074862075278,114.70438747140798,0.0,0.0,0.0,0.0,0.0,0.0,0.0,80.5689873380763,0.0,0.0,0.0,0.0,0.0,0.0
52,13.0,R11Z5,128.69079492655337,0.0,0.0,0.0,9.193905283500783,39.22519500914128,28.746461330274485,0.0,28.696618329055433,0.0,0.0,0.0,88.21898334368494,0.0,0.0,0.0,0.0,0.0,0.0
52,13.0,R11Z6,83.68723540398453,0.0,0.0,45.0,51.6280842913723,0.0,0.0,0.0,0.0,0.0,0.0,0.0,0.0,0.0,0.0,0.0,0.0,0.0,0.0
52,13.0,R11Z7,112.22062947301025,0.0,0.0,0.0,0.0,41.24044913834349,67.34954904352561,0.0,28.696618329055433,0.0,0.0,0.0,0.0,0.0,0.0,0.0,0.0,0.0,0.0
52,13.0,R11Z8,85.67177381300642,0.0,0.0,0.0,0.0,80.16017769232383,111.60393041088282,0.0,28.696618329055433,0.0,0.0,0.0,158.50964131709682,0.0,0.0,0.0,0.0,0.0,0.0
52,13.0,R12Z1,104.53021978866497,0.0,135.0,0.0,0.0,120.11318735059083,95.07908301657083,0.0,57.393236658110865,0.0,0.0,0.0,136.836529887153,0.0,0.0,0.0,0.0,0.0,0.0
52,13.0,R12Z2,121.37245478534322,0.0,135.0,0.0,0.0,34.84049462387061,89.39859363481825,0.0,28.696618329055433,0.0,0.0,0.0,87.28285013744869,0.0,0.0,0.0,0.0,0.0,0.0
52,13.0,R12Z3,81.90950957284203,0.0,0.0,135.0,0.0,0.0,0.0,0.0,28.696618329055433,0.0,0.0,0.0,158.15667177228872,0.0,0.0,0.0,0.0,0.0,0.0
52,13.0,R12Z4,111.46800360103924,0.0,0.0,135.0,27.572892935039768,0.0,0.0,0.0,0.0,0.0,0.0,0.0,0.0,0.0,0.0,0.0,0.0,0.0,0.0
52,13.0,R12Z5,84.83277488837071,0.0,0.0,0.0,0.0,44.26075273455293,91.74260503133985,0.0,0.0,0.0,0.0,0.0,149.72980508403853,0.0,0.0,0.0,0.0,0.0,0.0
52,13.0,R12Z6,121.13644846989153,0.0,0.0,0.0,0.0,86.44924337456742,16.396992791728355,0.0,0.0,0.0,0.0,0.0,0.0,0.0,0.0,0.0,0.0,0.0,0.0
52,13.0,R12Z7,125.53987529460336,0.0,0.0,121.11217725186751,81.02656770352831,0.0,0.0,0.0,57.393236658110865,0.0,0.0,0.0,0.0,0.0,0.0,0.0,0.0,0.0,0.0
52,13.0,R12Z8,129.8469419065385,0.0,0.0,0.0,10.547200584710083,75.13324086718701,63.713446141790854,0.0,0.0,0.0,0.0,0.0,72.32041975090281,0.0,0.0,0.0,0.0,0.0,0.0
52,13.0,R12Z9,84.4749673514387,0.0,0.0,0.0,0.0,45.0,7.59143020135073,0.0,57.393236658110865,0.0,0.0,0.0,164.0894672091019,0.0,0.0,0.0,0.0,0.0,0.0
53,13.25,R1Z1,110.5475622796193,0.0,0.0,116.98390712898089,137.32085240241025,-1.4210854715202004e-14,0.0,0.0,56.2265266790781,0.0,0.0,0.0,149.89278854408425,0.0,0.0,581.835067715963,0.0,0.0,0.0
53,13.25,R1Z2,56.54057665585498,0.0,0.0,32.58734697359272,62.314495104537606,0.0,0.0,0.0,56.2265266790781,0.0,0.9322810770017629,0.0,200.85641902900448,0.0,0.0,0.0,0.0,0.0,0.0
53,13.25,R1Z3,103.89635144973361,0.0,0.0,0.0,0.0,111.40843091109963,7.792376566037227,0.0,28.11326333953905,0.0,0.9322810770017629,0.0,200.85641902900448,0.0,0.0,0.0,0.0,0.0,0.0
53,13.25,R1Z4,71.0756217984872,0.0,0.0,127.3157377060459,49.50964829965499,1.4210854715202004e-14,0.0,0.0,56.2265266790781,0.0,0.0,0.0,0.0,0.0,0.0,0.0,0.0,0.0,0.0
53,13.25,R1Z5,106.19029636823082,0.0,0.0,0.0,2.2731493411787866,73.05325732176684,5.907005009098908,0.0,56.2265266790781,0.0,0.0,0.0,0.0,0.0,0.0,0.0,0.0,0.0,0.0
53,13.25,R1Z6,87.30612482620216,0.0,0.0,116.86375523938231,104.09170262900211,0.0,0.0,0.0,0.0,0.0,0.46614053850088144,0.0,100.42820951450224,0.0,0.0,0.0,0.0,0.0,0.0
53,13.25,R1Z7,98.95926650490459,0.0,0.0,32.56460583766372,47.09368708512034,0.0,0.0,0.0,28.11326333953905,0.0,0.46614053850088144,0.0,100.42820951450224,0.0,0.0,0.0,0.0,0.0,0.0
53,13.25,R1Z8,65.52135485256746,0.0,0.0,41.95135257501559,52.82925097030272,-7.105427357601002e-15,0.0,0.0,0.0,0.0,0.0,0.0,0.0,0.0,0.0,0.0,0.0,0.0,0.0
53,13.25,R1Z9,117.20240125633168,0.0,0.0,80.5164916724253,57.45314464378194,1.4210854715202004e-14,0.0,0.0,0.0,0.0,0.9322810770017629,0.0,200.85641902900448,0.0,0.0,0.0,0.0,0.0,0.0
53,13.25,R1Z10,102.55848664217991,0.0,0.0,0.0,0.0,113.47274653437921,24.339927737775398,0.0,0.0,0.0,0.9322810770017629,0.0,200.85641902900448,0.0,0.0,0.0,0.0,0.0,0.0
53,13.25,R2Z1,112.1003031925443,0.0,135.0,0.0,0.0,135.0,0.0,0.0,0.0,0.0,0.0,0.0,73.74850011596138,2.354085651465958,0.0,640.0,0.0,0.0,0.0
53,13.25,R2Z2,75.06893367602562,0.0,135.0,90.0,3.2823026929150956,0.0,0.0,0.0,0.0,0.0,0.0,0.0,79.7093817397759,2.354085651465958,0.0,640.0,0.0,0.0,0.0
53,13.25,R2Z3,88.02463665584168,0.0,0.0,0.0,0.0,135.0,19.17815880193445,0.0,28.11326333953905,0.0,0.0,0.0,68.99974218108005,0.0,0.0,0.0,0.0,0.0,0.0
53,13.25,R2Z4,119.21061690564015,0.0,0.0,0.0,0.0,43.93137640017898,198.64694635162175,0.0,56.2265266790781,0.0,0.0,0.0,0.0,0.0,0.0,0.0,0.0,0.0,0.0
53,13.25,R2Z5,113.49736204412382,0.0,0.0,0.0,0.0,45.0,21.002147096681256,0.0,28.11326333953905,0.0,0.0,0.0,0.0,0.0,0.0,0.0,0.0,0.0,0.0
53,13.25,R2Z6,89.19937337552327,0.0,0.0,82.73901665092271,43.353772814462424,0.0,0.0,0.0,56.2265266790781,0.0,0.0,0.0,166.59883792070409,0.0,0.0,0.0,0.0,0.0,0.0
53,13.25,R2Z7,131.1050499216105,0.0,0.0,44.99999999999999,22.675170853505712,7.105427357601002e-15,0.0,0.0,56.2265266790781,0.0,0.0,0.0,85.12205932278225,0.0,0.0,0.0,0.0,0.0,0.0
53,13.25,R2Z8,95.07169997009319,0.0,0.0,0.0,0.0,127.0689140039676,18.58148854428977,0.0,0.0,0.0,0.0,0.0,87.7152336331518,0.0,0.0,0.0,0.0,0.0,0.0
53,13.25,R2Z9,67.56356011672979,0.0,0.0,0.0,85.48007409340687,39.568148380037755,118.64356883724099,0.0,28.11326333953905,0.0,0.0,0.0,80.22581994528058,0.0,0.0,0.0,0.0,0.0,0.0
53,13.25,R3Z1,85.74084176943373,0.0,0.0,132.6670810994626,26.187142113916853,0.0,0.0,0.0,0.0,0.0,0.0,0.0,0.0,0.0,0.0,0.0,0.0,0.0,0.0
53,13.25,R3Z2,90.38051233262222,0.0,0.0,105.84608355115303,45.70682100572314,1.4210854715202004e-14,0.0,0.0,56.2265266790781,0.0,0.0,0.0,159.79810511371855,0.0,0.0,0.0,0.0,0.0,0.0
53,13.25,R3Z3,101.3310579456508,0.0,0.0,36.779324365017224,11.627680004534007,0.0,0.0,0.0,28.11326333953905,0.0,0.0,0.0,0.0,0.0,0.0,0.0,0.0,0.0,0.0
53,13.25,R4Z1,120.54293964851426,0.0,135.0,0.0,0.0,33.07533751320149,7.785459633371272,0.0,56.2265266790781,0.0,0.0,0.0,79.05783726950415,0.0,0.0,0.0,0.0,0.0,0.0
53,13.25,R4Z2,126.40870524988989,0.0,0.0,131.4093931356656,26.516080487038536,0.0,0.0,0.0,56.2265266790781,0.0,0.0,0.0,156.28602959049897,0.0,0.0,0.0,0.0,0.0,0.0
53,13.25,R4Z3,94.85078236428845,0.0,0.0,0.0,72.02759470333558,80.04194302423431,48.71314963716506,0.0,0.0,0.0,0.0,0.0,0.0,0.0,0.0,0.0,0.0,0.0,0.0
53,13.25,R4Z4,125.5330061651213,0.0,0.0,44.99999999999999,33.72148100132561,7.105427357601002e-15,0.0,0.0,0.0,0.0,0.0,0.0,0.0,0.0,0.0,0.0,0.0,0.0,0.0
53,13.25,R4Z5,125.89234287030642,0.0,0.0,0.0,0.0,45.0,92.23732037599213,0.0,56.2265266790781,0.0,0.0,0.0,0.0,0.0,0.0,0.0,0.0,0.0,0.0
53,13.25,R4Z6,67.7600166621481,0.0,0.0,90.0,27.023179843671468,0.0,0.0,0.0,56.2265266790781,0.0,0.0,0.0,148.74231312082887,0.0,0.0,0.0,0.0,0.0,0.0
53,13.25,R4Z7,103.77774254595128,0.0,0.0,0.0,0.0,89.98245291662445,77.55805828812811,0.0,56.2265266790781,0.0,0.0,0.0,0.0,0.0,0.0,0.0,0.0,0.0,0.0
53,13.25,R4Z8,120.55338943821363,0.0,0.0,0.0,0.0,75.32699143269701,36.89138727955019,0.0,56.2265266790781,0.0,0.0,0.0,0.0,0.0,0.0,0.0,0.0,0.0,0.0
53,13.25,R4Z9,108.83592447230853,0.0,0.0,82.2431797842365,114.68059875688064,0.0,0.0,0.0,0.0,0.0,0.0,0.0,86.09362702331195,0.0,0.0,0.0,0.0,0.0,0.0
53,13.25,R4Z10,70.9806799066071,0.0,0.0,0.0,0.0,39.9180724734615,87.07323645127379,0.0,0.0,0.0,0.0,0.0,87.70566368474172,0.0,0.0,0.0,0.0,0.0,0.0
53,13.25,R4Z11,117.89010877487162,0.0,0.0,0.0,0.0,75.7275291238474,14.909282539477406,0.0,28.11326333953905,0.0,0.0,0.0,81.1398405860806,0.0,0.0,0.0,0.0,0.0,0.0
53,13.25,R5Z1,133.44048380090032,0.0,135.0,0.0,0.0,135.0,27.86303176014588,0.0,0.0,0.0,0.0,0.0,70.83818087012646,0.0,0.0,0.0,0.0,0.0,0.0
53,13.25,R5Z2,87.29770582253721,0.0,135.0,16.956234213699844,32.981220848391885,19.02882132757987,0.0,0.0,28.11326333953905,0.0,0.0,0.0,168.54696465953802,0.0,0.0,0.0,0.0,0.0,0.0
53,13.25,R5Z3,101.35800553309134,0.0,0.0,0.0,25.847481012534928,112.8891410086204,73.40919371298683,0.0,28.11326333953905,0.0,0.0,0.0,142.96029294401967,0.0,0.0,0.0,0.0,0.0,0.0
53,13.25,R5Z4,85.55959820419612,0.0,0.0,0.0,0.0,119.66114531150502,13.566297203748647,0.0,56.2265266790781,0.0,0.0,0.0,0.0,0.0,0.0,0.0,0.0,0.0,0.0
53,13.25,R5Z5,84.5752705198826,0.0,0.0,45.0,32.66677622164744,0.0,0.0,0.0,28.11326333953905,0.0,0.0,0.0,78.65102768424505,0.0,0.0,0.0,0.0,0.0,0.0
53,13.25,R5Z6,136.6801430459576,0.0,0.0,0.0,0.0,45.0,56.70908869450234,0.0,56.2265266790781,0.0,0.0,0.0,159.654467003954,0.0,0.0,0.0,0.0,0.0,0.0
53,13.25,R5Z7,91.28877889912779,0.0,0.0,0.0,0.0,77.42843488328796,7.868222250797764,0.0,0.0,0.0,0.0,0.0,86.61828041882961,0.0,0.0,0.0,0.0,0.0,0.0
53,13.25,R5Z8,118.76258314106225,0.0,0.0,0.0,0.0,80.2726513209876,62.21082162864181,0.0,28.11326333953905,0.0,0.0,0.0,161.21709445181875,0.0,0.0,0.0,0.0,0.0,0.0
53,13.25,R5Z9,107.04253096576068,0.0,0.0,102.29605622470481,104.30516441890265,-1.4210854715202004e-14,0.0,0.0,0.0,0.0,0.0,0.0,83.99565396881029,0.0,0.0,0.0,0.0,0.0,0.0
53,13.25,R6Z1,94.27578194486374,0.0,135.0,0.0,0.0,82.45940853924454,20.805333319470215,0.0,0.0,0.0,0.0,0.0,0.0,2.354085651465958,0.0,640.0,0.0,0.0,0.0
53,13.25,R6Z2,93.29190785270038,0.0,135.0,89.93849584324896,3.094195612121795,0.0,0.0,0.0,56.2265266790781,0.0,0.0,0.0,136.83138903328097,2.354085651465958,0.0,640.0,0.0,0.0,0.0
53,13.25,R6Z3,150.82498818375305,0.0,0.0,109.14634474809257,50.95204468850879,0.0,0.0,0.0,28.11326333953905,0.0,0.0,0.0,80.58776722538553,0.0,0.0,0.0,0.0,0.0,0.0
53,13.25,R6Z4,77.38391582293502,0.0,0.0,0.0,0.0,36.38706053220118,0.0,0.0,28.11326333953905,0.0,0.0,0.0,76.41446301173495,0.0,0.0,0.0,0.0,0.0,0.0
53,13.25,R7Z1,151.44415610122402,0.0,135.0,90.0,0.7382518802693272,0.0,0.0,0.0,28.11326333953905,0.0,0.0,0.0,0.0,2.354085651465958,0.0,640.0,0.0,0.0,0.0
53,13.25,R7Z2,139.97760310818194,0.0,135.0,0.0,0.0,118.91790918846824,24.049136757496093,0.0,0.0,0.0,0.0,0.0,162.909726161406,0.0,0.0,0.0,0.0,0.0,0.0
53,13.25,R7Z3,145.20928240002203,0.0,0.0,45.000000000000014,102.9051466035334,-1.4210854715202004e-14,0.0,0.0,56.2265266790781,0.0,0.0,0.0,139.1264057934674,0.0,0.0,0.0,0.0,0.0,0.0
53,13.25,R7Z4,154.37164556860384,0.0,0.0,46.19807403379041,23.870132675868966,88.80192596620958,0.0,0.0,28.11326333953905,0.0,0.0,0.0,67.88147035639679,0.0,0.0,0.0,0.0,0.0,0.0
53,13.25,R7Z5,103.11755474377286,0.0,0.0,0.0,0.0,40.26553564286405,38.14279859934146,0.0,56.2265266790781,0.0,0.0,0.0,0.0,0.0,0.0,0.0,0.0,0.0,0.0
53,13.25,R7Z6,78.6503706982326,0.0,0.0,0.0,0.0,85.05279203271427,71.0014495405464,0.0,56.2265266790781,0.0,0.0,0.0,0.0,0.0,0.0,0.0,0.0,0.0,0.0
53,13.25,R7Z7,89.43937317111158,0.0,0.0,0.0,0.0,83.27303105315642,27.629741734055546,0.0,0.0,0.0,0.0,0.0,68.18609938014981,0.0,0.0,0.0,0.0,0.0,0.0
53,13.25,R7Z8,125.54807813411162,0.0,0.0,0.0,0.0,103.93317339918676,59.64026618866576,0.0,56.2265266790781,0.0,0.0,0.0,144.83248185478507,0.0,0.0,0.0,0.0,0.0,0.0
53,13.25,R7Z9,100.6987005841499,0.0,0.0,84.47400644529448,25.905550634661907,0.0,0.0,0.0,56.2265266790781,0.0,0.0,0.0,79.18861354928416,0.0,0.0,0.0,0.0,0.0,0.0
53,13.25,R8Z1,120.45959661510378,0.0,135.0,0.0,0.0,75.77434880366118,0.0,0.0,28.11326333953905,0.0,0.0,0.0,84.32275446846927,2.354085651465958,0.0,640.0,0.0,0.0,0.0
53,13.25,R8Z2,84.83309005812194,0.0,135.0,90.0,15.751635365531138,0.0,0.0,0.0,28.11326333953905,0.0,0.0,0.0,146.89760491061756,0.0,0.0,0.0,0.0,0.0,0.0
53,13.25,R8Z3,126.94877832064809,0.0,0.0,83.09836573702664,34.11217805406952,0.0,0.0,0.0,28.11326333953905,0.0,0.0,0.0,171.85978769330129,0.0,0.0,0.0,0.0,0.0,0.0
53,13.25,R8Z4,85.08841782662249,0.0,0.0,83.223459531095,0.0,0.0,0.0,0.0,0.0,0.0,0.0,0.0,0.0,0.0,0.0,0.0,0.0,0.0,0.0
53,13.25,R8Z5,88.08230191272706,0.0,0.0,77.71062635055134,72.98509855874397,0.0,0.0,0.0,28.11326333953905,0.0,0.0,0.0,85.52643707665175,0.0,0.0,0.0,0.0,0.0,0.0
53,13.25,R8Z6,131.7968055205374,0.0,0.0,38.11842019203928,0.0,0.0,0.0,0.0,28.11326333953905,0.0,0.0,0.0,0.0,0.0,0.0,0.0,0.0,0.0,0.0
53,13.25,R8Z7,137.13145077749144,0.0,0.0,90.0,9.872485996248507,0.0,0.0,0.0,0.0,0.0,0.0,0.0,79.23882053314276,0.0,0.0,0.0,0.0,0.0,0.0
53,13.25,R8Z8,96.2376520076978,0.0,0.0,0.0,0.0,90.0,111.2319413909387,0.0,28.11326333953905,0.0,0.0,0.0,84.24795406071492,0.0,0.0,0.0,0.0,0.0,0.0
53,13.25,R9Z1,100.05112993753838,0.0,135.0,0.0,0.0,38.3941478706793,36.325504704404736,0.0,28.11326333953905,0.0,0.0,0.0,0.0,2.354085651465958,0.0,640.0,0.0,0.0,0.0
53,13.25,R9Z2,118.24684539578922,0.0,135.0,0.0,0.0,40.50188786631845,82.40768229172302,0.0,28.11326333953905,0.0,0.0,0.0,74.91706695128813,2.354085651465958,0.0,640.0,0.0,0.0,0.0
53,13.25,R9Z3,116.25780186522617,0.0,0.0,0.0,33.41499182206337,79.47855330513393,11.529955321794652,0.0,56.2265266790781,0.0,0.0,0.0,137.7116795182004,0.0,0.0,0.0,0.0,0.0,0.0
53,13.25,R9Z4,99.50431243028794,0.0,0.0,90.0,8.007332454833598,0.0,0.0,0.0,28.11326333953905,0.0,0.0,0.0,72.23081261085125,0.0,0.0,0.0,0.0,0.0,0.0
53,13.25,R9Z5,79.73364611431938,0.0,0.0,0.0,0.0,74.62396631353295,107.02012994074471,0.0,28.11326333953905,0.0,0.0,0.0,150.4390252193912,0.0,0.0,0.0,0.0,0.0,0.0
53,13.25,R9Z6,95.09525157549749,0.0,0.0,0.0,0.0,39.54538643600488,49.659622961227434,0.0,28.11326333953905,0.0,0.0,0.0,159.9507414718079,0.0,0.0,0.0,0.0,0.0,0.0
53,13.25,R9Z7,90.12473328228711,0.0,0.0,0.0,41.04445874831298,117.80869792587625,6.864932083956624,0.0,0.0,0.0,0.0,0.0,76.65979280972218,0.0,0.0,0.0,0.0,0.0,0.0
53,13.25,R9Z8,101.02246083764211,0.0,0.0,0.0,0.0,85.31021368441783,45.4584789674432,0.0,28.11326333953905,0.0,0.0,0.0,71.63030190315412,0.0,0.0,0.0,0.0,0.0,0.0
53,13.25,R9Z9,136.9370720611597,0.0,0.0,83.430916267266,35.38415369517412,0.0,0.0,0.0,0.0,0.0,0.0,0.0,162.55284514758492,0.0,0.0,0.0,0.0,0.0,0.0
53,13.25,R9Z10,64.35959092088076,0.0,0.0,0.0,0.0,69.16473857399438,4.051597529634488,0.0,0.0,0.0,0.0,0.0,0.0,0.0,0.0,0.0,0.0,0.0,0.0
53,13.25,R9Z11,80.52915430958265,0.0,0.0,39.387465887616,145.8565354298678,-7.105427357601002e-15,0.0,0.0,0.0,0.0,0.0,0.0,160.6498543620772,0.0,0.0,0.0,0.0,0.0,0.0
53,13.25,R10Z1,94.76083199571387,0.0,0.0,0.0,0.0,45.0,75.93827856860318,0.0,0.0,0.0,0.0,0.0,70.42211899645574,2.354085651465958,0.0,640.0,0.0,0.0,0.0
53,13.25,R10Z2,95.26055117747377,0.0,0.0,0.0,0.0,75.0212783705747,159.0753277539004,0.0,0.0,0.0,0.0,0.0,167.71046233437576,2.354085651465958,0.0,640.0,0.0,0.0,0.0
53,13.25,R10Z3,92.8783997384868,0.0,0.0,129.86184076229642,80.28959148024542,-2.842170943040401e-14,0.0,0.0,0.0,0.0,0.0,0.0,80.61757552624886,0.0,0.0,0.0,0.0,0.0,0.0
53,13.25,R10Z4,112.22225263267816,0.0,0.0,38.555077096567544,41.605365396305885,0.0,0.0,0.0,56.2265266790781,0.0,0.0,0.0,81.73744417389368,0.0,0.0,0.0,0.0,0.0,0.0
53,13.25,R10Z5,67.81374734076199,0.0,0.0,0.0,0.0,40.17407425494903,100.34919947764124,0.0,56.2265266790781,0.0,0.0,0.0,0.0,0.0,0.0,0.0,0.0,0.0,0.0
53,13.25,R10Z6,81.10564632030449,0.0,0.0,0.0,0.0,90.0,39.94059224381229,0.0,56.2265266790781,0.0,0.0,0.0,69.34634065522397,0.0,0.0,0.0,0.0,0.0,0.0
53,13.25,R10Z7,79.21414568198054,0.0,0.0,0.0,0.0,34.636504239375206,64.86993334237525,0.0,56.2265266790781,0.0,0.0,0.0,83.89344918170814,0.0,0.0,0.0,0.0,0.0,0.0
53,13.25,R10Z8,78.92967975740439,0.0,0.0,0.0,0.0,45.0,48.36826122967207,0.0,0.0,0.0,0.0,0.0,81.18089155210924,0.0,0.0,0.0,0.0,0.0,0.0
53,13.25,R10Z9,115.77811206012672,0.0,0.0,37.22293210652939,31.17331479734812,-7.105427357601002e-15,0.0,0.0,28.11326333953905,0.0,0.0,0.0,0.0,0.0,0.0,0.0,0.0,0.0,0.0
53,13.25,R11Z1,153.5068715392688,0.0,135.0,90.0,120.0294066674596,0.0,0.0,0.0,56.2265266790781,0.0,0.0,0.0,158.48562609245883,0.0,0.0,0.0,0.0,0.0,0.0
53,13.25,R11Z2,93.70305928318588,0.0,135.0,0.0,0.0,45.0,33.78286406779189,0.0,28.11326333953905,0.0,0.0,0.0,69.41280852113863,0.0,0.0,0.0,0.0,0.0,0.0
53,13.25,R11Z3,120.91529083643393,0.0,0.0,44.99999999999999,39.221404081701,7.105427357601002e-15,0.0,0.0,28.11326333953905,0.0,0.0,0.0,0.0,0.0,0.0,0.0,0.0,0.0,0.0
53,13.25,R11Z4,124.66197153072537,0.0,0.0,0.0,87.55231568322182,118.24194845489072,18.44287905406857,0.0,0.0,0.0,0.0,0.0,80.47889289098529,0.0,0.0,0.0,0.0,0.0,0.0
53,13.25,R11Z5,109.40129647974169,0.0,0.0,0.0,0.0,37.138995621698,15.104656979214454,0.0,28.11326333953905,0.0,0.0,0.0,88.12033446165384,0.0,0.0,0.0,0.0,0.0,0.0
53,13.25,R11Z6,108.03342188577751,0.0,0.0,45.000000000000014,104.58321551474539,-1.4210854715202004e-14,0.0,0.0,0.0,0.0,0.0,0.0,0.0,0.0,0.0,0.0,0.0,0.0,0.0
53,13.25,R11Z7,118.42672027363362,0.0,0.0,0.0,0.0,40.14821083291417,42.24818038113006,0.0,28.11326333953905,0.0,0.0,0.0,0.0,0.0,0.0,0.0,0.0,0.0,0.0
53,13.25,R11Z8,70.7298766860275,0.0,0.0,0.0,0.0,83.16513720012708,146.53748599022316,0.0,28.11326333953905,0.0,0.0,0.0,158.33239149722343,0.0,0.0,0.0,0.0,0.0,0.0
53,13.25,R12Z1,82.64912062724048,0.0,135.0,0.0,0.0,105.04267171704673,54.25382874227982,0.0,56.2265266790781,0.0,0.0,0.0,136.68351553374796,0.0,0.0,0.0,0.0,0.0,0.0
53,13.25,R12Z2,103.49500393956252,0.0,135.0,37.319618143872006,70.94212825373957,-7.105427357601002e-15,0.0,0.0,28.11326333953905,0.0,0.0,0.0,87.18524806519397,0.0,0.0,0.0,0.0,0.0,0.0
53,13.25,R12Z3,95.43347010316441,0.0,0.0,50.37481616771037,34.73276223550972,84.62518383228962,0.0,0.0,28.11326333953905,0.0,0.0,0.0,157.9798166526223,0.0,0.0,0.0,0.0,0.0,0.0
53,13.25,R12Z4,130.94252585459418,0.0,0.0,0.0,0.0,135.0,46.258473099085705,0.0,0.0,0.0,0.0,0.0,0.0,0.0,0.0,0.0,0.0,0.0,0.0
53,13.25,R12Z5,97.85175981701798,0.0,0.0,27.445613025650857,52.65723415017001,17.554386974349143,0.0,0.0,0.0,0.0,0.0,0.0,149.56237311737516,0.0,0.0,0.0,0.0,0.0,0.0
53,13.25,R12Z6,97.4906249370891,0.0,0.0,0.0,0.0,84.34900087001368,66.71050766731662,0.0,0.0,0.0,0.0,0.0,0.0,0.0,0.0,0.0,0.0,0.0,0.0
53,13.25,R12Z7,128.06516398157717,0.0,0.0,122.0515493226292,33.397125569866226,1.4210854715202004e-14,0.0,0.0,56.2265266790781,0.0,0.0,0.0,0.0,0.0,0.0,0.0,0.0,0.0,0.0
53,13.25,R12Z8,143.3062287081618,0.0,0.0,0.0,0.0,80.36327807829325,61.477402297089384,0.0,0.0,0.0,0.0,0.0,72.23954907787937,0.0,0.0,0.0,0.0,0.0,0.0
53,13.25,R12Z9,99.20635982419957,0.0,0.0,44.999999999999986,85.49949864165212,1.4210854715202004e-14,0.0,0.0,56.2265266790781,0.0,0.0,0.0,163.9059778751771,0.0,0.0,0.0,0.0,0.0,0.0
54,13.5,R1Z1,115.03782409969243,0.0,0.0,107.13602754929143,122.91066676085934,1.4210854715202004e-14,0.0,0.0,71.93259588591744,0.0,0.0,0.0,149.72517432485444,0.0,0.0,581.336020296469,0.0,0.0,0.0
54,13.5,R1Z2,56.308216534992305,0.0,0.0,36.32503341757884,72.3050473835774,0.0,0.0,0.0,71.93259588591744,0.0,0.9322810770017629,0.0,200.85641902900448,0.0,0.0,0.0,0.0,0.0,0.0
54,13.5,R1Z3,103.91974873771086,0.0,0.0,0.0,0.0,104.08775786727283,0.0,0.0,35.96629794295872,0.0,0.9322810770017629,0.0,200.85641902900448,0.0,0.0,0.0,0.0,0.0,0.0
54,13.5,R1Z4,78.93642708809679,0.0,0.0,128.32181311549763,43.85373961070311,0.0,0.0,0.0,71.93259588591744,0.0,0.0,0.0,0.0,0.0,0.0,0.0,0.0,0.0,0.0
54,13.5,R1Z5,92.31526718955192,0.0,0.0,77.64054242330432,21.44514708022119,0.0,0.0,0.0,71.93259588591744,0.0,0.0,0.0,0.0,0.0,0.0,0.0,0.0,0.0,0.0
54,13.5,R1Z6,97.44802884151457,0.0,0.0,108.13183271668365,0.0,0.0,0.0,0.0,0.0,0.0,0.46614053850088144,0.0,100.42820951450224,0.0,0.0,0.0,0.0,0.0,0.0
54,13.5,R1Z7,100.9725146138891,0.0,0.0,37.43648406574846,0.0,0.0,0.0,0.0,35.96629794295872,0.0,0.46614053850088144,0.0,100.42820951450224,0.0,0.0,0.0,0.0,0.0,0.0
54,13.5,R1Z8,68.73012270592461,0.0,0.0,42.72013035811354,58.514122397050905,7.105427357601002e-15,0.0,0.0,0.0,0.0,0.0,0.0,0.0,0.0,0.0,0.0,0.0,0.0,0.0
54,13.5,R1Z9,108.12546400198529,0.0,0.0,82.32121029772573,16.763319694522483,0.0,0.0,0.0,0.0,0.0,0.9322810770017629,0.0,200.85641902900448,0.0,0.0,0.0,0.0,0.0,0.0
54,13.5,R1Z10,106.89621053793229,0.0,0.0,17.216884572667176,5.946304014057553,107.6427653680087,0.0,0.0,0.0,0.0,0.9322810770017629,0.0,200.85641902900448,0.0,0.0,0.0,0.0,0.0,0.0
54,13.5,R2Z1,99.68371209053704,0.0,135.0,135.0,85.54931031613519,0.0,0.0,0.0,0.0,0.0,0.0,0.0,73.66603252438227,2.354085651465958,0.0,640.0,0.0,0.0,0.0
54,13.5,R2Z2,104.64897118147631,0.0,135.0,0.0,0.0,90.0,50.926984074026514,0.0,0.0,0.0,0.0,0.0,79.62024852719527,2.354085651465958,0.0,640.0,0.0,0.0,0.0
54,13.5,R2Z3,108.22609220619613,0.0,0.0,135.0,28.200220473104967,0.0,0.0,0.0,35.96629794295872,0.0,0.0,0.0,68.92258478061353,0.0,0.0,0.0,0.0,0.0,0.0
54,13.5,R2Z4,87.49513883581938,0.0,0.0,0.0,0.0,45.0,73.76729679363952,0.0,71.93259588591744,0.0,0.0,0.0,0.0,0.0,0.0,0.0,0.0,0.0,0.0
54,13.5,R2Z5,107.87047513236844,0.0,0.0,0.0,0.0,45.0,80.80433058299052,0.0,35.96629794295872,0.0,0.0,0.0,0.0,0.0,0.0,0.0,0.0,0.0,0.0
54,13.5,R2Z6,88.25603686522015,0.0,0.0,0.0,0.0,82.89608129446255,23.28055110464868,0.0,71.93259588591744,0.0,0.0,0.0,166.41254253975947,0.0,0.0,0.0,0.0,0.0,0.0
54,13.5,R2Z7,120.8242891719567,0.0,0.0,45.0,36.36985830241824,0.0,0.0,0.0,71.93259588591744,0.0,0.0,0.0,85.02687350596474,0.0,0.0,0.0,0.0,0.0,0.0
54,13.5,R2Z8,89.46068663375137,0.0,0.0,0.0,0.0,122.88957192364377,24.80489318198222,0.0,0.0,0.0,0.0,0.0,87.61714805783636,0.0,0.0,0.0,0.0,0.0,0.0
54,13.5,R2Z9,86.21913845478555,0.0,0.0,0.0,0.0,40.319543040718806,80.67834179959104,0.0,35.96629794295872,0.0,0.0,0.0,80.13610923736186,0.0,0.0,0.0,0.0,0.0,0.0
54,13.5,R3Z1,68.48365119577247,0.0,0.0,0.0,0.0,135.0,22.20776239123961,0.0,0.0,0.0,0.0,0.0,0.0,0.0,0.0,0.0,0.0,0.0,0.0
54,13.5,R3Z2,78.53831616462242,0.0,0.0,101.64483913191567,70.01347042315062,9.548944083370117,0.0,0.0,71.93259588591744,0.0,0.0,0.0,159.61941449835808,0.0,0.0,0.0,0.0,0.0,0.0
54,13.5,R3Z3,97.35895537578047,0.0,0.0,0.0,0.0,44.6138766881903,37.34885445236337,0.0,35.96629794295872,0.0,0.0,0.0,0.0,0.0,0.0,0.0,0.0,0.0,0.0
54,13.5,R4Z1,115.06637686699183,0.0,135.0,0.0,0.0,33.36706720793006,21.16963455365298,0.0,71.93259588591744,0.0,0.0,0.0,78.96943263178518,0.0,0.0,0.0,0.0,0.0,0.0
54,13.5,R4Z2,133.99516102439435,0.0,0.0,0.0,0.0,131.5039809361869,28.976170471682767,0.0,71.93259588591744,0.0,0.0,0.0,156.11126627412614,0.0,0.0,0.0,0.0,0.0,0.0
54,13.5,R4Z3,99.60742752962807,0.0,0.0,0.0,0.0,79.58288522132484,59.312053596170976,0.0,0.0,0.0,0.0,0.0,0.0,0.0,0.0,0.0,0.0,0.0,0.0
54,13.5,R4Z4,101.87471842455076,0.0,0.0,45.0,17.38374638698796,0.0,0.0,0.0,0.0,0.0,0.0,0.0,0.0,0.0,0.0,0.0,0.0,0.0,0.0
54,13.5,R4Z5,107.08912882980125,0.0,0.0,44.999999999999986,87.66684341858918,1.4210854715202004e-14,0.0,0.0,71.93259588591744,0.0,0.0,0.0,0.0,0.0,0.0,0.0,0.0,0.0,0.0
54,13.5,R4Z6,75.56786883130948,0.0,0.0,46.17798362245254,27.944766662996976,43.82201637754746,0.0,0.0,71.93259588591744,0.0,0.0,0.0,148.57598539470982,0.0,0.0,0.0,0.0,0.0,0.0
54,13.5,R4Z7,110.24407548225794,0.0,0.0,0.0,0.0,87.11670992144654,71.31994518286673,0.0,71.93259588591744,0.0,0.0,0.0,0.0,0.0,0.0,0.0,0.0,0.0,0.0
54,13.5,R4Z8,113.18398391561288,0.0,0.0,0.0,0.0,74.73743188755924,23.456782135791755,0.0,71.93259588591744,0.0,0.0,0.0,0.0,0.0,0.0,0.0,0.0,0.0,0.0
54,13.5,R4Z9,112.21936712688486,0.0,0.0,0.0,0.0,89.99603238266856,69.78326623602466,0.0,0.0,0.0,0.0,0.0,85.99735477289659,0.0,0.0,0.0,0.0,0.0,0.0
54,13.5,R4Z10,63.12410621583295,0.0,0.0,37.90741917492879,104.04811998968803,-1.4210854715202004e-14,0.0,0.0,0.0,0.0,0.0,0.0,87.60758881080457,0.0,0.0,0.0,0.0,0.0,0.0
54,13.5,R4Z11,108.21090830243199,0.0,0.0,0.0,0.0,73.98646330351218,0.0,0.0,35.96629794295872,0.0,0.0,0.0,81.04910779526146,0.0,0.0,0.0,0.0,0.0,0.0
54,13.5,R5Z1,139.17662053061022,0.0,135.0,0.0,0.0,135.0,28.46519803931144,0.0,0.0,0.0,0.0,0.0,70.75896767719348,0.0,0.0,0.0,0.0,0.0,0.0
54,13.5,R5Z2,78.015588146506,0.0,135.0,35.18440452659622,51.78439894523546,7.105427357601002e-15,0.0,0.0,35.96629794295872,0.0,0.0,0.0,168.35849082994713,0.0,0.0,0.0,0.0,0.0,0.0
54,13.5,R5Z3,107.46891865768495,0.0,0.0,0.0,0.0,105.24726356022774,68.82015612355627,0.0,35.96629794295872,0.0,0.0,0.0,142.80043083113605,0.0,0.0,0.0,0.0,0.0,0.0
54,13.5,R5Z4,86.28885454650464,0.0,0.0,0.0,0.0,125.54945411175603,10.90840991463666,0.0,71.93259588591744,0.0,0.0,0.0,0.0,0.0,0.0,0.0,0.0,0.0,0.0
54,13.5,R5Z5,77.65928428439017,0.0,0.0,0.0,0.0,45.0,48.567770046260236,0.0,35.96629794295872,0.0,0.0,0.0,78.5630779521401,0.0,0.0,0.0,0.0,0.0,0.0
54,13.5,R5Z6,91.3659280614234,0.0,0.0,0.0,0.0,41.727453445171264,85.01397745603157,0.0,71.93259588591744,0.0,0.0,0.0,159.47593700865974,0.0,0.0,0.0,0.0,0.0,0.0
54,13.5,R5Z7,71.27220013641812,0.0,0.0,0.0,0.0,79.78675900644188,22.407277297897625,0.0,0.0,0.0,0.0,0.0,86.52142148662581,0.0,0.0,0.0,0.0,0.0,0.0
54,13.5,R5Z8,100.10372906566808,0.0,0.0,0.0,0.0,83.26737586315097,47.98315209093066,0.0,35.96629794295872,0.0,0.0,0.0,161.03681708373782,0.0,0.0,0.0,0.0,0.0,0.0
54,13.5,R5Z9,105.68844624490146,0.0,0.0,110.02062220413518,82.83937278347457,-1.4210854715202004e-14,0.0,0.0,0.0,0.0,0.0,0.0,83.90172772929319,0.0,0.0,0.0,0.0,0.0,0.0
54,13.5,R6Z1,97.30629301543517,0.0,135.0,90.0,21.905423131252117,0.0,0.0,0.0,0.0,0.0,0.0,0.0,0.0,2.354085651465958,0.0,640.0,0.0,0.0,0.0
54,13.5,R6Z2,107.40237106981117,0.0,135.0,0.0,0.0,87.69478504619325,21.38926459334484,0.0,71.93259588591744,0.0,0.0,0.0,136.67838042851946,2.354085651465958,0.0,640.0,0.0,0.0,0.0
54,13.5,R6Z3,128.28906854220395,0.0,0.0,126.44126469451135,62.37460063524751,0.0,0.0,0.0,35.96629794295872,0.0,0.0,0.0,80.49765177811047,0.0,0.0,0.0,0.0,0.0,0.0
54,13.5,R6Z4,78.13371545966481,0.0,0.0,0.0,0.0,41.736585150175365,98.23981765979981,0.0,35.96629794295872,0.0,0.0,0.0,76.32901426746925,0.0,0.0,0.0,0.0,0.0,0.0
54,13.5,R7Z1,150.8351133376733,0.0,135.0,0.0,0.0,86.17510610491459,80.4387509828906,0.0,35.96629794295872,0.0,0.0,0.0,0.0,2.354085651465958,0.0,640.0,0.0,0.0,0.0
54,13.5,R7Z2,125.98755616667806,0.0,135.0,0.0,0.0,107.94942067594255,15.634572349433942,0.0,0.0,0.0,0.0,0.0,162.7275560462143,0.0,0.0,0.0,0.0,0.0,0.0
54,13.5,R7Z3,137.7730271207761,0.0,0.0,43.86642656642924,71.66095738533095,-7.105427357601002e-15,0.0,0.0,71.93259588591744,0.0,0.0,0.0,138.97083083814215,0.0,0.0,0.0,0.0,0.0,0.0
54,13.5,R7Z4,144.28076251069362,0.0,0.0,0.0,0.0,120.32069739470087,129.62070037808033,0.0,35.96629794295872,0.0,0.0,0.0,67.80556343809556,0.0,0.0,0.0,0.0,0.0,0.0
54,13.5,R7Z5,119.62164495758608,0.0,0.0,45.0,128.6298591400116,0.0,0.0,0.0,71.93259588591744,0.0,0.0,0.0,0.0,0.0,0.0,0.0,0.0,0.0,0.0
54,13.5,R7Z6,77.56713814677803,0.0,0.0,0.0,0.0,85.90608092324074,76.7580294175523,0.0,71.93259588591744,0.0,0.0,0.0,0.0,0.0,0.0,0.0,0.0,0.0,0.0
54,13.5,R7Z7,106.35002661361838,0.0,0.0,62.40682748172884,0.0,17.551647627592303,0.0,0.0,0.0,0.0,0.0,0.0,68.10985181733548,0.0,0.0,0.0,0.0,0.0,0.0
54,13.5,R7Z8,103.06321240621928,0.0,0.0,0.0,0.0,116.50247478861968,42.77507564766725,0.0,71.93259588591744,0.0,0.0,0.0,144.6705262090132,0.0,0.0,0.0,0.0,0.0,0.0
54,13.5,R7Z9,97.04668845953121,0.0,0.0,0.0,0.0,76.21552183122488,82.93735164125573,0.0,71.93259588591744,0.0,0.0,0.0,79.10006267394935,0.0,0.0,0.0,0.0,0.0,0.0
54,13.5,R8Z1,109.44262250681204,0.0,135.0,0.0,0.0,73.82341418146629,102.38787632627874,0.0,35.96629794295872,0.0,0.0,0.0,84.22846245621957,2.354085651465958,0.0,640.0,0.0,0.0,0.0
54,13.5,R8Z2,101.99179985802986,0.0,135.0,0.0,0.0,89.71805561334872,135.1693189385301,0.0,35.96629794295872,0.0,0.0,0.0,146.73333998771514,0.0,0.0,0.0,0.0,0.0,0.0
54,13.5,R8Z3,121.26858619063724,0.0,0.0,84.58773010528776,35.30498594563875,0.0,0.0,0.0,35.96629794295872,0.0,0.0,0.0,171.6676093743107,0.0,0.0,0.0,0.0,0.0,0.0
54,13.5,R8Z4,80.89782834089951,0.0,0.0,0.0,0.0,77.23644281637515,54.18544435897816,0.0,0.0,0.0,0.0,0.0,0.0,0.0,0.0,0.0,0.0,0.0,0.0
54,13.5,R8Z5,112.59019913302431,0.0,0.0,0.0,0.0,64.5183425110263,12.459562240267,0.0,35.96629794295872,0.0,0.0,0.0,85.43079907356066,0.0,0.0,0.0,0.0,0.0,0.0
54,13.5,R8Z6,113.76077242323193,0.0,0.0,36.05784458095701,38.52310594972272,-7.105427357601002e-15,0.0,0.0,35.96629794295872,0.0,0.0,0.0,0.0,0.0,0.0,0.0,0.0,0.0,0.0
54,13.5,R8Z7,143.18814925589152,0.0,0.0,90.0,41.668281793809065,0.0,0.0,0.0,0.0,0.0,0.0,0.0,79.15021351498426,0.0,0.0,0.0,0.0,0.0,0.0
54,13.5,R8Z8,91.68720743442432,0.0,0.0,0.0,9.617441379591455,90.0,8.200329049702063,0.0,35.96629794295872,0.0,0.0,0.0,84.15374569232873,0.0,0.0,0.0,0.0,0.0,0.0
54,13.5,R9Z1,83.85881783028516,0.0,135.0,0.0,0.0,39.28067996968343,23.087247155165596,0.0,35.96629794295872,0.0,0.0,0.0,0.0,2.354085651465958,0.0,640.0,0.0,0.0,0.0
54,13.5,R9Z2,115.18931662680171,0.0,135.0,0.0,0.0,41.64292139771347,110.17676145030751,0.0,35.96629794295872,0.0,0.0,0.0,74.83329263628609,2.354085651465958,0.0,640.0,0.0,0.0,0.0
54,13.5,R9Z3,114.19559353979527,0.0,0.0,0.0,0.0,79.66280506737998,61.500197637553875,0.0,71.93259588591744,0.0,0.0,0.0,137.5576865485221,0.0,0.0,0.0,0.0,0.0,0.0
54,13.5,R9Z4,89.99706793802373,0.0,0.0,90.0,102.39020839970377,0.0,0.0,0.0,35.96629794295872,0.0,0.0,0.0,72.15004213898467,0.0,0.0,0.0,0.0,0.0,0.0
54,13.5,R9Z5,76.98170901415101,0.0,0.0,0.0,0.0,68.35866133302105,97.83498285656462,0.0,35.96629794295872,0.0,0.0,0.0,150.2708001833587,0.0,0.0,0.0,0.0,0.0,0.0
54,13.5,R9Z6,84.73678914664846,0.0,0.0,35.464849593025235,28.833163891208756,0.0,0.0,0.0,35.96629794295872,0.0,0.0,0.0,159.77188017429364,0.0,0.0,0.0,0.0,0.0,0.0
54,13.5,R9Z7,86.10725405334009,0.0,0.0,8.913903755974161,51.07681870416903,105.48488678208729,0.0,0.0,0.0,0.0,0.0,0.0,76.57406973096084,0.0,0.0,0.0,0.0,0.0,0.0
54,13.5,R9Z8,116.45990113344699,0.0,0.0,0.0,0.0,83.36905398664722,40.258593078583615,0.0,35.96629794295872,0.0,0.0,0.0,71.55020293879893,0.0,0.0,0.0,0.0,0.0,0.0
54,13.5,R9Z9,115.48698287470694,0.0,0.0,0.0,0.0,78.92735911394736,25.922012010507338,0.0,0.0,0.0,0.0,0.0,162.3710741065119,0.0,0.0,0.0,0.0,0.0,0.0
54,13.5,R9Z10,78.8567020940038,0.0,0.0,77.40964849817884,121.83329761815811,0.0,0.0,0.0,0.0,0.0,0.0,0.0,0.0,0.0,0.0,0.0,0.0,0.0,0.0
54,13.5,R9Z11,91.15982662780821,0.0,0.0,0.0,0.0,41.42534695304672,139.7264204932752,0.0,0.0,0.0,0.0,0.0,160.47021129739193,0.0,0.0,0.0,0.0,0.0,0.0
54,13.5,R10Z1,109.40837924773118,0.0,0.0,0.0,0.0,44.98010567016142,78.76130808409721,0.0,0.0,0.0,0.0,0.0,70.34337105529893,2.354085651465958,0.0,640.0,0.0,0.0,0.0
54,13.5,R10Z2,71.014695045516,0.0,0.0,0.0,0.0,78.21986515815416,93.23863860627512,0.0,0.0,0.0,0.0,0.0,167.5229239045828,2.354085651465958,0.0,640.0,0.0,0.0,0.0
54,13.5,R10Z3,86.98198528317462,0.0,0.0,0.0,0.0,135.0,76.99149838399006,0.0,0.0,0.0,0.0,0.0,80.52742674651581,0.0,0.0,0.0,0.0,0.0,0.0
54,13.5,R10Z4,93.46551778256129,0.0,0.0,0.0,0.0,40.99885156657986,34.682269199024105,0.0,71.93259588591744,0.0,0.0,0.0,81.6460431263842,0.0,0.0,0.0,0.0,0.0,0.0
54,13.5,R10Z5,64.28614540578118,0.0,0.0,0.0,0.0,38.75335510447614,118.61011607753004,0.0,71.93259588591744,0.0,0.0,0.0,0.0,0.0,0.0,0.0,0.0,0.0,0.0
54,13.5,R10Z6,84.8318043549433,0.0,0.0,90.0,33.508048267560724,0.0,0.0,0.0,71.93259588591744,0.0,0.0,0.0,69.26879567885607,0.0,0.0,0.0,0.0,0.0,0.0
54,13.5,R10Z7,86.89964664265415,0.0,0.0,36.05322365463283,178.76070215858732,7.105427357601002e-15,0.0,0.0,71.93259588591744,0.0,0.0,0.0,83.79963723038166,0.0,0.0,0.0,0.0,0.0,0.0
54,13.5,R10Z8,83.19993025749065,0.0,0.0,0.0,0.0,45.0,47.033684203973074,0.0,0.0,0.0,0.0,0.0,81.09011285697619,0.0,0.0,0.0,0.0,0.0,0.0
54,13.5,R10Z9,105.93953070152278,0.0,0.0,0.0,53.429586735415356,36.315865323198025,39.31764353151033,0.0,35.96629794295872,0.0,0.0,0.0,0.0,0.0,0.0,0.0,0.0,0.0,0.0
54,13.5,R11Z1,136.36895630976554,0.0,135.0,0.0,0.0,89.07873434945328,86.08981489545793,0.0,71.93259588591744,0.0,0.0,0.0,158.30840312706698,0.0,0.0,0.0,0.0,0.0,0.0
54,13.5,R11Z2,107.66248553256236,0.0,135.0,0.0,0.0,44.30687837917201,23.324399063022817,0.0,35.96629794295872,0.0,0.0,0.0,69.33518921858361,0.0,0.0,0.0,0.0,0.0,0.0
54,13.5,R11Z3,113.87262449856578,0.0,0.0,0.0,0.0,45.0,32.58079257471104,0.0,35.96629794295872,0.0,0.0,0.0,0.0,0.0,0.0,0.0,0.0,0.0,0.0
54,13.5,R11Z4,143.08932548933447,0.0,0.0,0.0,0.0,125.29153658366528,83.36525159511817,0.0,0.0,0.0,0.0,0.0,80.38889918997123,0.0,0.0,0.0,0.0,0.0,0.0
54,13.5,R11Z5,118.17476561920813,0.0,0.0,24.59168221679947,34.58400602022385,10.432748812373582,0.0,0.0,35.96629794295872,0.0,0.0,0.0,88.02179589150298,0.0,0.0,0.0,0.0,0.0,0.0
54,13.5,R11Z6,86.02541594906398,0.0,0.0,0.0,0.0,45.0,44.8993611357141,0.0,0.0,0.0,0.0,0.0,0.0,0.0,0.0,0.0,0.0,0.0,0.0
54,13.5,R11Z7,105.69559512183179,0.0,0.0,39.93118419814095,61.84393400002538,-7.105427357601002e-15,0.0,0.0,35.96629794295872,0.0,0.0,0.0,0.0,0.0,0.0,0.0,0.0,0.0,0.0
54,13.5,R11Z8,86.15508241340316,0.0,0.0,80.12535394040768,49.71286788945995,0.0,0.0,0.0,35.96629794295872,0.0,0.0,0.0,158.15533988295053,0.0,0.0,0.0,0.0,0.0,0.0
54,13.5,R12Z1,67.49332246111435,0.0,135.0,0.0,0.0,113.71405497000009,72.02406493448439,0.0,71.93259588591744,0.0,0.0,0.0,136.53067228518142,0.0,0.0,0.0,0.0,0.0,0.0
54,13.5,R12Z2,115.29454775855945,0.0,135.0,33.57786200900077,26.19107402367729,0.0,0.0,0.0,35.96629794295872,0.0,0.0,0.0,87.08775513424816,0.0,0.0,0.0,0.0,0.0,0.0
54,13.5,R12Z3,112.08588340932201,0.0,0.0,0.0,0.0,135.0,40.14845477116458,0.0,35.96629794295872,0.0,0.0,0.0,157.80315929719183,0.0,0.0,0.0,0.0,0.0,0.0
54,13.5,R12Z4,96.45551352851054,0.0,0.0,134.32515721993792,17.028765035455812,0.0,0.0,0.0,0.0,0.0,0.0,0.0,0.0,0.0,0.0,0.0,0.0,0.0,0.0
54,13.5,R12Z5,89.01371371920088,0.0,0.0,0.0,0.0,42.90520573135776,43.39780747206764,0.0,0.0,0.0,0.0,0.0,149.3951283777201,0.0,0.0,0.0,0.0,0.0,0.0
54,13.5,R12Z6,111.74070770771618,0.0,0.0,75.00813945594331,116.02733573686504,1.4210854715202004e-14,0.0,0.0,0.0,0.0,0.0,0.0,0.0,0.0,0.0,0.0,0.0,0.0,0.0
54,13.5,R12Z7,121.22597110618639,0.0,0.0,0.0,0.0,126.08717548815511,49.42840462687451,0.0,71.93259588591744,0.0,0.0,0.0,0.0,0.0,0.0,0.0,0.0,0.0,0.0
54,13.5,R12Z8,162.4325812535452,0.0,0.0,0.0,0.0,81.43724428833194,62.96102541191683,0.0,0.0,0.0,0.0,0.0,72.15876883665622,0.0,0.0,0.0,0.0,0.0,0.0
54,13.5,R12Z9,105.8346246998744,0.0,0.0,0.0,58.209519206844774,45.0,0.7697166289054564,0.0,71.93259588591744,0.0,0.0,0.0,163.72269372404818,0.0,0.0,0.0,0.0,0.0,0.0
55,13.75,R1Z1,113.13146615926699,0.0,0.0,109.42534904751948,34.276545351922906,0.0,0.0,0.0,90.29219088272188,0.0,0.0,0.0,149.55774753643274,0.0,0.0,580.837400916364,0.0,0.0,0.0
55,13.75,R1Z2,47.81512900537792,0.0,0.0,33.53150089692437,69.55847248954402,0.0,0.0,0.0,90.29219088272188,0.0,0.9322810770017629,0.0,200.85641902900448,0.0,0.0,0.0,0.0,0.0,0.0
55,13.75,R1Z3,112.2009955190321,0.0,0.0,0.0,76.24041903936283,103.76560066467788,10.891137549625924,0.0,45.14609544136094,0.0,0.9322810770017629,0.0,200.85641902900448,0.0,0.0,0.0,0.0,0.0,0.0
55,13.75,R1Z4,91.14138709421495,0.0,0.0,123.19193153186536,41.304906108575366,0.0,0.0,0.0,90.29219088272188,0.0,0.0,0.0,0.0,0.0,0.0,0.0,0.0,0.0,0.0
55,13.75,R1Z5,91.78853696914031,0.0,0.0,71.31254158884963,37.36143258097375,0.0,0.0,0.0,90.29219088272188,0.0,0.0,0.0,0.0,0.0,0.0,0.0,0.0,0.0,0.0
55,13.75,R1Z6,76.03527456848745,0.0,0.0,0.0,0.0,119.03045967413692,43.695198601872185,0.0,0.0,0.0,0.46614053850088144,0.0,100.42820951450224,0.0,0.0,0.0,0.0,0.0,0.0
55,13.75,R1Z7,94.22099698066218,0.0,0.0,39.59609300434049,6.754976079844449,0.0,0.0,0.0,45.14609544136094,0.0,0.46614053850088144,0.0,100.42820951450224,0.0,0.0,0.0,0.0,0.0,0.0
55,13.75,R1Z8,73.136813907031,0.0,0.0,0.0,0.0,45.0,104.15702498221223,0.0,0.0,0.0,0.0,0.0,0.0,0.0,0.0,0.0,0.0,0.0,0.0
55,13.75,R1Z9,117.23900930392314,0.0,0.0,0.0,0.0,83.03831043070801,118.75773697916496,0.0,0.0,0.0,0.9322810770017629,0.0,200.85641902900448,0.0,0.0,0.0,0.0,0.0,0.0
55,13.75,R1Z10,101.62467133162333,0.0,0.0,135.0,33.2017722678486,0.0,0.0,0.0,0.0,0.0,0.9322810770017629,0.0,200.85641902900448,0.0,0.0,0.0,0.0,0.0,0.0
55,13.75,R2Z1,106.32426378682285,0.0,135.0,0.0,0.0,135.0,138.59434864821174,0.0,0.0,0.0,0.0,0.0,73.5836571503215,2.354085651465958,0.0,640.0,0.0,0.0,0.0
55,13.75,R2Z2,96.234449652432,0.0,135.0,0.0,0.0,90.0,68.93208482344862,0.0,0.0,0.0,0.0,0.0,79.53121498581284,2.354085651465958,0.0,640.0,0.0,0.0,0.0
55,13.75,R2Z3,106.43544696444488,0.0,0.0,0.0,0.0,135.0,43.592154633015205,0.0,45.14609544136094,0.0,0.0,0.0,68.84551365966428,0.0,0.0,0.0,0.0,0.0,0.0
55,13.75,R2Z4,83.24463377806904,0.0,0.0,0.0,0.0,45.0,73.64647010245821,0.0,90.29219088272188,0.0,0.0,0.0,0.0,0.0,0.0,0.0,0.0,0.0,0.0
55,13.75,R2Z5,109.34411456731459,0.0,0.0,0.0,0.0,45.0,91.0531150348308,0.0,45.14609544136094,0.0,0.0,0.0,0.0,0.0,0.0,0.0,0.0,0.0,0.0
55,13.75,R2Z6,78.65705366554566,0.0,0.0,82.12769907974015,36.84937422650572,0.0,0.0,0.0,90.29219088272188,0.0,0.0,0.0,166.22645547940937,0.0,0.0,0.0,0.0,0.0,0.0
55,13.75,R2Z7,96.42670684460909,0.0,0.0,0.0,0.0,45.0,60.05538243479659,0.0,90.29219088272188,0.0,0.0,0.0,84.93179412853317,0.0,0.0,0.0,0.0,0.0,0.0
55,13.75,R2Z8,83.52817786047329,0.0,0.0,0.0,0.0,121.24799330212082,35.030829297542006,0.0,0.0,0.0,0.0,0.0,87.51917216449618,0.0,0.0,0.0,0.0,0.0,0.0
55,13.75,R2Z9,80.22672724671327,0.0,0.0,38.83553588413969,64.41158502531258,0.0,0.0,0.0,45.14609544136094,0.0,0.0,0.0,80.04649884641245,0.0,0.0,0.0,0.0,0.0,0.0
55,13.75,R3Z1,72.91453937184214,0.0,0.0,28.608376513919833,19.503274602134088,106.03965537139126,0.0,0.0,0.0,0.0,0.0,0.0,0.0,0.0,0.0,0.0,0.0,0.0,0.0
55,13.75,R3Z2,85.34480650890461,0.0,0.0,0.0,0.0,127.56468098982205,92.88575803713015,0.0,90.29219088272188,0.0,0.0,0.0,159.4409236997351,0.0,0.0,0.0,0.0,0.0,0.0
55,13.75,R3Z3,78.69989907798002,0.0,0.0,0.0,0.0,41.36312688579099,29.839537899015347,0.0,45.14609544136094,0.0,0.0,0.0,0.0,0.0,0.0,0.0,0.0,0.0,0.0
55,13.75,R4Z1,98.78134390243247,0.0,135.0,0.0,0.0,33.2671058674456,109.6287558719024,0.0,90.29219088272188,0.0,0.0,0.0,78.88112685055205,0.0,0.0,0.0,0.0,0.0,0.0
55,13.75,R4Z2,117.87897322261836,0.0,0.0,113.84460224183196,5.589922172290292,13.981025679988349,0.0,0.0,90.29219088272188,0.0,0.0,0.0,155.93669838287752,0.0,0.0,0.0,0.0,0.0,0.0
55,13.75,R4Z3,90.41387418157471,0.0,0.0,0.0,0.0,68.50201467786638,98.47274215199118,0.0,0.0,0.0,0.0,0.0,0.0,0.0,0.0,0.0,0.0,0.0,0.0
55,13.75,R4Z4,110.15175367219716,0.0,0.0,0.0,0.0,42.45465250755302,29.572432633808546,0.0,0.0,0.0,0.0,0.0,0.0,0.0,0.0,0.0,0.0,0.0,0.0
55,13.75,R4Z5,111.77617126242458,0.0,0.0,0.0,0.0,45.0,107.5347705889403,0.0,90.29219088272188,0.0,0.0,0.0,0.0,0.0,0.0,0.0,0.0,0.0,0.0
55,13.75,R4Z6,75.7067150517207,0.0,0.0,0.0,0.0,83.61600291198005,32.77613188102346,0.0,90.29219088272188,0.0,0.0,0.0,148.40984366080707,0.0,0.0,0.0,0.0,0.0,0.0
55,13.75,R4Z7,101.93771892273254,0.0,0.0,76.0262841229968,77.67017562512538,0.0,0.0,0.0,90.29219088272188,0.0,0.0,0.0,0.0,0.0,0.0,0.0,0.0,0.0,0.0
55,13.75,R4Z8,136.11826593139028,0.0,0.0,0.0,0.0,72.3356290578508,25.962256790526904,0.0,90.29219088272188,0.0,0.0,0.0,0.0,0.0,0.0,0.0,0.0,0.0,0.0
55,13.75,R4Z9,118.34749177994843,0.0,0.0,64.83645471721982,91.71771075025185,17.939167346355305,0.0,0.0,0.0,0.0,0.0,0.0,85.90119017674692,0.0,0.0,0.0,0.0,0.0,0.0
55,13.75,R4Z10,76.33876995654576,0.0,0.0,0.0,0.0,34.8999646558808,0.0,0.0,0.0,0.0,0.0,0.0,87.5096236068761,0.0,0.0,0.0,0.0,0.0,0.0
55,13.75,R4Z11,114.13331248382339,0.0,0.0,0.0,0.0,67.98371480597001,67.52339042269284,0.0,45.14609544136094,0.0,0.0,0.0,80.95847646433269,0.0,0.0,0.0,0.0,0.0,0.0
55,13.75,R5Z1,129.69394978994376,0.0,135.0,43.6198082868003,16.500757100101218,89.38978439937179,0.0,0.0,0.0,0.0,0.0,0.0,70.67984306262117,0.0,0.0,0.0,0.0,0.0,0.0
55,13.75,R5Z2,96.47051699278514,0.0,135.0,0.0,0.0,32.929564936022366,17.429142769045352,0.0,45.14609544136094,0.0,0.0,0.0,168.17022775695165,0.0,0.0,0.0,0.0,0.0,0.0
55,13.75,R5Z3,110.25395732589215,0.0,0.0,0.0,0.0,104.13690259747952,52.26024933957268,0.0,45.14609544136094,0.0,0.0,0.0,142.64074748044303,0.0,0.0,0.0,0.0,0.0,0.0
55,13.75,R5Z4,98.08490692071015,0.0,0.0,117.08874989609784,25.06822303540328,0.0,0.0,0.0,90.29219088272188,0.0,0.0,0.0,0.0,0.0,0.0,0.0,0.0,0.0,0.0
55,13.75,R5Z5,94.12587648482734,0.0,0.0,0.0,0.0,45.0,34.95089736399544,0.0,45.14609544136094,0.0,0.0,0.0,78.47522656783308,0.0,0.0,0.0,0.0,0.0,0.0
55,13.75,R5Z6,111.98370205103737,0.0,0.0,0.0,0.0,41.356645940294015,44.74252736225488,0.0,90.29219088272188,0.0,0.0,0.0,159.2976066504932,0.0,0.0,0.0,0.0,0.0,0.0
55,13.75,R5Z7,76.40076806526741,0.0,0.0,0.0,0.0,74.47631568357183,25.04947405968991,0.0,0.0,0.0,0.0,0.0,86.42467086473135,0.0,0.0,0.0,0.0,0.0,0.0
55,13.75,R5Z8,112.38695373484059,0.0,0.0,0.0,0.0,77.6391182054276,56.64057945829445,0.0,45.14609544136094,0.0,0.0,0.0,160.85674130674468,0.0,0.0,0.0,0.0,0.0,0.0
55,13.75,R5Z9,109.09009361528774,0.0,0.0,0.0,105.0444231313015,112.1200806592333,58.08203469117473,0.0,0.0,0.0,0.0,0.0,83.80790652066818,0.0,0.0,0.0,0.0,0.0,0.0
55,13.75,R6Z1,100.21265917667445,0.0,135.0,90.0,51.196961741209144,0.0,0.0,0.0,0.0,0.0,0.0,0.0,0.0,2.354085651465958,0.0,640.0,0.0,0.0,0.0
55,13.75,R6Z2,91.19194477172503,0.0,135.0,0.0,0.0,73.5450784851095,13.738058490457835,0.0,90.29219088272188,0.0,0.0,0.0,136.52554292216817,2.354085651465958,0.0,640.0,0.0,0.0,0.0
55,13.75,R6Z3,139.23739592955943,0.0,0.0,7.995087324403059,39.767982367150225,111.15913916292288,0.0,0.0,45.14609544136094,0.0,0.0,0.0,80.40763710039532,0.0,0.0,0.0,0.0,0.0,0.0
55,13.75,R6Z4,85.85336691370512,0.0,0.0,35.54230974949925,95.49055763411477,-1.4210854715202004e-14,0.0,0.0,45.14609544136094,0.0,0.0,0.0,76.2436610743284,0.0,0.0,0.0,0.0,0.0,0.0
55,13.75,R7Z1,164.27682402400237,0.0,135.0,80.67390398727352,65.16737639016196,0.0,0.0,0.0,45.14609544136094,0.0,0.0,0.0,0.0,2.354085651465958,0.0,640.0,0.0,0.0,0.0
55,13.75,R7Z2,145.34338261375666,0.0,135.0,0.0,0.0,118.66342731705318,41.399433402956795,0.0,0.0,0.0,0.0,0.0,162.54558963863198,0.0,0.0,0.0,0.0,0.0,0.0
55,13.75,R7Z3,142.51026857814765,0.0,0.0,0.0,0.0,41.68247829557555,82.84142238964957,0.0,90.29219088272188,0.0,0.0,0.0,138.81542985099057,0.0,0.0,0.0,0.0,0.0,0.0
55,13.75,R7Z4,125.18786629870378,0.0,0.0,0.0,0.0,124.72030536168586,136.59067440727205,0.0,45.14609544136094,0.0,0.0,0.0,67.72974140098822,0.0,0.0,0.0,0.0,0.0,0.0
55,13.75,R7Z5,127.27096241310576,0.0,0.0,0.0,0.0,39.99576618708378,111.97104169795576,0.0,90.29219088272188,0.0,0.0,0.0,0.0,0.0,0.0,0.0,0.0,0.0,0.0
55,13.75,R7Z6,72.51750567880872,0.0,0.0,0.0,0.0,80.2143726721711,62.40020774421158,0.0,90.29219088272188,0.0,0.0,0.0,0.0,0.0,0.0,0.0,0.0,0.0,0.0
55,13.75,R7Z7,96.09152423356647,0.0,0.0,0.0,0.0,70.38041222007918,24.69983919948962,0.0,0.0,0.0,0.0,0.0,68.03368951663305,0.0,0.0,0.0,0.0,0.0,0.0
55,13.75,R7Z8,110.24667458114115,0.0,0.0,0.0,0.0,120.05503449432777,50.119327344497584,0.0,90.29219088272188,0.0,0.0,0.0,144.5087516664777,0.0,0.0,0.0,0.0,0.0,0.0
55,13.75,R7Z9,101.7324782401103,0.0,0.0,67.32774722797797,28.03040687358117,0.8794896516441639,0.0,0.0,90.29219088272188,0.0,0.0,0.0,79.01161081862729,0.0,0.0,0.0,0.0,0.0,0.0
55,13.75,R8Z1,107.57800545312159,0.0,135.0,0.0,0.0,60.5431861889723,50.23338953658656,0.0,45.14609544136094,0.0,0.0,0.0,84.13427588387908,2.354085651465958,0.0,640.0,0.0,0.0,0.0
55,13.75,R8Z2,98.55075524175248,0.0,135.0,0.0,0.0,86.60251295103785,95.5973507098697,0.0,45.14609544136094,0.0,0.0,0.0,146.56925875034602,0.0,0.0,0.0,0.0,0.0,0.0
55,13.75,R8Z3,139.37917941267952,0.0,0.0,0.0,0.0,76.37171574739045,0.6440535187783458,0.0,45.14609544136094,0.0,0.0,0.0,171.475645954377,0.0,0.0,0.0,0.0,0.0,0.0
55,13.75,R8Z4,79.97987641623565,0.0,0.0,0.0,9.539888211482733,67.13085404576447,31.041648552139065,0.0,0.0,0.0,0.0,0.0,0.0,0.0,0.0,0.0,0.0,0.0,0.0
55,13.75,R8Z5,117.39302964986565,0.0,0.0,0.0,0.0,60.65708597148359,114.62314567948329,0.0,45.14609544136094,0.0,0.0,0.0,85.33526801550258,0.0,0.0,0.0,0.0,0.0,0.0
55,13.75,R8Z6,104.87564438892906,0.0,0.0,0.0,0.0,32.95312393179034,69.38183288506848,0.0,45.14609544136094,0.0,0.0,0.0,0.0,0.0,0.0,0.0,0.0,0.0,0.0
55,13.75,R8Z7,140.06762277688605,0.0,0.0,0.0,0.0,84.2935120875363,51.85004613420738,0.0,0.0,0.0,0.0,0.0,79.06170557961894,0.0,0.0,0.0,0.0,0.0,0.0
55,13.75,R8Z8,88.30523624387011,0.0,0.0,51.59237347516023,209.92535638186416,38.40762652483977,0.0,0.0,45.14609544136094,0.0,0.0,0.0,84.05964267031887,0.0,0.0,0.0,0.0,0.0,0.0
55,13.75,R9Z1,100.30658801686234,0.0,135.0,0.0,0.0,35.55396500869498,38.36317949394757,0.0,45.14609544136094,0.0,0.0,0.0,0.0,2.354085651465958,0.0,640.0,0.0,0.0,0.0
55,13.75,R9Z2,116.14095984438286,0.0,135.0,0.0,0.0,40.02034771735419,88.82330781939088,0.0,45.14609544136094,0.0,0.0,0.0,74.74961200001627,2.354085651465958,0.0,640.0,0.0,0.0,0.0
55,13.75,R9Z3,123.25979198453875,0.0,0.0,0.0,0.0,69.5797617559836,43.46415238774678,0.0,90.29219088272188,0.0,0.0,0.0,137.4038657779978,0.0,0.0,0.0,0.0,0.0,0.0
55,13.75,R9Z4,109.24612601578369,0.0,0.0,0.0,0.0,89.34680409575458,109.39973063513408,0.0,45.14609544136094,0.0,0.0,0.0,72.0693619868707,0.0,0.0,0.0,0.0,0.0,0.0
55,13.75,R9Z5,95.12622039739803,0.0,0.0,0.0,0.0,72.01349753949941,44.77836550483283,0.0,45.14609544136094,0.0,0.0,0.0,150.10276326116636,0.0,0.0,0.0,0.0,0.0,0.0
55,13.75,R9Z6,77.48086434020392,0.0,0.0,0.0,0.0,35.979006226670926,39.752883319890884,0.0,45.14609544136094,0.0,0.0,0.0,159.5932188843783,0.0,0.0,0.0,0.0,0.0,0.0
55,13.75,R9Z7,65.18845217032431,0.0,0.0,70.92657502359106,37.688182984644854,44.3672567733979,0.0,0.0,0.0,0.0,0.0,0.0,76.48844251009271,0.0,0.0,0.0,0.0,0.0,0.0
55,13.75,R9Z8,114.12847259117244,0.0,0.0,77.40526428497203,27.07190915816001,0.0,0.0,0.0,45.14609544136094,0.0,0.0,0.0,71.47019354329827,0.0,0.0,0.0,0.0,0.0,0.0
55,13.75,R9Z9,109.38959172954846,0.0,0.0,0.0,0.0,76.20193522379068,31.04523247112674,0.0,0.0,0.0,0.0,0.0,162.18950632679272,0.0,0.0,0.0,0.0,0.0,0.0
55,13.75,R9Z10,80.50893616428023,0.0,0.0,68.47418300403493,80.18654318440201,0.0,0.0,0.0,0.0,0.0,0.0,0.0,0.0,0.0,0.0,0.0,0.0,0.0,0.0
55,13.75,R9Z11,76.6593639492359,0.0,0.0,0.0,0.0,38.37643302716944,114.611394369774,0.0,0.0,0.0,0.0,0.0,160.29076911449903,0.0,0.0,0.0,0.0,0.0,0.0
55,13.75,R10Z1,102.98298302105506,0.0,0.0,0.0,0.0,45.0,76.19659847683066,0.0,0.0,0.0,0.0,0.0,70.26471117224553,0.0,0.0,639.4510637701335,0.0,0.0,0.0
55,13.75,R10Z2,89.91908017138012,0.0,0.0,67.51183759414327,106.02404521373104,-1.4210854715202004e-14,0.0,0.0,0.0,0.0,0.0,0.0,167.3355951853956,2.354085651465958,0.0,640.0,0.0,0.0,0.0
55,13.75,R10Z3,86.41970736560245,0.0,0.0,0.0,0.0,131.23343696164625,74.96371733337013,0.0,0.0,0.0,0.0,0.0,80.43737877361595,0.0,0.0,0.0,0.0,0.0,0.0
55,13.75,R10Z4,109.14083889900918,0.0,0.0,38.47243462809085,40.67051339889095,0.0,0.0,0.0,90.29219088272188,0.0,0.0,0.0,81.554744286028,0.0,0.0,0.0,0.0,0.0,0.0
55,13.75,R10Z5,55.91629653762729,0.0,0.0,0.0,0.0,39.5476977192783,122.56188372486173,0.0,90.29219088272188,0.0,0.0,0.0,0.0,0.0,0.0,0.0,0.0,0.0,0.0
55,13.75,R10Z6,92.80608362011603,0.0,0.0,0.0,0.0,90.0,41.83442512290111,0.0,90.29219088272188,0.0,0.0,0.0,69.19133741540341,0.0,0.0,0.0,0.0,0.0,0.0
55,13.75,R10Z7,91.32525178180991,0.0,0.0,0.0,0.0,34.92029336550783,102.27732847835856,0.0,90.29219088272188,0.0,0.0,0.0,83.70593018214711,0.0,0.0,0.0,0.0,0.0,0.0
55,13.75,R10Z8,102.48967581517309,0.0,0.0,0.0,0.0,43.76031302856133,48.00166004599984,0.0,0.0,0.0,0.0,0.0,80.99943567306497,0.0,0.0,0.0,0.0,0.0,0.0
55,13.75,R10Z9,94.66307503950314,0.0,0.0,0.0,0.0,38.2543201941807,78.67478816557227,0.0,45.14609544136094,0.0,0.0,0.0,0.0,0.0,0.0,0.0,0.0,0.0,0.0
55,13.75,R11Z1,113.88233307902311,0.0,135.0,0.0,0.0,90.0,84.46037096405867,0.0,90.29219088272188,0.0,0.0,0.0,158.13137833724625,0.0,0.0,0.0,0.0,0.0,0.0
55,13.75,R11Z2,98.41195822819486,0.0,135.0,0.0,25.214594037650357,45.0,10.84959003960013,0.0,45.14609544136094,0.0,0.0,0.0,69.25765671205741,0.0,0.0,0.0,0.0,0.0,0.0
55,13.75,R11Z3,117.09898890446264,0.0,0.0,20.21814371129993,42.58891912379708,24.78185628870007,0.0,0.0,45.14609544136094,0.0,0.0,0.0,0.0,0.0,0.0,0.0,0.0,0.0,0.0
55,13.75,R11Z4,127.94663482348544,0.0,0.0,0.0,0.0,127.16089028477575,68.2626538969002,0.0,0.0,0.0,0.0,0.0,80.29900612237707,0.0,0.0,0.0,0.0,0.0,0.0
55,13.75,R11Z5,122.52933521100724,0.0,0.0,0.0,0.0,34.901392577538545,17.569742233953676,0.0,45.14609544136094,0.0,0.0,0.0,87.9233675098786,0.0,0.0,0.0,0.0,0.0,0.0
55,13.75,R11Z6,90.87808731254847,0.0,0.0,45.0,32.01863263379374,0.0,0.0,0.0,0.0,0.0,0.0,0.0,0.0,0.0,0.0,0.0,0.0,0.0,0.0
55,13.75,R11Z7,115.63259104618383,0.0,0.0,39.664609064509875,87.67808517766886,-7.105427357601002e-15,0.0,0.0,45.14609544136094,0.0,0.0,0.0,0.0,0.0,0.0,0.0,0.0,0.0,0.0
55,13.75,R11Z8,92.02572323334081,0.0,0.0,0.0,0.0,76.01689386717197,146.96836037708493,0.0,45.14609544136094,0.0,0.0,0.0,157.97848625263924,0.0,0.0,0.0,0.0,0.0,0.0
55,13.75,R12Z1,83.71332760229136,0.0,135.0,99.13538770413426,97.91961669062623,12.90148531726409,0.0,0.0,90.29219088272188,0.0,0.0,0.0,136.3779999501193,0.0,0.0,0.0,0.0,0.0,0.0
55,13.75,R12Z2,125.73450281842462,0.0,135.0,0.0,0.0,41.18727629622324,102.32658466155415,0.0,45.14609544136094,0.0,0.0,0.0,86.99037122256644,0.0,0.0,0.0,0.0,0.0,0.0
55,13.75,R12Z3,102.72692947689518,0.0,0.0,29.087290271507158,28.49354376402708,105.05610259570275,0.0,0.0,45.14609544136094,0.0,0.0,0.0,157.6266994848519,0.0,0.0,0.0,0.0,0.0,0.0
55,13.75,R12Z4,114.60847438705416,0.0,0.0,0.0,0.0,112.53265719542094,19.644700516080626,0.0,0.0,0.0,0.0,0.0,0.0,0.0,0.0,0.0,0.0,0.0,0.0
55,13.75,R12Z5,96.42232453492063,0.0,0.0,0.0,0.0,34.932612118449775,46.068285729550865,0.0,0.0,0.0,0.0,0.0,149.228070655711,0.0,0.0,0.0,0.0,0.0,0.0
55,13.75,R12Z6,110.17468118764813,0.0,0.0,0.0,0.0,81.8016786179515,137.01779436732465,0.0,0.0,0.0,0.0,0.0,0.0,0.0,0.0,0.0,0.0,0.0,0.0
55,13.75,R12Z7,108.38774016361005,0.0,0.0,97.25344353312703,63.205271651802875,30.857702266973078,0.0,0.0,90.29219088272188,0.0,0.0,0.0,0.0,0.0,0.0,0.0,0.0,0.0,0.0
55,13.75,R12Z8,144.2143735308284,0.0,0.0,81.04193063327277,44.291966017506894,0.0,0.0,0.0,0.0,0.0,0.0,0.0,72.07807892611004,0.0,0.0,0.0,0.0,0.0,0.0
55,13.75,R12Z9,110.92798885160715,0.0,0.0,0.0,0.0,44.938438280590276,126.55086227362604,0.0,90.29219088272188,0.0,0.0,0.0,163.5396145262742,0.0,0.0,0.0,0.0,0.0,0.0
56,14.0,R1Z1,116.69496142688648,0.0,0.0,112.98714189802303,81.41062406833169,1.4210854715202004e-14,0.0,0.0,25.01845912979709,0.0,0.0,0.0,149.3905079692289,0.0,0.0,580.3392092085132,0.0,0.0,0.0
56,14.0,R1Z2,59.08391906630642,0.0,0.0,0.0,34.99774101351109,33.34646823874935,110.29201518704595,0.0,25.01845912979709,0.0,0.9322810770017629,0.0,200.85641902900448,0.0,0.0,0.0,0.0,0.0,0.0
56,14.0,R1Z3,94.77621413770989,0.0,0.0,100.86356206398544,96.85015286988859,-1.4210854715202004e-14,0.0,0.0,12.509229564898545,0.0,0.9322810770017629,0.0,200.85641902900448,0.0,0.0,0.0,0.0,0.0,0.0
56,14.0,R1Z4,76.6444180450341,0.0,0.0,117.07969864480992,99.94201388546742,1.4210854715202004e-14,0.0,0.0,25.01845912979709,0.0,0.0,0.0,0.0,0.0,0.0,0.0,0.0,0.0,0.0
56,14.0,R1Z5,81.43564544801043,0.0,0.0,29.33982663504962,47.643891348904944,43.17824877303306,0.0,0.0,25.01845912979709,0.0,0.0,0.0,0.0,0.0,0.0,0.0,0.0,0.0,0.0
56,14.0,R1Z6,71.35707070596261,0.0,0.0,105.70940347381612,102.35425131483525,1.4210854715202004e-14,0.0,0.0,0.0,0.0,0.46614053850088144,0.0,100.42820951450224,0.0,0.0,0.0,0.0,0.0,0.0
56,14.0,R1Z7,110.33392537993001,0.0,0.0,0.0,0.0,38.73102824034278,46.26963554265751,0.0,12.509229564898545,0.0,0.46614053850088144,0.0,100.42820951450224,0.0,0.0,0.0,0.0,0.0,0.0
56,14.0,R1Z8,73.58752339789221,0.0,0.0,38.522445801641325,85.87074239859375,7.105427357601002e-15,0.0,0.0,0.0,0.0,0.0,0.0,0.0,0.0,0.0,0.0,0.0,0.0,0.0
56,14.0,R1Z9,111.18949649680555,0.0,0.0,0.0,44.43829427952417,86.55894476678033,55.67017414603551,0.0,0.0,0.0,0.9322810770017629,0.0,200.85641902900448,0.0,0.0,0.0,0.0,0.0,0.0
56,14.0,R1Z10,102.25765313204079,0.0,0.0,0.0,0.0,106.67296089329973,37.68284497964276,0.0,0.0,0.0,0.9322810770017629,0.0,200.85641902900448,0.0,0.0,0.0,0.0,0.0,0.0
56,14.0,R2Z1,115.20115082541707,0.0,135.0,0.0,0.0,135.0,60.35088022836036,0.0,0.0,0.0,0.0,0.0,73.5013738906589,2.354085651465958,0.0,640.0,0.0,0.0,0.0
56,14.0,R2Z2,92.60727112955941,0.0,135.0,0.0,0.0,90.0,19.463474144362465,0.0,0.0,0.0,0.0,0.0,79.44228100417352,0.0,0.0,639.4510637701335,0.0,0.0,0.0
56,14.0,R2Z3,81.75453262056055,0.0,0.0,135.0,47.16778173307524,0.0,0.0,0.0,12.509229564898545,0.0,0.0,0.0,68.76852872175216,0.0,0.0,0.0,0.0,0.0,0.0
56,14.0,R2Z4,79.59000975537406,0.0,0.0,0.0,0.0,43.711274943325925,183.49528980630657,0.0,25.01845912979709,0.0,0.0,0.0,0.0,0.0,0.0,0.0,0.0,0.0,0.0
56,14.0,R2Z5,107.6027151121551,0.0,0.0,45.00000000000001,45.56332320592653,-7.105427357601002e-15,0.0,0.0,12.509229564898545,0.0,0.0,0.0,0.0,0.0,0.0,0.0,0.0,0.0,0.0
56,14.0,R2Z6,74.50241331838124,0.0,0.0,85.89509630401083,43.782136602848496,1.4210854715202004e-14,0.0,0.0,25.01845912979709,0.0,0.0,0.0,166.04057650670399,0.0,0.0,0.0,0.0,0.0,0.0
56,14.0,R2Z7,112.46667583802223,0.0,0.0,45.0,33.58576281696111,0.0,0.0,0.0,25.01845912979709,0.0,0.0,0.0,84.83682107146409,0.0,0.0,0.0,0.0,0.0,0.0
56,14.0,R2Z8,91.71162053628497,0.0,0.0,123.17474181841027,56.74669837890286,-1.4210854715202004e-14,0.0,0.0,0.0,0.0,0.0,0.0,87.42130583048188,0.0,0.0,0.0,0.0,0.0,0.0
56,14.0,R2Z9,81.47333011409027,0.0,0.0,0.0,31.568550534720742,39.43978514570872,184.24214680035163,0.0,12.509229564898545,0.0,0.0,0.0,79.95698866025512,0.0,0.0,0.0,0.0,0.0,0.0
56,14.0,R3Z1,70.3279345550278,0.0,0.0,0.0,0.0,112.6104536041232,21.897393080894293,0.0,0.0,0.0,0.0,0.0,0.0,0.0,0.0,0.0,0.0,0.0,0.0
56,14.0,R3Z2,93.45372673356822,0.0,0.0,0.0,0.0,114.0666624818734,58.192225670758575,0.0,25.01845912979709,0.0,0.0,0.0,159.26263249440902,0.0,0.0,0.0,0.0,0.0,0.0
56,14.0,R3Z3,96.85695293298943,0.0,0.0,0.0,0.0,35.865650637975506,39.45298116987972,0.0,12.509229564898545,0.0,0.0,0.0,0.0,0.0,0.0,0.0,0.0,0.0,0.0
56,14.0,R4Z1,116.64880323301155,0.0,135.0,0.0,0.0,32.73290199506623,81.51593429277987,0.0,25.01845912979709,0.0,0.0,0.0,78.79291981526073,0.0,0.0,0.0,0.0,0.0,0.0
56,14.0,R4Z2,130.28468853954192,0.0,0.0,123.11939806482305,10.534695640875196,0.0,0.0,0.0,25.01845912979709,0.0,0.0,0.0,155.76232569822344,0.0,0.0,0.0,0.0,0.0,0.0
56,14.0,R4Z3,100.67274007754239,0.0,0.0,71.98128731020145,21.698590272198423,1.4210854715202004e-14,0.0,0.0,0.0,0.0,0.0,0.0,0.0,0.0,0.0,0.0,0.0,0.0,0.0
56,14.0,R4Z4,105.94012084893076,0.0,0.0,41.328646371056635,21.39953048211953,0.0,0.0,0.0,0.0,0.0,0.0,0.0,0.0,0.0,0.0,0.0,0.0,0.0,0.0
56,14.0,R4Z5,95.75515788649838,0.0,0.0,0.0,0.0,41.373308522340544,14.075849960899049,0.0,25.01845912979709,0.0,0.0,0.0,0.0,0.0,0.0,0.0,0.0,0.0,0.0
56,14.0,R4Z6,82.28415250967693,0.0,0.0,85.90434098334329,43.10737553390571,0.0,0.0,0.0,25.01845912979709,0.0,0.0,0.0,148.24388771113902,0.0,0.0,0.0,0.0,0.0,0.0
56,14.0,R4Z7,118.99699149001732,0.0,0.0,85.27618772272385,80.09077379034443,0.0,0.0,0.0,25.01845912979709,0.0,0.0,0.0,0.0,0.0,0.0,0.0,0.0,0.0,0.0
56,14.0,R4Z8,130.54768302777825,0.0,0.0,61.32584965042812,26.301025189211224,9.136313662081257,0.0,0.0,25.01845912979709,0.0,0.0,0.0,0.0,0.0,0.0,0.0,0.0,0.0,0.0
56,14.0,R4Z9,117.20041333508696,0.0,0.0,0.0,0.0,76.28194660405151,0.0,0.0,0.0,0.0,0.0,0.0,85.80513311448104,0.0,0.0,0.0,0.0,0.0,0.0
56,14.0,R4Z10,86.70648110501234,0.0,0.0,33.14808927847304,15.81359459047875,0.0,0.0,0.0,0.0,0.0,0.0,0.0,87.41176795032031,0.0,0.0,0.0,0.0,0.0,0.0
56,14.0,R4Z11,93.44253387481145,0.0,0.0,69.29495609137216,77.84301356192996,0.0,0.0,0.0,12.509229564898545,0.0,0.0,0.0,80.86794647983906,0.0,0.0,0.0,0.0,0.0,0.0
56,14.0,R5Z1,124.08672823625896,0.0,135.0,128.32174860774336,5.533707379006422,0.0,0.0,0.0,0.0,0.0,0.0,0.0,70.60080692735879,0.0,0.0,0.0,0.0,0.0,0.0
56,14.0,R5Z2,90.12318971610524,0.0,135.0,34.157730116394625,20.42430821727588,0.0,0.0,0.0,12.509229564898545,0.0,0.0,0.0,167.9821752048778,0.0,0.0,0.0,0.0,0.0,0.0
56,14.0,R5Z3,123.92179382962694,0.0,0.0,107.51575585289382,109.72550990253941,-1.4210854715202004e-14,0.0,0.0,12.509229564898545,0.0,0.0,0.0,142.48124269204382,0.0,0.0,0.0,0.0,0.0,0.0
56,14.0,R5Z4,100.52396236964904,0.0,0.0,0.0,0.0,119.1160513909431,29.199956068948396,0.0,25.01845912979709,0.0,0.0,0.0,0.0,0.0,0.0,0.0,0.0,0.0,0.0
56,14.0,R5Z5,90.448344321307,0.0,0.0,44.01617461653875,49.20237400470337,-7.105427357601002e-15,0.0,0.0,12.509229564898545,0.0,0.0,0.0,78.38747342134877,0.0,0.0,0.0,0.0,0.0,0.0
56,14.0,R5Z6,151.14185020127314,0.0,0.0,0.0,0.0,39.98339742150266,34.39110415117908,0.0,25.01845912979709,0.0,0.0,0.0,159.11947570621467,0.0,0.0,0.0,0.0,0.0,0.0
56,14.0,R5Z7,73.83069644231863,0.0,0.0,78.92319011353582,25.593985322849523,0.0,0.0,0.0,0.0,0.0,0.0,0.0,86.3280284320307,0.0,0.0,0.0,0.0,0.0,0.0
56,14.0,R5Z8,117.31771509574514,0.0,0.0,0.0,0.0,79.28313609028788,100.18712361552846,0.0,12.509229564898545,0.0,0.0,0.0,160.67686689541466,0.0,0.0,0.0,0.0,0.0,0.0
56,14.0,R5Z9,106.78840689160857,0.0,0.0,101.75507932362477,71.56644392935523,1.4210854715202004e-14,0.0,0.0,0.0,0.0,0.0,0.0,83.71419022548687,0.0,0.0,0.0,0.0,0.0,0.0
56,14.0,R6Z1,84.52136046272567,0.0,135.0,0.0,0.0,80.730207180352,25.571621872683057,0.0,0.0,0.0,0.0,0.0,0.0,2.354085651465958,0.0,640.0,0.0,0.0,0.0
56,14.0,R6Z2,94.66034888140251,0.0,135.0,0.0,0.0,83.6949223182375,6.0531480878407065,0.0,25.01845912979709,0.0,0.0,0.0,136.37287632290017,2.354085651465958,0.0,640.0,0.0,0.0,0.0
56,14.0,R6Z3,117.27055563144515,0.0,0.0,113.90287509946762,25.671443458391657,0.0,0.0,0.0,12.509229564898545,0.0,0.0,0.0,80.3177230795568,0.0,0.0,0.0,0.0,0.0,0.0
56,14.0,R6Z4,81.9471857891925,0.0,0.0,0.0,0.0,34.1311078764954,33.01071744995066,0.0,12.509229564898545,0.0,0.0,0.0,76.15840332546453,0.0,0.0,0.0,0.0,0.0,0.0
56,14.0,R7Z1,163.12300298260047,0.0,135.0,0.0,0.0,74.81563931354643,92.59929184888003,0.0,12.509229564898545,0.0,0.0,0.0,0.0,0.0,0.0,639.4510637701335,0.0,0.0,0.0
56,14.0,R7Z2,150.97043133034614,0.0,135.0,98.98658948802017,71.8517980619676,0.0,0.0,0.0,0.0,0.0,0.0,0.0,162.36382671086767,0.0,0.0,0.0,0.0,0.0,0.0
56,14.0,R7Z3,120.44284680944642,0.0,0.0,11.84886545651311,110.92267735560894,30.646642366662775,0.0,0.0,25.01845912979709,0.0,0.0,0.0,138.6602026374767,0.0,0.0,0.0,0.0,0.0,0.0
56,14.0,R7Z4,154.0894405092575,0.0,0.0,0.0,141.58021094435898,120.03507629614425,67.86086697638817,0.0,12.509229564898545,0.0,0.0,0.0,67.65400415015827,0.0,0.0,0.0,0.0,0.0,0.0
56,14.0,R7Z5,116.458438502204,0.0,0.0,0.0,0.0,38.44408535315978,131.00165307960756,0.0,25.01845912979709,0.0,0.0,0.0,0.0,0.0,0.0,0.0,0.0,0.0,0.0
56,14.0,R7Z6,75.21354366096584,0.0,0.0,75.93776653093143,0.0,4.16445074648918,0.0,0.0,25.01845912979709,0.0,0.0,0.0,0.0,0.0,0.0,0.0,0.0,0.0,0.0
56,14.0,R7Z7,102.71875350495206,0.0,0.0,0.0,0.0,79.62044344103316,72.09912107700474,0.0,0.0,0.0,0.0,0.0,67.95761238270009,0.0,0.0,0.0,0.0,0.0,0.0
56,14.0,R7Z8,103.97214484597401,0.0,0.0,0.0,0.0,116.1144212719837,60.94130328680091,0.0,25.01845912979709,0.0,0.0,0.0,144.347158024664,0.0,0.0,0.0,0.0,0.0,0.0
56,14.0,R7Z9,89.73614924222926,0.0,0.0,73.14416967083582,20.584667980854334,0.0,0.0,0.0,25.01845912979709,0.0,0.0,0.0,78.92325787259108,0.0,0.0,0.0,0.0,0.0,0.0
56,14.0,R8Z1,105.9845501322142,0.0,135.0,0.0,0.0,64.62918050914746,103.80214491546116,0.0,12.509229564898545,0.0,0.0,0.0,84.04019463354199,2.354085651465958,0.0,640.0,0.0,0.0,0.0
56,14.0,R8Z2,114.64893825145818,0.0,135.0,0.0,0.0,79.06497236861259,156.28389329298608,0.0,12.509229564898545,0.0,0.0,0.0,146.405360993108,0.0,0.0,0.0,0.0,0.0,0.0
56,14.0,R8Z3,129.41014235841854,0.0,0.0,73.5562851996944,11.120955273480881,0.0,0.0,0.0,12.509229564898545,0.0,0.0,0.0,171.28389719319415,0.0,0.0,0.0,0.0,0.0,0.0
56,14.0,R8Z4,81.40851641212714,0.0,0.0,0.0,0.0,65.56718499562686,120.03161830914391,0.0,0.0,0.0,0.0,0.0,0.0,0.0,0.0,0.0,0.0,0.0,0.0
56,14.0,R8Z5,104.01248275982124,0.0,0.0,63.481707881177584,85.28445914513563,7.105427357601002e-15,0.0,0.0,12.509229564898545,0.0,0.0,0.0,85.23984378288863,0.0,0.0,0.0,0.0,0.0,0.0
56,14.0,R8Z6,116.55575557406972,0.0,0.0,33.77178625649141,69.06400714281598,-7.105427357601002e-15,0.0,0.0,12.509229564898545,0.0,0.0,0.0,0.0,0.0,0.0,0.0,0.0,0.0,0.0
56,14.0,R8Z7,123.00817479958214,0.0,0.0,34.29597538897392,13.534305522987433,47.15214660064017,0.0,0.0,0.0,0.0,0.0,0.0,78.97329661624973,0.0,0.0,0.0,0.0,0.0,0.0
56,14.0,R8Z8,98.10991722084782,0.0,0.0,0.0,0.0,85.59966158534341,79.57714383160375,0.0,12.509229564898545,0.0,0.0,0.0,83.96564487688414,0.0,0.0,0.0,0.0,0.0,0.0
56,14.0,R9Z1,103.02726095282748,0.0,135.0,0.0,0.0,35.79253099583095,52.171911620454196,0.0,12.509229564898545,0.0,0.0,0.0,0.0,2.354085651465958,0.0,640.0,0.0,0.0,0.0
56,14.0,R9Z2,105.89321315257942,0.0,135.0,40.95085557526109,66.70208804016046,0.0,0.0,0.0,12.509229564898545,0.0,0.0,0.0,74.66602493772456,2.354085651465958,0.0,640.0,0.0,0.0,0.0
56,14.0,R9Z3,101.08894918006615,0.0,0.0,0.0,0.0,67.50680180277332,42.04345180860023,0.0,25.01845912979709,0.0,0.0,0.0,137.25021701406968,0.0,0.0,0.0,0.0,0.0,0.0
56,14.0,R9Z4,101.84044887184247,0.0,0.0,45.93339898812633,119.46831036908662,44.06660101187367,0.0,0.0,12.509229564898545,0.0,0.0,0.0,71.98877205351133,0.0,0.0,0.0,0.0,0.0,0.0
56,14.0,R9Z5,92.64433579173694,0.0,0.0,0.0,80.13510622683839,68.95150171598416,75.36400512440454,0.0,12.509229564898545,0.0,0.0,0.0,149.9349142424602,0.0,0.0,0.0,0.0,0.0,0.0
56,14.0,R9Z6,81.60728960043437,0.0,0.0,0.0,0.0,36.910087229568504,23.505225877894837,0.0,12.509229564898545,0.0,0.0,0.0,159.41475737840793,0.0,0.0,0.0,0.0,0.0,0.0
56,14.0,R9Z7,71.81410172355854,0.0,0.0,27.50900941858073,36.92055012734944,79.82404597533055,0.0,0.0,0.0,0.0,0.0,0.0,76.40291103992686,0.0,0.0,0.0,0.0,0.0,0.0
56,14.0,R9Z8,112.15069365980717,0.0,0.0,0.0,0.0,81.15731746929686,21.980213710907233,0.0,12.509229564898545,0.0,0.0,0.0,71.39027361649379,0.0,0.0,0.0,0.0,0.0,0.0
56,14.0,R9Z9,118.83517078548998,0.0,0.0,0.0,0.0,79.7888356118257,44.34348618476416,0.0,0.0,0.0,0.0,0.0,162.00814158113494,0.0,0.0,0.0,0.0,0.0,0.0
56,14.0,R9Z10,65.00910226454091,0.0,0.0,64.1410689355994,148.6014091500037,0.0,0.0,0.0,0.0,0.0,0.0,0.0,0.0,0.0,0.0,0.0,0.0,0.0,0.0
56,14.0,R9Z11,71.13272778201457,0.0,0.0,0.0,0.0,36.51807938142482,129.38684563774126,0.0,0.0,0.0,0.0,0.0,160.111527588767,0.0,0.0,0.0,0.0,0.0,0.0
56,14.0,R10Z1,94.5552793841472,0.0,0.0,45.0,128.59330209832078,0.0,0.0,0.0,0.0,0.0,0.0,0.0,70.18613924882655,0.0,0.0,638.9025983699302,0.0,0.0,0.0
56,14.0,R10Z2,69.88734962719676,0.0,0.0,66.32066425768929,108.82237264589133,0.0,0.0,0.0,0.0,0.0,0.0,0.0,167.14847594231003,2.354085651465958,0.0,640.0,0.0,0.0,0.0
56,14.0,R10Z3,77.83235286447692,0.0,0.0,134.77234433559948,74.96389684436748,0.0,0.0,0.0,0.0,0.0,0.0,0.0,80.3474314948243,0.0,0.0,0.0,0.0,0.0,0.0
56,14.0,R10Z4,95.34738583936183,0.0,0.0,0.0,0.0,37.92831028873169,30.905088438270226,0.0,25.01845912979709,0.0,0.0,0.0,81.46354753853424,0.0,0.0,0.0,0.0,0.0,0.0
56,14.0,R10Z5,59.66673923941802,0.0,0.0,37.72294277661419,134.77494936366023,7.105427357601002e-15,0.0,0.0,25.01845912979709,0.0,0.0,0.0,0.0,0.0,0.0,0.0,0.0,0.0,0.0
56,14.0,R10Z6,81.86252650649932,0.0,0.0,0.0,0.0,82.37518295448152,60.3836916961874,0.0,25.01845912979709,0.0,0.0,0.0,69.11396576790125,0.0,0.0,0.0,0.0,0.0,0.0
56,14.0,R10Z7,83.3331613835868,0.0,0.0,33.59617321696717,144.5766973126864,-7.105427357601002e-15,0.0,0.0,25.01845912979709,0.0,0.0,0.0,83.61232791969898,0.0,0.0,0.0,0.0,0.0,0.0
56,14.0,R10Z8,93.4771540122303,0.0,0.0,0.0,0.0,45.0,36.00316422582483,0.0,0.0,0.0,0.0,0.0,80.90885988686293,0.0,0.0,0.0,0.0,0.0,0.0
56,14.0,R10Z9,89.46237056557904,0.0,0.0,0.0,0.0,36.3161824277405,86.44444112313619,0.0,12.509229564898545,0.0,0.0,0.0,0.0,0.0,0.0,0.0,0.0,0.0,0.0
56,14.0,R11Z1,134.87068152485156,0.0,135.0,0.0,0.0,90.0,71.7115058075063,0.0,25.01845912979709,0.0,0.0,0.0,157.95455150139125,0.0,0.0,0.0,0.0,0.0,0.0
56,14.0,R11Z2,104.09296872613436,0.0,135.0,45.0,28.897381199691225,0.0,0.0,0.0,12.509229564898545,0.0,0.0,0.0,69.18021090450235,0.0,0.0,0.0,0.0,0.0,0.0
56,14.0,R11Z3,129.01691384746735,0.0,0.0,45.0,25.210771111486,0.0,0.0,0.0,12.509229564898545,0.0,0.0,0.0,0.0,0.0,0.0,0.0,0.0,0.0,0.0
56,14.0,R11Z4,127.1132659777888,0.0,0.0,0.0,69.51790407690086,116.50991263139151,30.627051989974646,0.0,0.0,0.0,0.0,0.0,80.20921357567177,0.0,0.0,0.0,0.0,0.0,0.0
56,14.0,R11Z5,119.99365500898833,0.0,0.0,36.89745976931783,32.025642812742554,0.0,0.0,0.0,12.509229564898545,0.0,0.0,0.0,87.82504919356488,0.0,0.0,0.0,0.0,0.0,0.0
56,14.0,R11Z6,79.52283915819132,0.0,0.0,45.0,32.23335859255846,0.0,0.0,0.0,0.0,0.0,0.0,0.0,0.0,0.0,0.0,0.0,0.0,0.0,0.0
56,14.0,R11Z7,108.71576960456812,0.0,0.0,0.0,0.0,41.472202999677094,65.76992131633709,0.0,12.509229564898545,0.0,0.0,0.0,0.0,0.0,0.0,0.0,0.0,0.0,0.0
56,14.0,R11Z8,79.78082330556899,0.0,0.0,77.15654508936697,12.70607813609087,0.0,0.0,0.0,12.509229564898545,0.0,0.0,0.0,157.80183038489844,0.0,0.0,0.0,0.0,0.0,0.0
56,14.0,R12Z1,72.56694987712159,0.0,135.0,0.0,0.0,100.16141364510815,19.025661851016807,0.0,25.01845912979709,0.0,0.0,0.0,136.2254983374414,0.0,0.0,0.0,0.0,0.0,0.0
56,14.0,R12Z2,95.17242875362575,0.0,135.0,0.0,0.0,30.433143891557027,96.7945451585312,0.0,12.509229564898545,0.0,0.0,0.0,86.8930962082405,0.0,0.0,0.0,0.0,0.0,0.0
56,14.0,R12Z3,77.23388938972212,0.0,0.0,0.0,0.0,119.92339440858133,39.15554739856107,0.0,12.509229564898545,0.0,0.0,0.0,157.45043699470446,0.0,0.0,0.0,0.0,0.0,0.0
56,14.0,R12Z4,93.05969414101574,0.0,0.0,0.0,0.0,126.0578718746297,31.203373572551598,0.0,0.0,0.0,0.0,0.0,0.0,0.0,0.0,0.0,0.0,0.0,0.0
56,14.0,R12Z5,99.72068024548057,0.0,0.0,36.95049856160827,50.525474459390196,0.0,0.0,0.0,0.0,0.0,0.0,0.0,149.0611997422196,0.0,0.0,0.0,0.0,0.0,0.0
56,14.0,R12Z6,93.59722745442541,0.0,0.0,70.38759857170677,72.6529166973258,0.0,0.0,0.0,0.0,0.0,0.0,0.0,0.0,0.0,0.0,0.0,0.0,0.0,0.0
56,14.0,R12Z7,127.51849064321681,0.0,0.0,105.58612318618628,17.576856888561995,0.0,0.0,0.0,25.01845912979709,0.0,0.0,0.0,0.0,0.0,0.0,0.0,0.0,0.0,0.0
56,14.0,R12Z8,140.22355826096114,0.0,0.0,83.87023399450523,62.07738195380402,0.0,0.0,0.0,0.0,0.0,0.0,0.0,71.9974792452306,0.0,0.0,0.0,0.0,0.0,0.0
56,14.0,R12Z9,111.70195002782036,0.0,0.0,0.0,0.0,40.1743187101247,94.86387718051645,0.0,25.01845912979709,0.0,0.0,0.0,163.35674005267066,0.0,0.0,0.0,0.0,0.0,0.0
57,14.25,R1Z1,109.75967144918093,0.0,0.0,119.80088901566522,72.90913105828274,0.0,0.0,0.0,44.306556781603,0.0,0.0,0.0,149.22345541388705,0.0,0.0,579.8414448060965,0.0,0.0,0.0
57,14.25,R1Z2,45.30486794313264,0.0,0.0,35.480089731216744,53.648355639060235,-7.105427357601002e-15,0.0,0.0,44.306556781603,0.0,0.9322810770017629,0.0,200.85641902900448,0.0,0.0,0.0,0.0,0.0,0.0
57,14.25,R1Z3,97.15835884411354,0.0,0.0,0.0,0.0,97.75627905663278,64.08700337556483,0.0,22.1532783908015,0.0,0.9322810770017629,0.0,200.85641902900448,0.0,0.0,0.0,0.0,0.0,0.0
57,14.25,R1Z4,74.14516677326091,0.0,0.0,127.50724269528482,33.750325193101794,-1.4210854715202004e-14,0.0,0.0,44.306556781603,0.0,0.0,0.0,0.0,0.0,0.0,0.0,0.0,0.0,0.0
57,14.25,R1Z5,113.33252212319462,0.0,0.0,0.0,7.945697790404097,78.95767675486765,11.95768713974774,0.0,44.306556781603,0.0,0.0,0.0,0.0,0.0,0.0,0.0,0.0,0.0,0.0
57,14.25,R1Z6,93.66374582720029,0.0,0.0,110.01446748353231,59.414251181747744,0.0,0.0,0.0,0.0,0.0,0.46614053850088144,0.0,100.42820951450224,0.0,0.0,0.0,0.0,0.0,0.0
57,14.25,R1Z7,86.02897627174546,0.0,0.0,35.12861884626032,43.214918848358465,0.0,0.0,0.0,22.1532783908015,0.0,0.46614053850088144,0.0,100.42820951450224,0.0,0.0,0.0,0.0,0.0,0.0
57,14.25,R1Z8,69.26339755465143,0.0,0.0,45.0,138.47774368525947,0.0,0.0,0.0,0.0,0.0,0.0,0.0,0.0,0.0,0.0,0.0,0.0,0.0,0.0
57,14.25,R1Z9,113.82303093029772,0.0,0.0,0.0,0.0,90.0,76.20408860527273,0.0,0.0,0.0,0.9322810770017629,0.0,200.85641902900448,0.0,0.0,0.0,0.0,0.0,0.0
57,14.25,R1Z10,84.87097388128399,0.0,0.0,112.14765512564273,21.65544124212388,1.4210854715202004e-14,0.0,0.0,0.0,0.0,0.9322810770017629,0.0,200.85641902900448,0.0,0.0,0.0,0.0,0.0,0.0
57,14.25,R2Z1,88.55411314772202,0.0,135.0,0.0,0.0,135.0,80.94743539321009,0.0,0.0,0.0,0.0,0.0,73.41918264238963,2.354085651465958,0.0,640.0,0.0,0.0,0.0
57,14.25,R2Z2,96.14748394863454,0.0,135.0,0.0,0.0,90.0,44.625752697897866,0.0,0.0,0.0,0.0,0.0,79.3534464709469,0.0,0.0,638.9025983699302,0.0,0.0,0.0
57,14.25,R2Z3,97.52304933898775,0.0,0.0,10.990476169941175,27.069737621417048,124.00952383005882,0.0,0.0,22.1532783908015,0.0,0.0,0.0,68.69162987050497,0.0,0.0,0.0,0.0,0.0,0.0
57,14.25,R2Z4,85.40945423844562,0.0,0.0,0.0,0.0,42.20751355703023,91.15420690066851,0.0,44.306556781603,0.0,0.0,0.0,0.0,0.0,0.0,0.0,0.0,0.0,0.0
57,14.25,R2Z5,99.10248079288951,0.0,0.0,0.0,0.0,45.0,79.29893381734342,0.0,22.1532783908015,0.0,0.0,0.0,0.0,0.0,0.0,0.0,0.0,0.0,0.0
57,14.25,R2Z6,68.80047133989815,0.0,0.0,0.0,0.0,80.4350235859643,106.7670460419609,0.0,44.306556781603,0.0,0.0,0.0,165.85490538895402,0.0,0.0,0.0,0.0,0.0,0.0
57,14.25,R2Z7,92.14856852119759,0.0,0.0,0.0,0.0,45.0,44.98666433711571,0.0,44.306556781603,0.0,0.0,0.0,84.74195421586717,0.0,0.0,0.0,0.0,0.0,0.0
57,14.25,R2Z8,75.71008067581542,0.0,0.0,110.32590824554973,32.73914488406763,1.4210854715202004e-14,0.0,0.0,0.0,0.0,0.0,0.0,87.32354893328122,0.0,0.0,0.0,0.0,0.0,0.0
57,14.25,R2Z9,64.15953315109192,0.0,0.0,35.34692426711601,84.05762410084338,0.0,0.0,0.0,22.1532783908015,0.0,0.0,0.0,79.86757856683816,0.0,0.0,0.0,0.0,0.0,0.0
57,14.25,R3Z1,58.79851330721706,0.0,0.0,0.0,0.0,135.0,26.977434426280674,0.0,0.0,0.0,0.0,0.0,0.0,0.0,0.0,0.0,0.0,0.0,0.0
57,14.25,R3Z2,83.12561609666504,0.0,0.0,80.42240882536734,94.25312556370645,31.16330713927806,0.0,0.0,44.306556781603,0.0,0.0,0.0,159.0845406591892,0.0,0.0,0.0,0.0,0.0,0.0
57,14.25,R3Z3,102.44418643462643,0.0,0.0,35.34357972720575,48.07040421091985,7.105427357601002e-15,0.0,0.0,22.1532783908015,0.0,0.0,0.0,0.0,0.0,0.0,0.0,0.0,0.0,0.0
57,14.25,R4Z1,124.49691613093133,0.0,135.0,31.443811121849095,125.59910508184431,7.105427357601002e-15,0.0,0.0,44.306556781603,0.0,0.0,0.0,78.70481141549081,0.0,0.0,0.0,0.0,0.0,0.0
57,14.25,R4Z2,99.15191080197009,0.0,0.0,132.7627084528136,5.470739650988445,0.0,0.0,0.0,44.306556781603,0.0,0.0,0.0,155.5881480018785,0.0,0.0,0.0,0.0,0.0,0.0
57,14.25,R4Z3,102.5743732888639,0.0,0.0,63.60948685468067,5.002377952780249,0.0,0.0,0.0,0.0,0.0,0.0,0.0,0.0,0.0,0.0,0.0,0.0,0.0,0.0
57,14.25,R4Z4,126.12704529738039,0.0,0.0,0.0,0.0,39.85575476383727,31.37728566445631,0.0,0.0,0.0,0.0,0.0,0.0,0.0,0.0,0.0,0.0,0.0,0.0
57,14.25,R4Z5,89.27721378898032,0.0,0.0,42.13631116252518,0.0,0.0,0.0,0.0,44.306556781603,0.0,0.0,0.0,0.0,0.0,0.0,0.0,0.0,0.0,0.0
57,14.25,R4Z6,72.7162736460871,0.0,0.0,76.32312097942135,0.0,0.0,0.0,0.0,44.306556781603,0.0,0.0,0.0,148.07811733795668,0.0,0.0,0.0,0.0,0.0,0.0
57,14.25,R4Z7,114.05225102901922,0.0,0.0,0.0,0.0,83.9369833196475,92.24878364366064,0.0,44.306556781603,0.0,0.0,0.0,0.0,0.0,0.0,0.0,0.0,0.0,0.0
57,14.25,R4Z8,104.74522006769853,0.0,0.0,69.18891307951978,39.51137951595554,0.0,0.0,0.0,44.306556781603,0.0,0.0,0.0,0.0,0.0,0.0,0.0,0.0,0.0,0.0
57,14.25,R4Z9,119.45292556746311,0.0,0.0,77.3174347869745,15.842270605008139,0.0,0.0,0.0,0.0,0.0,0.0,0.0,85.7091834658516,0.0,0.0,0.0,0.0,0.0,0.0
57,14.25,R4Z10,71.21918748357864,0.0,0.0,0.0,0.0,30.93190160334433,0.0,0.0,0.0,0.0,0.0,0.0,87.31402171863832,0.0,0.0,0.0,0.0,0.0,0.0
57,14.25,R4Z11,98.40563232284524,0.0,0.0,0.0,91.90073298332233,61.524301188784094,5.697731489199612,0.0,22.1532783908015,0.0,0.0,0.0,80.77751772845221,0.0,0.0,0.0,0.0,0.0,0.0
57,14.25,R5Z1,129.63781054674578,0.0,135.0,0.0,0.0,133.6288867072357,20.029967488693913,0.0,0.0,0.0,0.0,0.0,70.52185917246635,0.0,0.0,0.0,0.0,0.0,0.0
57,14.25,R5Z2,89.05351747590598,0.0,135.0,0.0,0.0,34.66256067211548,32.59032554380074,0.0,22.1532783908015,0.0,0.0,0.0,167.7943329383153,0.0,0.0,0.0,0.0,0.0,0.0
57,14.25,R5Z3,117.04606832463364,0.0,0.0,99.47787312905206,74.69290412724371,0.0,0.0,0.0,22.1532783908015,0.0,0.0,0.0,142.3219162662652,0.0,0.0,0.0,0.0,0.0,0.0
57,14.25,R5Z4,101.42019576946258,0.0,0.0,26.518659368163423,30.594979619696158,88.63164073674132,0.0,0.0,44.306556781603,0.0,0.0,0.0,0.0,0.0,0.0,0.0,0.0,0.0,0.0
57,14.25,R5Z5,101.56746635090138,0.0,0.0,0.0,79.41418796009988,41.017329492831514,33.282442014397176,0.0,22.1532783908015,0.0,0.0,0.0,78.29981840283497,0.0,0.0,0.0,0.0,0.0,0.0
57,14.25,R5Z6,125.44200014975151,0.0,0.0,0.0,0.0,39.53979155213646,50.47167976029003,0.0,44.306556781603,0.0,0.0,0.0,158.94154395283408,0.0,0.0,0.0,0.0,0.0,0.0
57,14.25,R5Z7,71.56289420670011,0.0,0.0,74.44694986357197,53.790531241318064,1.4210854715202004e-14,0.0,0.0,0.0,0.0,0.0,0.0,86.23149406754374,0.0,0.0,0.0,0.0,0.0,0.0
57,14.25,R5Z8,120.62328530182694,0.0,0.0,0.0,0.0,78.01800655450188,44.99544705419844,0.0,22.1532783908015,0.0,0.0,0.0,160.49719362457517,0.0,0.0,0.0,0.0,0.0,0.0
57,14.25,R5Z9,100.32205141724418,0.0,0.0,0.0,4.894325743713026,100.54550045401291,58.88294752878421,0.0,0.0,0.0,0.0,0.0,83.62057872643217,0.0,0.0,0.0,0.0,0.0,0.0
57,14.25,R6Z1,93.07520909630324,0.0,135.0,0.0,0.0,86.90069012941817,7.03928449265915,0.0,0.0,0.0,0.0,0.0,0.0,2.354085651465958,0.0,640.0,0.0,0.0,0.0
57,14.25,R6Z2,72.09077650992478,0.0,135.0,0.0,0.0,68.67660973549974,23.620307662511188,0.0,44.306556781603,0.0,0.0,0.0,136.22038043960248,2.354085651465958,0.0,640.0,0.0,0.0,0.0
57,14.25,R6Z3,120.70054927407278,0.0,0.0,6.607930501809776,66.14810354194398,82.23788701420769,0.0,0.0,22.1532783908015,0.0,0.0,0.0,80.22790960303765,0.0,0.0,0.0,0.0,0.0,0.0
57,14.25,R6Z4,60.235129459402486,0.0,0.0,41.27933221223148,136.09065013018994,0.0,0.0,0.0,22.1532783908015,0.0,0.0,0.0,76.07324091414925,0.0,0.0,0.0,0.0,0.0,0.0
57,14.25,R7Z1,156.06110344541904,0.0,135.0,0.0,0.0,77.80926267015565,92.41354194976014,0.0,22.1532783908015,0.0,0.0,0.0,0.0,0.0,0.0,638.9025983699302,0.0,0.0,0.0
57,14.25,R7Z2,147.97400569003705,0.0,135.0,0.0,0.0,112.27651303814262,17.627829325375096,0.0,0.0,0.0,0.0,0.0,162.18226703538468,0.0,0.0,0.0,0.0,0.0,0.0
57,14.25,R7Z3,119.54706466125305,0.0,0.0,39.895295512624216,201.77386704526333,0.0,0.0,0.0,44.306556781603,0.0,0.0,0.0,138.50514900328207,0.0,0.0,0.0,0.0,0.0,0.0
57,14.25,R7Z4,146.90584120460016,0.0,0.0,0.0,0.0,107.12424483935713,0.0,0.0,22.1532783908015,0.0,0.0,0.0,67.57835159079539,0.0,0.0,0.0,0.0,0.0,0.0
57,14.25,R7Z5,108.48834921288645,0.0,0.0,38.3301587153104,44.515268065178766,7.105427357601002e-15,0.0,0.0,44.306556781603,0.0,0.0,0.0,0.0,0.0,0.0,0.0,0.0,0.0,0.0
57,14.25,R7Z6,69.36658524280105,0.0,0.0,0.0,0.0,87.11750671677683,67.67614361509429,0.0,44.306556781603,0.0,0.0,0.0,0.0,0.0,0.0,0.0,0.0,0.0,0.0
57,14.25,R7Z7,100.0558638117294,0.0,0.0,71.01415646406025,117.49039270976533,-1.4210854715202004e-14,0.0,0.0,0.0,0.0,0.0,0.0,67.88162032030078,0.0,0.0,0.0,0.0,0.0,0.0
57,14.25,R7Z8,114.09936098219082,0.0,0.0,0.0,9.028159655960252,101.13352973289794,103.71449344052145,0.0,44.306556781603,0.0,0.0,0.0,144.18574508128393,0.0,0.0,0.0,0.0,0.0,0.0
57,14.25,R7Z9,99.05736313937939,0.0,0.0,0.0,0.0,74.71201533529064,88.88375054018057,0.0,44.306556781603,0.0,0.0,0.0,78.83500372523764,0.0,0.0,0.0,0.0,0.0,0.0
57,14.25,R8Z1,127.42261895284958,0.0,135.0,0.0,0.0,64.56012876214031,61.860205638500446,0.0,22.1532783908015,0.0,0.0,0.0,83.94621858743434,2.354085651465958,0.0,640.0,0.0,0.0,0.0
57,14.25,R8Z2,105.03419976825253,0.0,135.0,0.0,0.0,84.82675964541222,140.29737566772366,0.0,22.1532783908015,0.0,0.0,0.0,146.24164651082853,0.0,0.0,0.0,0.0,0.0,0.0
57,14.25,R8Z3,133.93209575302274,0.0,0.0,34.64199954302114,77.13681781920009,37.785181406805265,0.0,0.0,22.1532783908015,0.0,0.0,0.0,171.0923628507249,0.0,0.0,0.0,0.0,0.0,0.0
57,14.25,R8Z4,79.06639275201603,0.0,0.0,0.0,48.988744595052424,61.13347215905445,28.133854464039302,0.0,0.0,0.0,0.0,0.0,0.0,0.0,0.0,0.0,0.0,0.0,0.0
57,14.25,R8Z5,110.09823381086758,0.0,0.0,65.01048045840326,47.459664677976605,0.0,0.0,0.0,22.1532783908015,0.0,0.0,0.0,85.14452625626367,0.0,0.0,0.0,0.0,0.0,0.0
57,14.25,R8Z6,125.55213693622736,0.0,0.0,0.0,0.0,36.37908438378762,73.53742962358974,0.0,22.1532783908015,0.0,0.0,0.0,0.0,0.0,0.0,0.0,0.0,0.0,0.0
57,14.25,R8Z7,103.4095005548823,0.0,0.0,79.31232592409994,5.614194048167219,0.0,0.0,0.0,0.0,0.0,0.0,0.0,78.8849865142034,0.0,0.0,0.0,0.0,0.0,0.0
57,14.25,R8Z8,113.07756987662587,0.0,0.0,0.0,0.0,81.99991042573153,48.959741318830574,0.0,22.1532783908015,0.0,0.0,0.0,83.87175219435508,0.0,0.0,0.0,0.0,0.0,0.0
57,14.25,R9Z1,95.40834453366514,0.0,135.0,0.0,0.0,35.08709350809823,50.850077759666874,0.0,22.1532783908015,0.0,0.0,0.0,0.0,2.354085651465958,0.0,640.0,0.0,0.0,0.0
57,14.25,R9Z2,117.59017165563876,0.0,135.0,37.89592454821006,80.29877339443657,-7.105427357601002e-15,0.0,0.0,22.1532783908015,0.0,0.0,0.0,74.58253134477395,2.354085651465958,0.0,640.0,0.0,0.0,0.0
57,14.25,R9Z3,94.03176384049968,0.0,0.0,67.17872295460015,31.61692913470742,0.0,0.0,0.0,44.306556781603,0.0,0.0,0.0,137.09674006439528,0.0,0.0,0.0,0.0,0.0,0.0
57,14.25,R9Z4,103.88149450383295,0.0,0.0,0.0,0.0,87.19146212500104,159.39923533277818,0.0,22.1532783908015,0.0,0.0,0.0,71.90827223802145,0.0,0.0,0.0,0.0,0.0,0.0
57,14.25,R9Z5,76.89612486423835,0.0,0.0,63.81111772968001,138.02215351285008,-7.105427357601002e-15,0.0,0.0,22.1532783908015,0.0,0.0,0.0,149.76725291712134,0.0,0.0,0.0,0.0,0.0,0.0
57,14.25,R9Z6,70.30646057131082,0.0,0.0,34.391345058994105,45.425040435540026,7.105427357601002e-15,0.0,0.0,22.1532783908015,0.0,0.0,0.0,159.23649543297864,0.0,0.0,0.0,0.0,0.0,0.0
57,14.25,R9Z7,67.39132858541174,0.0,0.0,0.0,0.0,96.36682243262665,18.278627350990874,0.0,0.0,0.0,0.0,0.0,76.31747521339226,0.0,0.0,0.0,0.0,0.0,0.0
57,14.25,R9Z8,100.9255320645914,0.0,0.0,74.6491690568193,47.65989231127638,0.0,0.0,0.0,22.1532783908015,0.0,0.0,0.0,71.31044305833913,0.0,0.0,0.0,0.0,0.0,0.0
57,14.25,R9Z9,103.74865409776442,0.0,0.0,0.0,0.0,80.5491723915419,50.284145621035854,0.0,0.0,0.0,0.0,0.0,161.82697964250033,0.0,0.0,0.0,0.0,0.0,0.0
57,14.25,R9Z10,66.82487220463379,0.0,0.0,0.0,71.02306352504297,73.51377357394846,96.09274634922835,0.0,0.0,0.0,0.0,0.0,0.0,0.0,0.0,0.0,0.0,0.0,0.0
57,14.25,R9Z11,94.95360538605401,0.0,0.0,0.0,0.0,37.629739566666316,79.30752683237048,0.0,0.0,0.0,0.0,0.0,159.93248649581548,0.0,0.0,0.0,0.0,0.0,0.0
57,14.25,R10Z1,93.39866704494227,0.0,0.0,0.0,0.0,43.941230092058696,112.70684907843918,0.0,0.0,0.0,0.0,0.0,70.10765518668312,0.0,0.0,638.3546033955535,0.0,0.0,0.0
57,14.25,R10Z2,73.44675645349486,0.0,0.0,0.0,0.0,64.01414508317968,119.04837279179948,0.0,0.0,0.0,0.0,0.0,166.96156594108416,2.354085651465958,0.0,640.0,0.0,0.0,0.0
57,14.25,R10Z3,83.99110811737474,0.0,0.0,0.0,0.0,129.75231606972412,123.60530861016588,0.0,0.0,0.0,0.0,0.0,80.25758479754197,0.0,0.0,0.0,0.0,0.0,0.0
57,14.25,R10Z4,106.93709331465597,0.0,0.0,34.69931651318096,30.627809802619797,0.0,0.0,0.0,44.306556781603,0.0,0.0,0.0,81.37245276973991,0.0,0.0,0.0,0.0,0.0,0.0
57,14.25,R10Z5,57.62904272702386,0.0,0.0,40.40106082155947,60.77370394057951,7.105427357601002e-15,0.0,0.0,44.306556781603,0.0,0.0,0.0,0.0,0.0,0.0,0.0,0.0,0.0,0.0
57,14.25,R10Z6,63.83269180569279,0.0,0.0,72.73486318905346,39.734274316429406,0.0,0.0,0.0,44.306556781603,0.0,0.0,0.0,69.03668063949326,0.0,0.0,0.0,0.0,0.0,0.0
57,14.25,R10Z7,80.80170797171024,0.0,0.0,0.0,0.0,35.609204052891165,104.50199069226015,0.0,44.306556781603,0.0,0.0,0.0,83.51883032586294,0.0,0.0,0.0,0.0,0.0,0.0
57,14.25,R10Z8,81.10364244188456,0.0,0.0,0.0,0.0,45.0,29.86056452073198,0.0,0.0,0.0,0.0,0.0,80.8183853849844,0.0,0.0,0.0,0.0,0.0,0.0
57,14.25,R10Z9,103.92324064585542,0.0,0.0,0.0,0.0,34.69845447249307,78.92854110954903,0.0,22.1532783908015,0.0,0.0,0.0,0.0,0.0,0.0,0.0,0.0,0.0,0.0
57,14.25,R11Z1,113.98668862248519,0.0,135.0,0.0,0.0,84.32474342739928,83.78425528877236,0.0,44.306556781603,0.0,0.0,0.0,157.77792239814448,0.0,0.0,0.0,0.0,0.0,0.0
57,14.25,R11Z2,74.61408786850309,0.0,135.0,0.0,4.906470253244606,41.09582416605896,33.55335005479906,0.0,22.1532783908015,0.0,0.0,0.0,69.10285169896925,0.0,0.0,0.0,0.0,0.0,0.0
57,14.25,R11Z3,127.317528170946,0.0,0.0,0.0,0.0,42.627718883419696,31.605741594187734,0.0,22.1532783908015,0.0,0.0,0.0,0.0,0.0,0.0,0.0,0.0,0.0,0.0
57,14.25,R11Z4,104.59779197296974,0.0,0.0,111.96701746072182,133.2777409081374,1.4210854715202004e-14,0.0,0.0,0.0,0.0,0.0,0.0,80.11952143745013,0.0,0.0,0.0,0.0,0.0,0.0
57,14.25,R11Z5,118.55870923226571,0.0,0.0,0.0,0.0,32.06756851510653,8.64146234298434,0.0,22.1532783908015,0.0,0.0,0.0,87.72684081948377,0.0,0.0,0.0,0.0,0.0,0.0
57,14.25,R11Z6,85.18382067719499,0.0,0.0,45.0,78.48099530852247,0.0,0.0,0.0,0.0,0.0,0.0,0.0,0.0,0.0,0.0,0.0,0.0,0.0,0.0
57,14.25,R11Z7,82.8727190968332,0.0,0.0,0.0,0.0,38.02723393927366,63.876194125211796,0.0,22.1532783908015,0.0,0.0,0.0,0.0,0.0,0.0,0.0,0.0,0.0,0.0
57,14.25,R11Z8,94.82915691151513,0.0,0.0,0.0,0.0,65.44654298869031,127.79987163565752,0.0,22.1532783908015,0.0,0.0,0.0,157.62537205858462,0.0,0.0,0.0,0.0,0.0,0.0
57,14.25,R12Z1,90.3043789804968,0.0,135.0,106.44960484426004,74.28539164473959,-1.4210854715202004e-14,0.0,0.0,44.306556781603,0.0,0.0,0.0,136.07316725624128,0.0,0.0,0.0,0.0,0.0,0.0
57,14.25,R12Z2,110.89590291006353,0.0,135.0,0.0,0.0,35.567764380613866,105.77900471810919,0.0,22.1532783908015,0.0,0.0,0.0,86.79592996949832,0.0,0.0,0.0,0.0,0.0,0.0
57,14.25,R12Z3,89.5986760167185,0.0,0.0,0.0,35.84510564551675,122.62770873255401,17.261593342663502,0.0,22.1532783908015,0.0,0.0,0.0,157.2743716060984,0.0,0.0,0.0,0.0,0.0,0.0
57,14.25,R12Z4,115.49111501462178,0.0,0.0,0.0,0.0,126.86648139565233,17.454081510210486,0.0,0.0,0.0,0.0,0.0,0.0,0.0,0.0,0.0,0.0,0.0,0.0
57,14.25,R12Z5,78.48665477701427,0.0,0.0,35.66682322276,66.01886740292667,-7.105427357601002e-15,0.0,0.0,0.0,0.0,0.0,0.0,148.89451542835147,0.0,0.0,0.0,0.0,0.0,0.0
57,14.25,R12Z6,96.51976125658551,0.0,0.0,0.0,0.0,77.56667999397197,95.68404277010765,0.0,0.0,0.0,0.0,0.0,0.0,0.0,0.0,0.0,0.0,0.0,0.0
57,14.25,R12Z7,100.69128704501155,0.0,0.0,101.85848038982274,62.49536159735697,0.0,0.0,0.0,44.306556781603,0.0,0.0,0.0,0.0,0.0,0.0,0.0,0.0,0.0,0.0
57,14.25,R12Z8,122.95475934816814,0.0,0.0,0.0,0.0,70.40414162906684,40.99675597994115,0.0,0.0,0.0,0.0,0.0,71.91696969312059,0.0,0.0,0.0,0.0,0.0,0.0
57,14.25,R12Z9,101.29998655241418,0.0,0.0,44.92524269061685,29.107378053011253,0.0,0.0,0.0,44.306556781603,0.0,0.0,0.0,163.1740700743094,0.0,0.0,0.0,0.0,0.0,0.0
58,14.5,R1Z1,104.86919799548987,0.0,0.0,120.56583598104496,28.00448256644321,0.0,0.0,0.0,39.457810856815065,0.0,0.0,0.0,149.0565896612854,0.0,0.0,579.3441073426087,0.0,0.0,0.0
58,14.5,R1Z2,47.82319273745707,0.0,0.0,0.0,9.297662957643768,36.85238612535467,13.928146660608613,0.0,39.457810856815065,0.0,0.9322810770017629,0.0,200.85641902900448,0.0,0.0,0.0,0.0,0.0,0.0
58,14.5,R1Z3,96.89712620134081,0.0,0.0,98.52934632217483,53.126648283951106,0.0,0.0,0.0,19.728905428407533,0.0,0.9322810770017629,0.0,200.85641902900448,0.0,0.0,0.0,0.0,0.0,0.0
58,14.5,R1Z4,92.43307679706363,0.0,0.0,0.0,0.0,115.54094879090461,57.38287330183509,0.0,39.457810856815065,0.0,0.0,0.0,0.0,0.0,0.0,0.0,0.0,0.0,0.0
58,14.5,R1Z5,90.90939421480095,0.0,0.0,68.7698653673192,23.305347272057453,0.0,0.0,0.0,39.457810856815065,0.0,0.0,0.0,0.0,0.0,0.0,0.0,0.0,0.0,0.0
58,14.5,R1Z6,74.05733584876629,0.0,0.0,54.672457264412174,52.11894397916309,68.23920733644951,0.0,0.0,0.0,0.0,0.46614053850088144,0.0,100.42820951450224,0.0,0.0,0.0,0.0,0.0,0.0
58,14.5,R1Z7,106.71732268614436,0.0,0.0,0.0,0.0,33.44362260139196,0.0,0.0,19.728905428407533,0.0,0.46614053850088144,0.0,100.42820951450224,0.0,0.0,0.0,0.0,0.0,0.0
58,14.5,R1Z8,56.9619199516018,0.0,0.0,38.41317028085129,85.10934385487565,-7.105427357601002e-15,0.0,0.0,0.0,0.0,0.0,0.0,0.0,0.0,0.0,0.0,0.0,0.0,0.0
58,14.5,R1Z9,110.78072254521211,0.0,0.0,85.49304727847598,105.90067071108169,0.0,0.0,0.0,0.0,0.0,0.9322810770017629,0.0,200.85641902900448,0.0,0.0,0.0,0.0,0.0,0.0
58,14.5,R1Z10,90.64749899041844,0.0,0.0,117.29213037198961,40.38770704107334,0.0,0.0,0.0,0.0,0.0,0.9322810770017629,0.0,200.85641902900448,0.0,0.0,0.0,0.0,0.0,0.0
58,14.5,R2Z1,90.42189740272869,0.0,135.0,135.0,107.12944717271984,0.0,0.0,0.0,0.0,0.0,0.0,0.0,73.33708330262402,2.354085651465958,0.0,640.0,0.0,0.0,0.0
58,14.5,R2Z2,89.72862933895962,0.0,135.0,88.48591995188644,50.680915545397966,0.0,0.0,0.0,0.0,0.0,0.0,0.0,79.26471127492705,0.0,0.0,638.3546033955535,0.0,0.0,0.0
58,14.5,R2Z3,121.69795397472124,0.0,0.0,0.0,0.0,135.0,25.174173321107148,0.0,19.728905428407533,0.0,0.0,0.0,68.61481700965822,0.0,0.0,0.0,0.0,0.0,0.0
58,14.5,R2Z4,108.5353704277949,0.0,0.0,0.0,0.0,45.0,142.19755514795722,0.0,39.457810856815065,0.0,0.0,0.0,0.0,0.0,0.0,0.0,0.0,0.0,0.0
58,14.5,R2Z5,97.03037880626626,0.0,0.0,0.0,76.34723906817986,45.0,40.1222719153146,0.0,19.728905428407533,0.0,0.0,0.0,0.0,0.0,0.0,0.0,0.0,0.0,0.0
58,14.5,R2Z6,69.2141170687521,0.0,0.0,0.0,0.0,83.22549751400818,64.65069596430402,0.0,39.457810856815065,0.0,0.0,0.0,165.66944189373038,0.0,0.0,0.0,0.0,0.0,0.0
58,14.5,R2Z7,93.46254167159077,0.0,0.0,0.0,0.0,38.95605884737043,69.66253125445365,0.0,39.457810856815065,0.0,0.0,0.0,84.647193442985,0.0,0.0,0.0,0.0,0.0,0.0
58,14.5,R2Z8,76.40104937036641,0.0,0.0,125.23461522354626,43.82823411230721,-1.4210854715202004e-14,0.0,0.0,0.0,0.0,0.0,0.0,87.22590135051894,0.0,0.0,0.0,0.0,0.0,0.0
58,14.5,R2Z9,74.9874149947246,0.0,0.0,0.0,0.0,40.25364047565794,104.31407490394685,0.0,19.728905428407533,0.0,0.0,0.0,79.77826845423512,0.0,0.0,0.0,0.0,0.0,0.0
58,14.5,R3Z1,77.10734997455965,0.0,0.0,0.0,0.0,113.56051063857484,24.928332776508817,0.0,0.0,0.0,0.0,0.0,0.0,0.0,0.0,0.0,0.0,0.0,0.0
58,14.5,R3Z2,87.94274097843208,0.0,0.0,0.0,0.0,101.26079382494027,94.58938653276402,0.0,39.457810856815065,0.0,0.0,0.0,158.9066479711345,0.0,0.0,0.0,0.0,0.0,0.0
58,14.5,R3Z3,73.92790706517397,0.0,0.0,0.0,0.0,33.35329859790432,39.83782649554372,0.0,19.728905428407533,0.0,0.0,0.0,0.0,0.0,0.0,0.0,0.0,0.0,0.0
58,14.5,R4Z1,119.76693275978799,0.0,135.0,33.65808519131866,155.87643132951547,-7.105427357601002e-15,0.0,0.0,39.457810856815065,0.0,0.0,0.0,78.61680154094533,0.0,0.0,0.0,0.0,0.0,0.0
58,14.5,R4Z2,102.4198669652857,0.0,0.0,102.79214983807435,26.45157947227085,11.338565493521713,0.0,0.0,39.457810856815065,0.0,0.0,0.0,155.41416507580146,0.0,0.0,0.0,0.0,0.0,0.0
58,14.5,R4Z3,102.62819499763052,0.0,0.0,0.0,0.0,68.2588994554203,0.0,0.0,0.0,0.0,0.0,0.0,0.0,0.0,0.0,0.0,0.0,0.0,0.0
58,14.5,R4Z4,102.7401445727289,0.0,0.0,0.0,0.0,40.886526497062526,0.0,0.0,0.0,0.0,0.0,0.0,0.0,0.0,0.0,0.0,0.0,0.0,0.0
58,14.5,R4Z5,82.68753452177866,0.0,0.0,0.0,0.0,42.449511370107665,24.003241791847632,0.0,39.457810856815065,0.0,0.0,0.0,0.0,0.0,0.0,0.0,0.0,0.0,0.0
58,14.5,R4Z6,76.4130512291791,0.0,0.0,80.2756611691082,10.07395790200899,0.0,0.0,0.0,39.457810856815065,0.0,0.0,0.0,147.91253233374334,0.0,0.0,0.0,0.0,0.0,0.0
58,14.5,R4Z7,113.46965626366868,0.0,0.0,0.0,0.0,80.08251345362169,0.0,0.0,39.457810856815065,0.0,0.0,0.0,0.0,0.0,0.0,0.0,0.0,0.0,0.0
58,14.5,R4Z8,110.50015585689033,0.0,0.0,62.65238351741747,5.26047954031103,7.105427357601002e-15,0.0,0.0,39.457810856815065,0.0,0.0,0.0,0.0,0.0,0.0,0.0,0.0,0.0,0.0
58,14.5,R4Z9,115.63189844465387,0.0,0.0,14.05641637928583,0.11425006165203422,64.81337499108508,0.0,0.0,0.0,0.0,0.0,0.0,85.61334111074571,0.0,0.0,0.0,0.0,0.0,0.0
58,14.5,R4Z10,65.78926390301444,0.0,0.0,29.725785185160063,86.17357382953703,7.105427357601002e-15,0.0,0.0,0.0,0.0,0.0,0.0,87.21638478946824,0.0,0.0,0.0,0.0,0.0,0.0
58,14.5,R4Z11,99.19383915694519,0.0,0.0,58.17702565727018,126.62546779455587,7.105427357601002e-15,0.0,0.0,19.728905428407533,0.0,0.0,0.0,80.6871900969705,0.0,0.0,0.0,0.0,0.0,0.0
58,14.5,R5Z1,118.46250703262184,0.0,135.0,114.37955560932612,12.08821295783957,0.0,0.0,0.0,0.0,0.0,0.0,0.0,70.4429996991145,0.0,0.0,0.0,0.0,0.0,0.0
58,14.5,R5Z2,100.41657042645387,0.0,135.0,0.0,0.0,32.570578134757085,47.26346555757067,0.0,19.728905428407533,0.0,0.0,0.0,167.60670072211718,0.0,0.0,0.0,0.0,0.0,0.0
58,14.5,R5Z3,126.13842300139214,0.0,0.0,90.52650844367469,94.63096865313193,0.0,0.0,0.0,19.728905428407533,0.0,0.0,0.0,142.1627680036572,0.0,0.0,0.0,0.0,0.0,0.0
58,14.5,R5Z4,102.79681084020109,0.0,0.0,0.0,0.0,108.45981314857764,52.43247445895936,0.0,39.457810856815065,0.0,0.0,0.0,0.0,0.0,0.0,0.0,0.0,0.0,0.0
58,14.5,R5Z5,90.98304902268927,0.0,0.0,0.0,0.0,40.45479958326773,45.610876166797745,0.0,19.728905428407533,0.0,0.0,0.0,78.21226140256229,0.0,0.0,0.0,0.0,0.0,0.0
58,14.5,R5Z6,114.02673425897706,0.0,0.0,0.0,0.0,37.6873490768901,109.13142434870659,0.0,39.457810856815065,0.0,0.0,0.0,158.76381116761073,0.0,0.0,0.0,0.0,0.0,0.0
58,14.5,R5Z7,74.84389354343689,0.0,0.0,0.0,0.0,70.23431886246989,29.76510722354783,0.0,0.0,0.0,0.0,0.0,86.13506765042561,0.0,0.0,0.0,0.0,0.0,0.0
58,14.5,R5Z8,110.16264463238026,0.0,0.0,71.37095625091192,65.1534485275204,-1.4210854715202004e-14,0.0,0.0,19.728905428407533,0.0,0.0,0.0,160.31772126930542,0.0,0.0,0.0,0.0,0.0,0.0
58,14.5,R5Z9,93.47088646953588,0.0,0.0,14.56421540235506,98.46337696147272,84.0525831324789,0.0,0.0,0.0,0.0,0.0,0.0,83.52707190631818,0.0,0.0,0.0,0.0,0.0,0.0
58,14.5,R6Z1,98.93960225535787,0.0,135.0,0.0,0.0,61.02014184384761,20.876615535976732,0.0,0.0,0.0,0.0,0.0,0.0,0.0,0.0,639.4510637701335,0.0,0.0,0.0
58,14.5,R6Z2,78.22835768336505,0.0,135.0,0.0,0.0,64.6844827719395,18.207913061043783,0.0,39.457810856815065,0.0,0.0,0.0,136.0680550813758,2.354085651465958,0.0,640.0,0.0,0.0,0.0
58,14.5,R6Z3,111.855770657407,0.0,0.0,102.18417033385086,61.441705760211335,0.0,0.0,0.0,19.728905428407533,0.0,0.0,0.0,80.13819655840643,0.0,0.0,0.0,0.0,0.0,0.0
58,14.5,R6Z4,92.2871843332887,0.0,0.0,0.0,0.0,35.38285096350021,134.82532159997072,0.0,19.728905428407533,0.0,0.0,0.0,75.9881737337735,0.0,0.0,0.0,0.0,0.0,0.0
58,14.5,R7Z1,151.47149877574537,0.0,135.0,82.49485515363759,9.008861922163526,1.4210854715202004e-14,0.0,0.0,19.728905428407533,0.0,0.0,0.0,0.0,0.0,0.0,638.3546033955535,0.0,0.0,0.0
58,14.5,R7Z2,140.19115912908302,0.0,135.0,0.0,0.0,106.48724871803205,8.011811353964363,0.0,0.0,0.0,0.0,0.0,162.00091038490072,0.0,0.0,0.0,0.0,0.0,0.0
58,14.5,R7Z3,128.60993344233248,0.0,0.0,0.0,0.0,42.95286015466768,33.995239528588556,0.0,39.457810856815065,0.0,0.0,0.0,138.35026875430555,0.0,0.0,0.0,0.0,0.0,0.0
58,14.5,R7Z4,118.84214818947025,0.0,0.0,0.0,0.0,110.0235741016741,63.32885016267473,0.0,19.728905428407533,0.0,0.0,0.0,67.50278362819526,0.0,0.0,0.0,0.0,0.0,0.0
58,14.5,R7Z5,146.97243557776062,0.0,0.0,0.0,0.0,38.888014964800504,27.105198474073855,0.0,39.457810856815065,0.0,0.0,0.0,0.0,0.0,0.0,0.0,0.0,0.0,0.0
58,14.5,R7Z6,72.97509421381547,0.0,0.0,0.0,0.0,83.04557675563527,65.4620365579786,0.0,39.457810856815065,0.0,0.0,0.0,0.0,0.0,0.0,0.0,0.0,0.0,0.0
58,14.5,R7Z7,95.67389490725017,0.0,0.0,49.070294683696545,0.0,12.391302773579753,0.0,0.0,0.0,0.0,0.0,0.0,67.80571323430581,0.0,0.0,0.0,0.0,0.0,0.0
58,14.5,R7Z8,96.32406902214265,0.0,0.0,104.49832319443516,28.875549838619,0.0,0.0,0.0,39.457810856815065,0.0,0.0,0.0,144.0245126342756,0.0,0.0,0.0,0.0,0.0,0.0
58,14.5,R7Z9,101.93740083223658,0.0,0.0,72.57273808773262,76.1326807426099,1.4210854715202004e-14,0.0,0.0,39.457810856815065,0.0,0.0,0.0,78.7468482660876,0.0,0.0,0.0,0.0,0.0,0.0
58,14.5,R8Z1,102.41975445808231,0.0,135.0,0.0,0.0,54.68796720441419,20.18827272090473,0.0,19.728905428407533,0.0,0.0,0.0,83.8523476279139,2.354085651465958,0.0,640.0,0.0,0.0,0.0
58,14.5,R8Z2,96.24632322838197,0.0,135.0,0.0,0.0,74.69963948781637,15.232607626284189,0.0,19.728905428407533,0.0,0.0,0.0,146.07811509856458,0.0,0.0,0.0,0.0,0.0,0.0
58,14.5,R8Z3,124.73623163751935,0.0,0.0,0.0,26.91727566840754,74.60413832094036,54.38809882771969,0.0,19.728905428407533,0.0,0.0,0.0,170.90104268720034,0.0,0.0,0.0,0.0,0.0,0.0
58,14.5,R8Z4,63.91306434806584,0.0,0.0,71.61475826919681,17.66053279635148,0.0,0.0,0.0,0.0,0.0,0.0,0.0,0.0,0.0,0.0,0.0,0.0,0.0,0.0
58,14.5,R8Z5,112.87065647039921,0.0,0.0,0.0,0.0,65.41938896791488,20.44255312437155,0.0,19.728905428407533,0.0,0.0,0.0,85.04931531630616,0.0,0.0,0.0,0.0,0.0,0.0
58,14.5,R8Z6,105.31661802023508,0.0,0.0,32.31132261346673,0.0,0.0,0.0,0.0,19.728905428407533,0.0,0.0,0.0,0.0,0.0,0.0,0.0,0.0,0.0,0.0
58,14.5,R8Z7,128.14880757389162,0.0,0.0,78.41182451429927,0.0,0.0,0.0,0.0,0.0,0.0,0.0,0.0,78.79677516293054,0.0,0.0,0.0,0.0,0.0,0.0
58,14.5,R8Z8,102.15689631779776,0.0,0.0,81.5676861538932,31.384663584148512,0.0,0.0,0.0,19.728905428407533,0.0,0.0,0.0,83.77796450519378,0.0,0.0,0.0,0.0,0.0,0.0
58,14.5,R9Z1,100.76399509118102,0.0,135.0,0.0,0.0,31.624032260177266,28.34579089827935,0.0,19.728905428407533,0.0,0.0,0.0,0.0,0.0,0.0,639.4510637701335,0.0,0.0,0.0
58,14.5,R9Z2,107.653073283421,0.0,135.0,0.0,0.0,37.57832248932333,41.38306785556635,0.0,19.728905428407533,0.0,0.0,0.0,74.4991311166445,0.0,0.0,639.4510637701335,0.0,0.0,0.0
58,14.5,R9Z3,85.88043769680706,0.0,0.0,24.322878157127967,23.562259629624158,44.95978427784416,0.0,0.0,39.457810856815065,0.0,0.0,0.0,136.9434347368472,0.0,0.0,0.0,0.0,0.0,0.0
58,14.5,R9Z4,120.8039388429461,0.0,0.0,0.0,101.07503341453857,85.15652033648827,25.60795645570954,0.0,19.728905428407533,0.0,0.0,0.0,71.82786243962882,0.0,0.0,0.0,0.0,0.0,0.0
58,14.5,R9Z5,72.91235849123473,0.0,0.0,0.0,0.0,68.61814473958871,157.45303447519322,0.0,19.728905428407533,0.0,0.0,0.0,149.59977907526596,0.0,0.0,0.0,0.0,0.0,0.0
58,14.5,R9Z6,76.8518044715575,0.0,0.0,32.10276792878864,52.27837643192581,7.105427357601002e-15,0.0,0.0,19.728905428407533,0.0,0.0,0.0,159.05843282493638,0.0,0.0,0.0,0.0,0.0,0.0
58,14.5,R9Z7,65.73536573035891,0.0,0.0,0.0,20.68531819848863,110.41702384685065,38.62528098650478,0.0,0.0,0.0,0.0,0.0,76.23213492353754,0.0,0.0,0.0,0.0,0.0,0.0
58,14.5,R9Z8,132.5876321145423,0.0,0.0,70.87513664962945,54.05662287921896,0.0,0.0,0.0,19.728905428407533,0.0,0.0,0.0,71.23070176889985,0.0,0.0,0.0,0.0,0.0,0.0
58,14.5,R9Z9,109.97093513789288,0.0,0.0,71.91974777889715,29.433027591976796,0.0,0.0,0.0,0.0,0.0,0.0,0.0,161.64602028410454,0.0,0.0,0.0,0.0,0.0,0.0
58,14.5,R9Z10,60.60225707751176,0.0,0.0,0.0,0.0,70.84081529092833,154.45317448782504,0.0,0.0,0.0,0.0,0.0,0.0,0.0,0.0,0.0,0.0,0.0,0.0
58,14.5,R9Z11,90.23594977556512,0.0,0.0,0.0,0.0,38.3283932675089,156.79781529345996,0.0,0.0,0.0,0.0,0.0,159.75364561151508,0.0,0.0,0.0,0.0,0.0,0.0
58,14.5,R10Z1,97.15635948836412,0.0,0.0,43.97148738082378,55.664104960601186,0.0,0.0,0.0,0.0,0.0,0.0,0.0,70.02925888756636,0.0,0.0,637.807078443513,0.0,0.0,0.0
58,14.5,R10Z2,67.28074771904429,0.0,0.0,64.86580796081734,203.80704579245992,-1.4210854715202004e-14,0.0,0.0,0.0,0.0,0.0,0.0,166.77486494773805,0.0,0.0,639.4510637701335,0.0,0.0,0.0
58,14.5,R10Z3,76.52923060102152,0.0,0.0,0.0,0.0,125.2219615674006,77.56993117336597,0.0,0.0,0.0,0.0,0.0,80.16783856929595,0.0,0.0,0.0,0.0,0.0,0.0
58,14.5,R10Z4,99.75136687085414,0.0,0.0,37.984813814770206,46.82265221324718,0.0,0.0,0.0,39.457810856815065,0.0,0.0,0.0,81.28145986560962,0.0,0.0,0.0,0.0,0.0,0.0
58,14.5,R10Z5,57.19619224791724,0.0,0.0,0.0,0.0,32.712421966283586,137.47378585551746,0.0,39.457810856815065,0.0,0.0,0.0,0.0,0.0,0.0,0.0,0.0,0.0,0.0
58,14.5,R10Z6,79.42216402918032,0.0,0.0,81.40208646748513,16.450688647824023,0.0,0.0,0.0,39.457810856815065,0.0,0.0,0.0,68.9594819334314,0.0,0.0,0.0,0.0,0.0,0.0
58,14.5,R10Z7,87.63299725124385,0.0,0.0,0.0,0.0,31.62148474375409,114.64839965141671,0.0,39.457810856815065,0.0,0.0,0.0,83.42543728359567,0.0,0.0,0.0,0.0,0.0,0.0
58,14.5,R10Z8,84.83547520847463,0.0,0.0,0.0,0.0,45.0,56.39103542892899,0.0,0.0,0.0,0.0,0.0,80.72801205417046,0.0,0.0,0.0,0.0,0.0,0.0
58,14.5,R10Z9,88.4779628049618,0.0,0.0,0.0,80.76722235428934,32.26862268757439,19.08679680282812,0.0,19.728905428407533,0.0,0.0,0.0,0.0,0.0,0.0,0.0,0.0,0.0,0.0
58,14.5,R11Z1,108.93259625538856,0.0,135.0,0.0,0.0,82.54673101494566,134.04489143431616,0.0,39.457810856815065,0.0,0.0,0.0,157.6014908063959,0.0,0.0,0.0,0.0,0.0,0.0
58,14.5,R11Z2,93.6212370498757,0.0,135.0,42.965541941919014,15.59326602121168,0.0,0.0,0.0,19.728905428407533,0.0,0.0,0.0,69.02557899861736,0.0,0.0,0.0,0.0,0.0,0.0
58,14.5,R11Z3,96.64868890313427,0.0,0.0,41.507530472057006,29.569480353066858,0.0,0.0,0.0,19.728905428407533,0.0,0.0,0.0,0.0,0.0,0.0,0.0,0.0,0.0,0.0
58,14.5,R11Z4,122.60690381588392,0.0,0.0,100.60664855310613,102.7636872581054,1.4210854715202004e-14,0.0,0.0,0.0,0.0,0.0,0.0,80.02992959543263,0.0,0.0,0.0,0.0,0.0,0.0
58,14.5,R11Z5,107.38944726010796,0.0,0.0,0.0,0.0,30.504833545454247,5.849913744658353,0.0,19.728905428407533,0.0,0.0,0.0,87.62874226469485,0.0,0.0,0.0,0.0,0.0,0.0
58,14.5,R11Z6,92.905913117477,0.0,0.0,43.93013603905146,106.88554169246973,0.0,0.0,0.0,0.0,0.0,0.0,0.0,0.0,0.0,0.0,0.0,0.0,0.0,0.0
58,14.5,R11Z7,105.72359609218896,0.0,0.0,33.77561131110981,76.11760785275304,7.105427357601002e-15,0.0,0.0,19.728905428407533,0.0,0.0,0.0,0.0,0.0,0.0,0.0,0.0,0.0,0.0
58,14.5,R11Z8,91.25899350264551,0.0,0.0,0.0,0.0,69.16455921472058,87.57678952410183,0.0,19.728905428407533,0.0,0.0,0.0,157.44911105280156,0.0,0.0,0.0,0.0,0.0,0.0
58,14.5,R12Z1,106.40090195473313,0.0,135.0,0.0,0.0,105.36632566639327,12.45642606320578,0.0,39.457810856815065,0.0,0.0,0.0,135.92100651582598,0.0,0.0,0.0,0.0,0.0,0.0
58,14.5,R12Z2,83.48392975628705,0.0,135.0,0.0,0.0,29.904063556549218,51.4158773482862,0.0,19.728905428407533,0.0,0.0,0.0,86.69887238470407,0.0,0.0,0.0,0.0,0.0,0.0
58,14.5,R12Z3,100.60238409735706,0.0,0.0,0.0,0.0,123.09967673160591,33.285821665419,0.0,19.728905428407533,0.0,0.0,0.0,157.0985030986294,0.0,0.0,0.0,0.0,0.0,0.0
58,14.5,R12Z4,107.59452206993146,0.0,0.0,0.0,0.0,122.3778563597601,27.82858598687028,0.0,0.0,0.0,0.0,0.0,0.0,0.0,0.0,0.0,0.0,0.0,0.0
58,14.5,R12Z5,87.58870754917142,0.0,0.0,0.0,0.0,36.750379354591466,0.0,0.0,0.0,0.0,0.0,0.0,148.72801750544585,0.0,0.0,0.0,0.0,0.0,0.0
58,14.5,R12Z6,88.99844625232004,0.0,0.0,0.0,0.0,67.65333542378501,109.45743193668501,0.0,0.0,0.0,0.0,0.0,0.0,0.0,0.0,0.0,0.0,0.0,0.0
58,14.5,R12Z7,94.90374648613331,0.0,0.0,117.69955843982054,14.09046074056535,-1.4210854715202004e-14,0.0,0.0,39.457810856815065,0.0,0.0,0.0,0.0,0.0,0.0,0.0,0.0,0.0,0.0
58,14.5,R12Z8,95.98651573953057,0.0,0.0,71.58004847705192,51.54647059396828,0.0,0.0,0.0,0.0,0.0,0.0,0.0,71.83655016899559,0.0,0.0,0.0,0.0,0.0,0.0
58,14.5,R12Z9,100.52224230519252,0.0,0.0,26.466867364555284,77.81004268712219,15.701570554186553,0.0,0.0,39.457810856815065,0.0,0.0,0.0,162.99160436251827,0.0,0.0,0.0,0.0,0.0,0.0
59,14.75,R1Z1,110.33016561286387,0.0,0.0,98.26219123267663,79.85980508727755,-1.4210854715202004e-14,0.0,0.0,37.83311641746688,0.0,0.0,0.0,148.88991050253597,0.0,0.0,578.8471964518586,0.0,0.0,0.0
59,14.75,R1Z2,42.89235399185445,0.0,0.0,33.84972962926585,114.75203963297886,0.0,0.0,0.0,37.83311641746688,0.0,0.9322810770017629,0.0,200.85641902900448,0.0,0.0,0.0,0.0,0.0,0.0
59,14.75,R1Z3,127.88060481296439,0.0,0.0,0.0,0.0,92.07394414434783,26.98307619445884,0.0,18.91655820873344,0.0,0.9322810770017629,0.0,200.85641902900448,0.0,0.0,0.0,0.0,0.0,0.0
59,14.75,R1Z4,76.23305892931023,0.0,0.0,119.69779942122138,29.505603353859627,0.0,0.0,0.0,37.83311641746688,0.0,0.0,0.0,0.0,0.0,0.0,0.0,0.0,0.0,0.0
59,14.75,R1Z5,73.10228854270572,0.0,0.0,23.469601399122805,6.821587120634678,50.18033614553444,0.0,0.0,37.83311641746688,0.0,0.0,0.0,0.0,0.0,0.0,0.0,0.0,0.0,0.0
59,14.75,R1Z6,72.39211784571201,0.0,0.0,112.30292983118329,39.631710311293126,0.0,0.0,0.0,0.0,0.0,0.46614053850088144,0.0,100.42820951450224,0.0,0.0,0.0,0.0,0.0,0.0
59,14.75,R1Z7,94.94543020395636,0.0,0.0,32.9427934904386,11.179220434285082,0.0,0.0,0.0,18.91655820873344,0.0,0.46614053850088144,0.0,100.42820951450224,0.0,0.0,0.0,0.0,0.0,0.0
59,14.75,R1Z8,74.22275280923776,0.0,0.0,39.9207109504666,4.226264610093525,0.0,0.0,0.0,0.0,0.0,0.0,0.0,0.0,0.0,0.0,0.0,0.0,0.0,0.0
59,14.75,R1Z9,125.24036568922024,0.0,0.0,65.31143775380976,89.87302891143283,0.0,0.0,0.0,0.0,0.0,0.9322810770017629,0.0,200.85641902900448,0.0,0.0,0.0,0.0,0.0,0.0
59,14.75,R1Z10,97.31889378277589,0.0,0.0,110.67075363928849,21.76018488801903,0.0,0.0,0.0,0.0,0.0,0.9322810770017629,0.0,200.85641902900448,0.0,0.0,0.0,0.0,0.0,0.0
59,14.75,R2Z1,87.94726588692232,0.0,135.0,133.1394311042822,44.1023202791162,2.842170943040401e-14,0.0,0.0,0.0,0.0,0.0,0.0,73.25507576858749,2.354085651465958,0.0,640.0,0.0,0.0,0.0
59,14.75,R2Z2,90.01129725035219,0.0,135.0,90.0,27.950166917509613,0.0,0.0,0.0,0.0,0.0,0.0,0.0,79.17607530503237,0.0,0.0,637.807078443513,0.0,0.0,0.0
59,14.75,R2Z3,85.57677260837373,0.0,0.0,0.0,0.0,135.0,45.25439245224725,0.0,18.91655820873344,0.0,0.0,0.0,68.5380900430551,0.0,0.0,0.0,0.0,0.0,0.0
59,14.75,R2Z4,81.57692721196872,0.0,0.0,0.0,0.0,39.89711928833275,126.78201880204263,0.0,37.83311641746688,0.0,0.0,0.0,0.0,0.0,0.0,0.0,0.0,0.0,0.0
59,14.75,R2Z5,95.51823316496672,0.0,0.0,0.0,0.0,44.08669350331085,59.61050760234394,0.0,18.91655820873344,0.0,0.0,0.0,0.0,0.0,0.0,0.0,0.0,0.0,0.0
59,14.75,R2Z6,66.60807566518861,0.0,0.0,71.23500101884042,80.29484045280651,0.0,0.0,0.0,37.83311641746688,0.0,0.0,0.0,165.48418578886387,0.0,0.0,0.0,0.0,0.0,0.0
59,14.75,R2Z7,102.46161137262196,0.0,0.0,0.0,0.0,44.134819098760104,30.69208428976987,0.0,37.83311641746688,0.0,0.0,0.0,84.552538634193,0.0,0.0,0.0,0.0,0.0,0.0
59,14.75,R2Z8,92.61898747070228,0.0,0.0,0.0,0.0,105.72855586211284,53.305228202800535,0.0,0.0,0.0,0.0,0.0,87.12836295995665,0.0,0.0,0.0,0.0,0.0,0.0
59,14.75,R2Z9,63.90581447094725,0.0,0.0,33.045905077108074,135.48658454325667,-1.4210854715202004e-14,0.0,0.0,18.91655820873344,0.0,0.0,0.0,79.68905821064472,0.0,0.0,0.0,0.0,0.0,0.0
59,14.75,R3Z1,79.58381090788666,0.0,0.0,0.0,0.0,124.70765488142352,74.9394122277974,0.0,0.0,0.0,0.0,0.0,0.0,0.0,0.0,0.0,0.0,0.0,0.0
59,14.75,R3Z2,98.70845571447073,0.0,0.0,113.1252932803088,160.77928225470524,2.842170943040401e-14,0.0,0.0,37.83311641746688,0.0,0.0,0.0,158.72895420755313,0.0,0.0,0.0,0.0,0.0,0.0
59,14.75,R3Z3,96.92430005466434,0.0,0.0,0.0,0.0,35.975769517122615,48.12860446975118,0.0,18.91655820873344,0.0,0.0,0.0,0.0,0.0,0.0,0.0,0.0,0.0,0.0
59,14.75,R4Z1,91.85297193270382,0.0,135.0,0.0,0.0,30.301309050786763,52.27871610493683,0.0,37.83311641746688,0.0,0.0,0.0,78.5288900814507,0.0,0.0,0.0,0.0,0.0,0.0
59,14.75,R4Z2,114.449086439636,0.0,0.0,50.63513880297954,25.980831219189582,63.29714607497891,0.0,0.0,37.83311641746688,0.0,0.0,0.0,155.24037670219488,0.0,0.0,0.0,0.0,0.0,0.0
59,14.75,R4Z3,100.03703209636744,0.0,0.0,0.0,12.74838757034054,60.61401653731236,111.29882169576129,0.0,0.0,0.0,0.0,0.0,0.0,0.0,0.0,0.0,0.0,0.0,0.0
59,14.75,R4Z4,107.71850544442106,0.0,0.0,0.0,0.0,33.26708580097777,4.310835194883227,0.0,0.0,0.0,0.0,0.0,0.0,0.0,0.0,0.0,0.0,0.0,0.0
59,14.75,R4Z5,89.81977264227126,0.0,0.0,40.8922033515222,110.73234591543121,0.0,0.0,0.0,37.83311641746688,0.0,0.0,0.0,0.0,0.0,0.0,0.0,0.0,0.0,0.0
59,14.75,R4Z6,72.73359912089893,0.0,0.0,0.0,0.0,77.34268104173597,12.147757589400152,0.0,37.83311641746688,0.0,0.0,0.0,147.74713249121436,0.0,0.0,0.0,0.0,0.0,0.0
59,14.75,R4Z7,107.71257410782121,0.0,0.0,71.76573099926489,23.305945490596386,0.0,0.0,0.0,37.83311641746688,0.0,0.0,0.0,0.0,0.0,0.0,0.0,0.0,0.0,0.0
59,14.75,R4Z8,104.07332521177467,0.0,0.0,0.0,0.0,67.83109226265063,9.812931137650862,0.0,37.83311641746688,0.0,0.0,0.0,0.0,0.0,0.0,0.0,0.0,0.0,0.0
59,14.75,R4Z9,120.48563071404413,0.0,0.0,0.0,0.0,77.5170759944545,85.4376010577246,0.0,0.0,0.0,0.0,0.0,85.51760592918484,0.0,0.0,0.0,0.0,0.0,0.0
59,14.75,R4Z10,77.76071533470059,0.0,0.0,29.61060729126325,117.08570390656541,0.0,0.0,0.0,0.0,0.0,0.0,0.0,87.11885704058501,0.0,0.0,0.0,0.0,0.0,0.0
59,14.75,R4Z11,115.12036790655606,0.0,0.0,55.17180622552787,45.54117889522744,0.0,0.0,0.0,18.91655820873344,0.0,0.0,0.0,80.59696347231889,0.0,0.0,0.0,0.0,0.0,0.0
59,14.75,R5Z1,132.98519879783115,0.0,135.0,0.0,0.0,120.00699954116087,33.19215026994016,0.0,0.0,0.0,0.0,0.0,70.3642284085844,0.0,0.0,0.0,0.0,0.0,0.0
59,14.75,R5Z2,100.8369297422465,0.0,135.0,30.15982182718227,61.67849918623351,3.552713678800501e-15,0.0,0.0,18.91655820873344,0.0,0.0,0.0,167.41927832139936,0.0,0.0,0.0,0.0,0.0,0.0
59,14.75,R5Z3,140.56790132541929,0.0,0.0,0.0,0.0,89.2023084012399,157.50035424297292,0.0,18.91655820873344,0.0,0.0,0.0,142.00379770499288,0.0,0.0,0.0,0.0,0.0,0.0
59,14.75,R5Z4,87.67225684608898,0.0,0.0,95.99830964719708,17.011193788366224,0.0,0.0,0.0,37.83311641746688,0.0,0.0,0.0,0.0,0.0,0.0,0.0,0.0,0.0,0.0
59,14.75,R5Z5,89.23991994798085,0.0,0.0,0.0,0.0,38.26019286962571,54.63814008299316,0.0,18.91655820873344,0.0,0.0,0.0,78.12480231092405,0.0,0.0,0.0,0.0,0.0,0.0
59,14.75,R5Z6,113.69383272178428,0.0,0.0,38.21498525334276,117.67519798807051,7.105427357601002e-15,0.0,0.0,37.83311641746688,0.0,0.0,0.0,158.58627712805298,0.0,0.0,0.0,0.0,0.0,0.0
59,14.75,R5Z7,85.98561714789855,0.0,0.0,0.0,0.0,65.69137207781925,25.135682077939645,0.0,0.0,0.0,0.0,0.0,86.03874905996663,0.0,0.0,0.0,0.0,0.0,0.0
59,14.75,R5Z8,91.33472683939792,0.0,0.0,0.0,0.0,70.68981628030544,61.8284577695264,0.0,18.91655820873344,0.0,0.0,0.0,160.1384496049361,0.0,0.0,0.0,0.0,0.0,0.0
59,14.75,R5Z9,78.07158480045962,0.0,0.0,92.29911011468516,123.61525427332799,1.4210854715202004e-14,0.0,0.0,0.0,0.0,0.0,0.0,83.43366964809005,0.0,0.0,0.0,0.0,0.0,0.0
59,14.75,R6Z1,77.89194822843035,0.0,135.0,0.0,0.0,85.54625547820532,17.69626824454409,0.0,0.0,0.0,0.0,0.0,0.0,0.0,0.0,638.9025983699302,0.0,0.0,0.0
59,14.75,R6Z2,91.60583682134762,0.0,135.0,58.96506255319572,31.436643061499694,10.313531662700044,0.0,0.0,37.83311641746688,0.0,0.0,0.0,135.91590005753437,0.0,0.0,639.4510637701335,0.0,0.0,0.0
59,14.75,R6Z3,121.3156520176646,0.0,0.0,0.0,0.0,109.12742215840761,76.35577746122908,0.0,18.91655820873344,0.0,0.0,0.0,80.04858383335748,0.0,0.0,0.0,0.0,0.0,0.0
59,14.75,R6Z4,78.46106990657968,0.0,0.0,0.0,0.0,31.181325596728836,111.98048353409368,0.0,18.91655820873344,0.0,0.0,0.0,75.9032016778474,0.0,0.0,0.0,0.0,0.0,0.0
59,14.75,R7Z1,152.96890700527564,0.0,135.0,0.0,0.0,79.00272915242131,44.9960121459185,0.0,18.91655820873344,0.0,0.0,0.0,0.0,0.0,0.0,637.807078443513,0.0,0.0,0.0
59,14.75,R7Z2,135.59829203654076,0.0,135.0,94.98275190812029,25.03894648936573,0.0,0.0,0.0,0.0,0.0,0.0,0.0,161.8197565323877,0.0,0.0,0.0,0.0,0.0,0.0
59,14.75,R7Z3,128.56666342449847,0.0,0.0,0.0,0.0,40.248565709927455,33.20552250985037,0.0,37.83311641746688,0.0,0.0,0.0,138.19556169666302,0.0,0.0,0.0,0.0,0.0,0.0
59,14.75,R7Z4,130.71143298879426,0.0,0.0,0.0,0.0,131.67548994129658,143.94061907939067,0.0,18.91655820873344,0.0,0.0,0.0,67.42730016775947,0.0,0.0,0.0,0.0,0.0,0.0
59,14.75,R7Z5,90.9690026863009,0.0,0.0,0.0,0.0,34.1282232486983,114.54731217142496,0.0,37.83311641746688,0.0,0.0,0.0,0.0,0.0,0.0,0.0,0.0,0.0,0.0
59,14.75,R7Z6,78.69926645612037,0.0,0.0,0.0,80.96523069003882,65.18521271336608,38.05534504435093,0.0,37.83311641746688,0.0,0.0,0.0,0.0,0.0,0.0,0.0,0.0,0.0,0.0
59,14.75,R7Z7,88.91079155851142,0.0,0.0,0.0,0.0,67.59943036831565,27.12667591010561,0.0,0.0,0.0,0.0,0.0,67.72989102969224,0.0,0.0,0.0,0.0,0.0,0.0
59,14.75,R7Z8,98.01974027019058,0.0,0.0,0.0,0.0,102.88512923184348,65.85508000744125,0.0,37.83311641746688,0.0,0.0,0.0,143.86346048180297,0.0,0.0,0.0,0.0,0.0,0.0
59,14.75,R7Z9,111.66325237116921,0.0,0.0,75.52606684114068,144.60812287382265,1.4210854715202004e-14,0.0,0.0,37.83311641746688,0.0,0.0,0.0,78.65879138478509,0.0,0.0,0.0,0.0,0.0,0.0
59,14.75,R8Z1,94.93991337148297,0.0,135.0,0.0,0.0,66.420242964275,120.13733885459445,0.0,18.91655820873344,0.0,0.0,0.0,83.75858163746997,2.354085651465958,0.0,640.0,0.0,0.0,0.0
59,14.75,R8Z2,129.58538744775691,0.0,135.0,0.0,0.0,78.01675613074293,240.0,0.0,18.91655820873344,0.0,0.0,0.0,145.91476655160224,0.0,0.0,0.0,0.0,0.0,0.0
59,14.75,R8Z3,134.81978074356098,0.0,0.0,0.0,0.0,72.57181321154287,110.87987021407693,0.0,18.91655820873344,0.0,0.0,0.0,170.70993646311973,0.0,0.0,0.0,0.0,0.0,0.0
59,14.75,R8Z4,80.5505477062845,0.0,0.0,52.34016131528023,144.1136089258318,22.028272665713132,0.0,0.0,0.0,0.0,0.0,0.0,0.0,0.0,0.0,0.0,0.0,0.0,0.0
59,14.75,R8Z5,93.50639148536366,0.0,0.0,0.0,0.0,63.03515261326425,36.968747029974985,0.0,18.91655820873344,0.0,0.0,0.0,84.95421084382797,0.0,0.0,0.0,0.0,0.0,0.0
59,14.75,R8Z6,121.72644697373784,0.0,0.0,0.0,146.69790218159767,31.60999273231013,3.446505798715492,0.0,18.91655820873344,0.0,0.0,0.0,0.0,0.0,0.0,0.0,0.0,0.0,0.0
59,14.75,R8Z7,103.65865850105804,0.0,0.0,0.0,0.0,79.52151357985707,28.18572009861107,0.0,0.0,0.0,0.0,0.0,78.70866245200531,0.0,0.0,0.0,0.0,0.0,0.0
59,14.75,R8Z8,102.9146689021537,0.0,0.0,0.0,0.0,70.98874696587238,30.407322107744292,0.0,18.91655820873344,0.0,0.0,0.0,83.68428169199379,0.0,0.0,0.0,0.0,0.0,0.0
59,14.75,R9Z1,84.75615762479764,0.0,135.0,33.80793463990629,46.93900063738759,0.0,0.0,0.0,18.91655820873344,0.0,0.0,0.0,0.0,0.0,0.0,638.9025983699302,0.0,0.0,0.0
59,14.75,R9Z2,105.52452356027902,0.0,135.0,37.5778932029896,108.29144306696841,0.0,0.0,0.0,18.91655820873344,0.0,0.0,0.0,74.4158241489331,0.0,0.0,638.9025983699302,0.0,0.0,0.0
59,14.75,R9Z3,101.62658172988276,0.0,0.0,0.0,0.0,57.2463344036794,59.494011163682515,0.0,37.83311641746688,0.0,0.0,0.0,136.79030083951287,0.0,0.0,0.0,0.0,0.0,0.0
59,14.75,R9Z4,100.42456153499887,0.0,0.0,85.01522582477433,75.39659565479333,1.4210854715202004e-14,0.0,0.0,18.91655820873344,0.0,0.0,0.0,71.74754255767384,0.0,0.0,0.0,0.0,0.0,0.0
59,14.75,R9Z5,82.04334325299918,0.0,0.0,0.0,0.0,61.76304705728561,108.08666565384951,0.0,18.91655820873344,0.0,0.0,0.0,149.43249250724486,0.0,0.0,0.0,0.0,0.0,0.0
59,14.75,R9Z6,67.59713559430986,0.0,0.0,34.01347898168146,39.0385471235582,7.105427357601002e-15,0.0,0.0,18.91655820873344,0.0,0.0,0.0,158.8805693313766,0.0,0.0,0.0,0.0,0.0,0.0
59,14.75,R9Z7,82.19650323620617,0.0,0.0,73.94538782217606,47.006451738632585,31.764829846526055,0.0,0.0,0.0,0.0,0.0,0.0,76.146890063531,0.0,0.0,0.0,0.0,0.0,0.0
59,14.75,R9Z8,92.19212684873774,0.0,0.0,20.410627905208983,52.864940734795326,48.25818952062491,0.0,0.0,18.91655820873344,0.0,0.0,0.0,71.15104964835321,0.0,0.0,0.0,0.0,0.0,0.0
59,14.75,R9Z9,118.45873535848277,0.0,0.0,0.0,0.0,72.4930231717163,40.22995427238957,0.0,0.0,0.0,0.0,0.0,161.46526327941677,0.0,0.0,0.0,0.0,0.0,0.0
59,14.75,R9Z10,67.78076519552093,0.0,0.0,0.0,0.0,61.18335734391638,104.43533532509579,0.0,0.0,0.0,0.0,0.0,0.0,0.0,0.0,0.0,0.0,0.0,0.0
59,14.75,R9Z11,104.10675988934675,0.0,0.0,0.0,71.98767138883525,33.204733820204375,82.28305185926621,0.0,0.0,0.0,0.0,0.0,159.575004711987,0.0,0.0,0.0,0.0,0.0,0.0
59,14.75,R10Z1,88.44193952756058,0.0,0.0,0.0,0.0,41.549330540061874,81.11522396851355,0.0,0.0,0.0,0.0,0.0,69.95095025333724,0.0,0.0,637.2600231106646,0.0,0.0,0.0
59,14.75,R10Z2,56.37249961854639,0.0,0.0,0.0,0.0,57.223374811686384,131.09939196044482,0.0,0.0,0.0,0.0,0.0,166.58837272855334,0.0,0.0,638.9025983699302,0.0,0.0,0.0
59,14.75,R10Z3,67.73169412445702,0.0,0.0,112.32407473881342,60.368825780986,0.0,0.0,0.0,0.0,0.0,0.0,0.0,80.07819269773901,0.0,0.0,0.0,0.0,0.0,0.0
59,14.75,R10Z4,110.73154095185026,0.0,0.0,0.0,0.0,33.60537153625626,41.34593605146475,0.0,37.83311641746688,0.0,0.0,0.0,81.19056871223552,0.0,0.0,0.0,0.0,0.0,0.0
59,14.75,R10Z5,53.78139857029936,0.0,0.0,32.39387103726088,114.69494425976927,0.0,0.0,0.0,37.83311641746688,0.0,0.0,0.0,0.0,0.0,0.0,0.0,0.0,0.0,0.0
59,14.75,R10Z6,67.54279414547493,0.0,0.0,0.0,0.0,75.96316766984863,30.762637420108348,0.0,37.83311641746688,0.0,0.0,0.0,68.88236955307586,0.0,0.0,0.0,0.0,0.0,0.0
59,14.75,R10Z7,81.15513664231143,0.0,0.0,0.0,0.0,29.436680135614463,107.16136248218338,0.0,37.83311641746688,0.0,0.0,0.0,83.33214867598475,0.0,0.0,0.0,0.0,0.0,0.0
59,14.75,R10Z8,82.99267354757198,0.0,0.0,37.98763862157173,41.57370839309587,0.0,0.0,0.0,0.0,0.0,0.0,0.0,80.63773978128887,0.0,0.0,0.0,0.0,0.0,0.0
59,14.75,R10Z9,106.28347400329679,0.0,0.0,0.0,0.0,29.993038546792594,85.16443291006327,0.0,18.91655820873344,0.0,0.0,0.0,0.0,0.0,0.0,0.0,0.0,0.0,0.0
59,14.75,R11Z1,117.41139383572134,0.0,135.0,0.0,0.0,78.31763353858315,88.22502202732223,0.0,37.83311641746688,0.0,0.0,0.0,157.42525650528276,0.0,0.0,0.0,0.0,0.0,0.0
59,14.75,R11Z2,99.87571695794668,0.0,135.0,0.0,0.0,41.64644717936498,3.4419026044402115,0.0,18.91655820873344,0.0,0.0,0.0,68.94839270671423,0.0,0.0,0.0,0.0,0.0,0.0
59,14.75,R11Z3,126.0985642076256,0.0,0.0,42.71500653604032,21.97909317021367,0.0,0.0,0.0,18.91655820873344,0.0,0.0,0.0,0.0,0.0,0.0,0.0,0.0,0.0,0.0
59,14.75,R11Z4,124.39725125024822,0.0,0.0,100.85543301527821,134.8369277165487,-1.4210854715202004e-14,0.0,0.0,0.0,0.0,0.0,0.0,79.94043793746532,0.0,0.0,0.0,0.0,0.0,0.0
59,14.75,R11Z5,120.97622808810937,0.0,0.0,0.0,6.211626701375849,33.81343207479873,32.93290383354334,0.0,18.91655820873344,0.0,0.0,0.0,87.53075340639519,0.0,0.0,0.0,0.0,0.0,0.0
59,14.75,R11Z6,90.05208613475808,0.0,0.0,0.0,0.0,39.85820183318569,79.40365321507116,0.0,0.0,0.0,0.0,0.0,0.0,0.0,0.0,0.0,0.0,0.0,0.0
59,14.75,R11Z7,86.07864979992107,0.0,0.0,0.0,0.0,34.00578297768722,33.333018012687276,0.0,18.91655820873344,0.0,0.0,0.0,0.0,0.0,0.0,0.0,0.0,0.0,0.0
59,14.75,R11Z8,84.75969204466551,0.0,0.0,67.27343508359797,33.27333060176467,0.0,0.0,0.0,18.91655820873344,0.0,0.0,0.0,157.27304714690004,0.0,0.0,0.0,0.0,0.0,0.0
59,14.75,R12Z1,82.34424308097883,0.0,135.0,0.0,0.0,90.66920777051168,88.91281393519408,0.0,37.83311641746688,0.0,0.0,0.0,135.76901592571576,0.0,0.0,0.0,0.0,0.0,0.0
59,14.75,R12Z2,116.66953638848982,0.0,135.0,0.0,0.0,32.092539489693294,112.95643130054972,0.0,18.91655820873344,0.0,0.0,0.0,86.60192333235796,0.0,0.0,0.0,0.0,0.0,0.0
59,14.75,R12Z3,81.91608188059064,0.0,0.0,115.41954414262932,13.377239077842994,1.4210854715202004e-14,0.0,0.0,18.91655820873344,0.0,0.0,0.0,156.9228312521396,0.0,0.0,0.0,0.0,0.0,0.0
59,14.75,R12Z4,86.87943531138784,0.0,0.0,0.0,0.0,112.20757446097238,12.124112908811684,0.0,0.0,0.0,0.0,0.0,0.0,0.0,0.0,0.0,0.0,0.0,0.0
59,14.75,R12Z5,81.79345034524935,0.0,0.0,0.0,0.0,38.89363838930888,73.62924044262813,0.0,0.0,0.0,0.0,0.0,148.56170576507523,0.0,0.0,0.0,0.0,0.0,0.0
59,14.75,R12Z6,83.95306234797476,0.0,0.0,0.0,84.01689972451274,58.8074483437155,27.41187926550782,0.0,0.0,0.0,0.0,0.0,0.0,0.0,0.0,0.0,0.0,0.0,0.0
59,14.75,R12Z7,108.04905083240122,0.0,0.0,99.12930111741264,76.18456651689439,-1.4210854715202004e-14,0.0,0.0,37.83311641746688,0.0,0.0,0.0,0.0,0.0,0.0,0.0,0.0,0.0,0.0
59,14.75,R12Z8,118.91977763429148,0.0,0.0,66.696798423576,74.79114654455692,0.0,0.0,0.0,0.0,0.0,0.0,0.0,71.7562205721838,0.0,0.0,0.0,0.0,0.0,0.0
59,14.75,R12Z9,85.10838815337476,0.0,0.0,0.0,0.0,45.0,50.00127411179545,0.0,37.83311641746688,0.0,0.0,0.0,162.80934268888078,0.0,0.0,0.0,0.0,0.0,0.0
60,15.0,R1Z1,113.69063389624046,0.0,0.0,101.02168881156332,59.2249412467945,1.4210854715202004e-14,0.0,0.0,47.64418298009818,0.0,0.0,0.0,148.72341772898443,0.0,0.0,578.3507117679694,0.0,0.0,0.0
60,15.0,R1Z2,46.34203669183691,0.0,0.0,30.05414228993787,56.59745581473106,3.552713678800501e-15,0.0,0.0,47.64418298009818,0.0,0.9322810770017629,0.0,200.85641902900448,0.0,0.0,0.0,0.0,0.0,0.0
60,15.0,R1Z3,104.7628670860711,0.0,0.0,94.27413021328165,20.004859306096687,0.0,0.0,0.0,23.82209149004909,0.0,0.9322810770017629,0.0,200.85641902900448,0.0,0.0,0.0,0.0,0.0,0.0
60,15.0,R1Z4,90.10946067659987,0.0,0.0,97.10102075261443,79.90171118467441,1.4210854715202004e-14,0.0,0.0,47.64418298009818,0.0,0.0,0.0,0.0,0.0,0.0,0.0,0.0,0.0,0.0
60,15.0,R1Z5,100.96596772945676,0.0,0.0,78.4915750494877,20.121345817767192,0.0,0.0,0.0,47.64418298009818,0.0,0.0,0.0,0.0,0.0,0.0,0.0,0.0,0.0,0.0
60,15.0,R1Z6,68.03661852406715,0.0,0.0,36.18380893425174,50.92644779302009,73.60050410983013,0.0,0.0,0.0,0.0,0.46614053850088144,0.0,100.42820951450224,0.0,0.0,0.0,0.0,0.0,0.0
60,15.0,R1Z7,87.47404369295832,0.0,0.0,0.0,0.0,31.127845618886187,20.460582199795034,0.0,23.82209149004909,0.0,0.46614053850088144,0.0,100.42820951450224,0.0,0.0,0.0,0.0,0.0,0.0
60,15.0,R1Z8,80.17119990164657,0.0,0.0,0.0,0.0,37.45643791089244,109.71136595355757,0.0,0.0,0.0,0.0,0.0,0.0,0.0,0.0,0.0,0.0,0.0,0.0
60,15.0,R1Z9,115.783255961192,0.0,0.0,70.91875795465617,38.23282685520099,-1.4210854715202004e-14,0.0,0.0,0.0,0.0,0.9322810770017629,0.0,200.85641902900448,0.0,0.0,0.0,0.0,0.0,0.0
60,15.0,R1Z10,84.32166123704437,0.0,0.0,103.54368552572345,34.05860652856091,1.4210854715202004e-14,0.0,0.0,0.0,0.0,0.9322810770017629,0.0,200.85641902900448,0.0,0.0,0.0,0.0,0.0,0.0
60,15.0,R2Z1,102.3635265374551,0.0,135.0,0.0,0.0,135.0,32.81530545613329,0.0,0.0,0.0,0.0,0.0,73.17315993762034,2.354085651465958,0.0,640.0,0.0,0.0,0.0
60,15.0,R2Z2,80.74474966340033,0.0,135.0,0.0,0.0,84.27250090835074,24.184271345545362,0.0,0.0,0.0,0.0,0.0,79.0875384503055,0.0,0.0,637.2600231106646,0.0,0.0,0.0
60,15.0,R2Z3,115.71753967952216,0.0,0.0,108.13828806297116,32.209564359293154,0.0,0.0,0.0,23.82209149004909,0.0,0.0,0.0,68.46144887464632,0.0,0.0,0.0,0.0,0.0,0.0
60,15.0,R2Z4,90.11990780444548,0.0,0.0,42.4962008539286,48.83632032800287,7.105427357601002e-15,0.0,0.0,47.64418298009818,0.0,0.0,0.0,0.0,0.0,0.0,0.0,0.0,0.0,0.0
60,15.0,R2Z5,100.72795162195573,0.0,0.0,44.62836533094911,103.43044384075144,-7.105427357601002e-15,0.0,0.0,23.82209149004909,0.0,0.0,0.0,0.0,0.0,0.0,0.0,0.0,0.0,0.0
60,15.0,R2Z6,58.2196045327971,0.0,0.0,0.0,0.0,70.29316467169814,128.28404274430912,0.0,47.64418298009818,0.0,0.0,0.0,165.29913684244494,0.0,0.0,0.0,0.0,0.0,0.0
60,15.0,R2Z7,94.11272347145353,0.0,0.0,0.0,0.0,39.58007821752798,44.49787866518555,0.0,47.64418298009818,0.0,0.0,0.0,84.45798967099921,0.0,0.0,0.0,0.0,0.0,0.0
60,15.0,R2Z8,108.27525931176723,0.0,0.0,0.0,0.0,107.2670517337155,32.26376553912246,0.0,0.0,0.0,0.0,0.0,87.03093363949264,0.0,0.0,0.0,0.0,0.0,0.0
60,15.0,R2Z9,65.23672776585765,0.0,0.0,0.0,0.0,33.85430174874472,113.99696850633698,0.0,23.82209149004909,0.0,0.0,0.0,79.59994772439069,0.0,0.0,0.0,0.0,0.0,0.0
60,15.0,R3Z1,71.98641120642614,0.0,0.0,128.77352057648613,15.974526248976055,0.0,0.0,0.0,0.0,0.0,0.0,0.0,0.0,0.0,0.0,0.0,0.0,0.0,0.0
60,15.0,R3Z2,78.82589824348383,0.0,0.0,0.0,0.0,100.73925651690121,86.34109289864327,0.0,47.64418298009818,0.0,0.0,0.0,158.55145914600226,0.0,0.0,0.0,0.0,0.0,0.0
60,15.0,R3Z3,80.41161983865207,0.0,0.0,0.0,0.0,33.22259626309135,53.77812493781846,0.0,23.82209149004909,0.0,0.0,0.0,0.0,0.0,0.0,0.0,0.0,0.0,0.0
60,15.0,R4Z1,106.23845195141972,0.0,135.0,0.0,110.69653587257146,29.85041092474466,10.629953552898911,0.0,47.64418298009818,0.0,0.0,0.0,78.44107692695651,0.0,0.0,0.0,0.0,0.0,0.0
60,15.0,R4Z2,96.04726630823436,0.0,0.0,14.736800424433532,33.666282903702644,96.51830073707549,0.0,0.0,47.64418298009818,0.0,0.0,0.0,155.06678266350485,0.0,0.0,0.0,0.0,0.0,0.0
60,15.0,R4Z3,96.9532129137827,0.0,0.0,0.0,0.0,58.27028310339861,116.34454455064174,0.0,0.0,0.0,0.0,0.0,0.0,0.0,0.0,0.0,0.0,0.0,0.0
60,15.0,R4Z4,123.57912129287541,0.0,0.0,35.51440286214829,4.5472881146752355,0.0,0.0,0.0,0.0,0.0,0.0,0.0,0.0,0.0,0.0,0.0,0.0,0.0,0.0
60,15.0,R4Z5,88.32564018944794,0.0,0.0,0.0,73.57295340200154,38.15880222992297,30.926264203654256,0.0,47.64418298009818,0.0,0.0,0.0,0.0,0.0,0.0,0.0,0.0,0.0,0.0
60,15.0,R4Z6,75.01688904104606,0.0,0.0,0.0,0.0,71.6972780787739,45.58751856392984,0.0,47.64418298009818,0.0,0.0,0.0,147.58191760331684,0.0,0.0,0.0,0.0,0.0,0.0
60,15.0,R4Z7,112.59397706936342,0.0,0.0,72.4981862212174,11.286680966821088,-1.4210854715202004e-14,0.0,0.0,47.64418298009818,0.0,0.0,0.0,0.0,0.0,0.0,0.0,0.0,0.0,0.0
60,15.0,R4Z8,111.63708753463474,0.0,0.0,0.0,0.0,52.15432737351023,0.0,0.0,47.64418298009818,0.0,0.0,0.0,0.0,0.0,0.0,0.0,0.0,0.0,0.0
60,15.0,R4Z9,146.35487448792696,0.0,0.0,0.0,0.0,67.90072712481086,121.38419827817927,0.0,0.0,0.0,0.0,0.0,85.42197780132459,0.0,0.0,0.0,0.0,0.0,0.0
60,15.0,R4Z10,73.53017927265178,0.0,0.0,26.75836853377399,127.25244980708857,-3.552713678800501e-15,0.0,0.0,0.0,0.0,0.0,0.0,87.02143834990027,0.0,0.0,0.0,0.0,0.0,0.0
60,15.0,R4Z11,94.84132292457618,0.0,0.0,60.30355889700907,78.34100345661302,0.0,0.0,0.0,23.82209149004909,0.0,0.0,0.0,80.50683774154878,0.0,0.0,0.0,0.0,0.0,0.0
60,15.0,R5Z1,116.57780394104604,0.0,135.0,0.0,0.0,106.0233116302189,53.681610389974985,0.0,0.0,0.0,0.0,0.0,70.28554520226761,0.0,0.0,0.0,0.0,0.0,0.0
60,15.0,R5Z2,112.99575457447634,0.0,135.0,0.0,0.0,29.46902090798793,42.339565725108,0.0,23.82209149004909,0.0,0.0,0.0,167.2320655015404,0.0,0.0,0.0,0.0,0.0,0.0
60,15.0,R5Z3,118.18266251212485,0.0,0.0,91.67674735817519,92.79732480450014,-1.4210854715202004e-14,0.0,0.0,23.82209149004909,0.0,0.0,0.0,141.8450051712681,0.0,0.0,0.0,0.0,0.0,0.0
60,15.0,R5Z4,103.46687989091699,0.0,0.0,0.0,0.0,92.94600642413879,26.301140255113783,0.0,47.64418298009818,0.0,0.0,0.0,0.0,0.0,0.0,0.0,0.0,0.0,0.0
60,15.0,R5Z5,98.58427906687487,0.0,0.0,0.0,0.0,37.81054108982659,51.73560956745932,0.0,23.82209149004909,0.0,0.0,0.0,78.03744101843614,0.0,0.0,0.0,0.0,0.0,0.0
60,15.0,R5Z6,125.72457183684911,0.0,0.0,0.0,79.64366489322175,33.379561264136825,17.225942768033065,0.0,47.64418298009818,0.0,0.0,0.0,158.40894161191798,0.0,0.0,0.0,0.0,0.0,0.0
60,15.0,R5Z7,86.84479612175241,0.0,0.0,0.0,0.0,58.11897345004503,31.89019594404742,0.0,0.0,0.0,0.0,0.0,85.94253817559208,0.0,0.0,0.0,0.0,0.0,0.0
60,15.0,R5Z8,95.98761112976203,0.0,0.0,0.0,0.0,63.39127860264711,86.94661316165516,0.0,23.82209149004909,0.0,0.0,0.0,159.95937840704917,0.0,0.0,0.0,0.0,0.0,0.0
60,15.0,R5Z9,111.25788078684762,0.0,0.0,92.28439785410615,188.19087934297954,0.0,0.0,0.0,0.0,0.0,0.0,0.0,83.3403718348238,0.0,0.0,0.0,0.0,0.0,0.0
60,15.0,R6Z1,125.53567052832267,0.0,135.0,83.87875472430983,17.40010193675042,0.0,0.0,0.0,0.0,0.0,0.0,0.0,0.0,0.0,0.0,638.3546033955535,0.0,0.0,0.0
60,15.0,R6Z2,78.82655001673668,0.0,135.0,0.0,0.0,71.76720654118115,44.03087070284357,0.0,47.64418298009818,0.0,0.0,0.0,135.7639151776056,0.0,0.0,638.9025983699302,0.0,0.0,0.0
60,15.0,R6Z3,109.35501175257667,0.0,0.0,100.24241415755901,64.96071734452445,1.4210854715202004e-14,0.0,0.0,23.82209149004909,0.0,0.0,0.0,79.95907131571069,0.0,0.0,0.0,0.0,0.0,0.0
60,15.0,R6Z4,94.319723262205,0.0,0.0,0.0,0.0,35.477677705807565,136.66565803281085,0.0,23.82209149004909,0.0,0.0,0.0,75.81832464000023,0.0,0.0,0.0,0.0,0.0,0.0
60,15.0,R7Z1,120.54707982468358,0.0,135.0,75.10110157180007,89.69343964698795,1.4210854715202004e-14,0.0,0.0,23.82209149004909,0.0,0.0,0.0,0.0,0.0,0.0,637.2600231106646,0.0,0.0,0.0
60,15.0,R7Z2,145.42794745211617,0.0,135.0,86.47017378348295,29.339647449994906,1.4210854715202004e-14,0.0,0.0,0.0,0.0,0.0,0.0,161.63880525107132,0.0,0.0,0.0,0.0,0.0,0.0
60,15.0,R7Z3,116.8138179857922,0.0,0.0,0.0,0.0,38.313702702827484,115.98162726069258,0.0,47.64418298009818,0.0,0.0,0.0,138.04102763668723,0.0,0.0,0.0,0.0,0.0,0.0
60,15.0,R7Z4,114.64790935068964,0.0,0.0,0.0,0.0,113.55855447086141,74.30318704253361,0.0,23.82209149004909,0.0,0.0,0.0,67.35190111499537,0.0,0.0,0.0,0.0,0.0,0.0
60,15.0,R7Z5,83.62915138767822,0.0,0.0,0.0,37.06591375641614,39.403424254076015,94.89810134688167,0.0,47.64418298009818,0.0,0.0,0.0,0.0,0.0,0.0,0.0,0.0,0.0,0.0
60,15.0,R7Z6,68.99843442921205,0.0,0.0,72.0087822733467,0.0,0.0,0.0,0.0,47.64418298009818,0.0,0.0,0.0,0.0,0.0,0.0,0.0,0.0,0.0,0.0
60,15.0,R7Z7,82.34077989312284,0.0,0.0,0.0,0.0,57.33020315741746,93.35683274757542,0.0,0.0,0.0,0.0,0.0,67.65415361154338,0.0,0.0,0.0,0.0,0.0,0.0
60,15.0,R7Z8,99.59555337327161,0.0,0.0,0.0,0.0,110.6013498384976,48.29976019239227,0.0,47.64418298009818,0.0,0.0,0.0,143.70258842225581,0.0,0.0,0.0,0.0,0.0,0.0
60,15.0,R7Z9,119.26741111186382,0.0,0.0,69.37154180776234,26.445224249050028,0.0,0.0,0.0,47.64418298009818,0.0,0.0,0.0,78.57083297109767,0.0,0.0,0.0,0.0,0.0,0.0
60,15.0,R8Z1,110.87751116336473,0.0,135.0,0.0,0.0,61.556594090150654,71.2122536326037,0.0,23.82209149004909,0.0,0.0,0.0,83.66492049872325,0.0,0.0,639.4510637701335,0.0,0.0,0.0
60,15.0,R8Z2,122.23372500474788,0.0,135.0,0.0,0.0,63.978838017107456,117.95179794462119,0.0,23.82209149004909,0.0,0.0,0.0,145.75160066545655,0.0,0.0,0.0,0.0,0.0,0.0
60,15.0,R8Z3,126.88322100582053,0.0,0.0,0.0,0.0,62.52486771209481,81.89042215298528,0.0,23.82209149004909,0.0,0.0,0.0,170.5190439392501,0.0,0.0,0.0,0.0,0.0,0.0
60,15.0,R8Z4,92.65133599033823,0.0,0.0,61.56714437937569,76.66967236472587,-7.105427357601002e-15,0.0,0.0,0.0,0.0,0.0,0.0,0.0,0.0,0.0,0.0,0.0,0.0,0.0
60,15.0,R8Z5,96.73889740376748,0.0,0.0,52.440438447051264,41.55722306586364,-7.105427357601002e-15,0.0,0.0,23.82209149004909,0.0,0.0,0.0,84.85921271977422,0.0,0.0,0.0,0.0,0.0,0.0
60,15.0,R8Z6,134.36676854905053,0.0,0.0,22.468536471236746,72.57753707706729,11.808992893813617,0.0,0.0,23.82209149004909,0.0,0.0,0.0,0.0,0.0,0.0,0.0,0.0,0.0,0.0
60,15.0,R8Z7,96.82029337630374,0.0,0.0,0.0,0.0,72.58287811803959,34.0411495767905,0.0,0.0,0.0,0.0,0.0,78.62064827112539,0.0,0.0,0.0,0.0,0.0,0.0
60,15.0,R8Z8,93.46699049475154,0.0,0.0,0.0,0.0,83.75420883104229,78.08506329332666,0.0,23.82209149004909,0.0,0.0,0.0,83.59070363747995,0.0,0.0,0.0,0.0,0.0,0.0
60,15.0,R9Z1,101.52785667533071,0.0,135.0,0.0,0.0,33.22761992160613,23.570433193913885,0.0,23.82209149004909,0.0,0.0,0.0,0.0,0.0,0.0,638.3546033955535,0.0,0.0,0.0
60,15.0,R9Z2,114.57928266610348,0.0,135.0,0.0,0.0,32.43693437165352,78.88722727801022,0.0,23.82209149004909,0.0,0.0,0.0,74.33261033735339,0.0,0.0,638.3546033955535,0.0,0.0,0.0
60,15.0,R9Z3,102.39162305738405,0.0,0.0,60.24396352875333,42.709037621129546,-7.105427357601002e-15,0.0,0.0,47.64418298009818,0.0,0.0,0.0,136.63733818069434,0.0,0.0,0.0,0.0,0.0,0.0
60,15.0,R9Z4,124.97724185553088,0.0,0.0,0.0,0.0,83.03915849074299,90.66578749604474,0.0,23.82209149004909,0.0,0.0,0.0,71.6673124916095,0.0,0.0,0.0,0.0,0.0,0.0
60,15.0,R9Z5,68.86632895723329,0.0,0.0,0.0,0.0,60.43525901501904,92.59210665323603,0.0,23.82209149004909,0.0,0.0,0.0,149.26539300364334,0.0,0.0,0.0,0.0,0.0,0.0
60,15.0,R9Z6,82.34808999379186,0.0,0.0,0.0,0.0,35.27123707358114,40.182357150713855,0.0,23.82209149004909,0.0,0.0,0.0,158.70290472964405,0.0,0.0,0.0,0.0,0.0,0.0
60,15.0,R9Z7,48.28361292822312,0.0,0.0,20.530551178724266,58.45321266631318,72.37761372791185,0.0,0.0,0.0,0.0,0.0,0.0,76.06174052666037,0.0,0.0,0.0,0.0,0.0,0.0
60,15.0,R9Z8,125.21197038143215,0.0,0.0,65.53779247068609,32.62823917106218,0.0,0.0,0.0,23.82209149004909,0.0,0.0,0.0,71.07148659698812,0.0,0.0,0.0,0.0,0.0,0.0
60,15.0,R9Z9,91.23660496374278,0.0,0.0,62.3760714708971,19.806525051907617,0.0,0.0,0.0,0.0,0.0,0.0,0.0,161.2847084021596,0.0,0.0,0.0,0.0,0.0,0.0
60,15.0,R9Z10,91.6716868291852,0.0,0.0,65.51468291058913,85.222955715332,-1.4210854715202004e-14,0.0,0.0,0.0,0.0,0.0,0.0,0.0,0.0,0.0,0.0,0.0,0.0,0.0
60,15.0,R9Z11,91.12144974108382,0.0,0.0,0.0,0.0,34.567646317005355,151.05377832206432,0.0,0.0,0.0,0.0,0.0,159.39656357360278,0.0,0.0,0.0,0.0,0.0,0.0
60,15.0,R10Z1,92.70733835027274,0.0,0.0,0.0,0.0,37.45471983530798,80.62098378431195,0.0,0.0,0.0,0.0,0.0,69.87272918596649,0.0,0.0,636.7134369942099,0.0,0.0,0.0
60,15.0,R10Z2,67.47006330513263,0.0,0.0,0.0,0.0,61.74563171880647,59.816803525337356,0.0,0.0,0.0,0.0,0.0,166.40208905007304,0.0,0.0,638.3546033955535,0.0,0.0,0.0
60,15.0,R10Z3,80.29913353077477,0.0,0.0,116.93925509836632,87.88722879082479,0.0,0.0,0.0,0.0,0.0,0.0,0.0,79.98864707064956,0.0,0.0,0.0,0.0,0.0,0.0
60,15.0,R10Z4,93.38706952317646,0.0,0.0,0.0,0.0,27.682662263804815,44.20586770786222,0.0,47.64418298009818,0.0,0.0,0.0,81.09977919583712,0.0,0.0,0.0,0.0,0.0,0.0
60,15.0,R10Z5,49.20949185154646,0.0,0.0,34.162871862748474,120.49069874680147,7.105427357601002e-15,0.0,0.0,47.64418298009818,0.0,0.0,0.0,0.0,0.0,0.0,0.0,0.0,0.0,0.0
60,15.0,R10Z6,54.43141340741109,0.0,0.0,0.0,0.0,75.83403371079943,37.07221049814634,0.0,47.64418298009818,0.0,0.0,0.0,68.80534340189486,0.0,0.0,0.0,0.0,0.0,0.0
60,15.0,R10Z7,98.48580033031594,0.0,0.0,0.0,0.0,28.995095508517494,103.74937509509296,0.0,47.64418298009818,0.0,0.0,0.0,83.2389643862485,0.0,0.0,0.0,0.0,0.0,0.0
60,15.0,R10Z8,78.98447768793824,0.0,0.0,38.50845518650882,21.62881112993925,0.0,0.0,0.0,0.0,0.0,0.0,0.0,80.54756845333388,0.0,0.0,0.0,0.0,0.0,0.0
60,15.0,R10Z9,91.85421020735131,0.0,0.0,0.0,0.0,31.83067754868277,92.55512448321936,0.0,23.82209149004909,0.0,0.0,0.0,0.0,0.0,0.0,0.0,0.0,0.0,0.0
60,15.0,R11Z1,110.58081665435769,0.0,135.0,0.0,0.0,80.42688375356889,136.8322468449304,0.0,47.64418298009818,0.0,0.0,0.0,157.24921927418924,0.0,0.0,0.0,0.0,0.0,0.0
60,15.0,R11Z2,91.89448390472282,0.0,135.0,36.75290610964825,46.86719413945144,7.105427357601002e-15,0.0,0.0,23.82209149004909,0.0,0.0,0.0,68.87129272663556,0.0,0.0,0.0,0.0,0.0,0.0
60,15.0,R11Z3,95.08255331038916,0.0,0.0,0.0,0.0,38.49182794529107,42.935987033119325,0.0,23.82209149004909,0.0,0.0,0.0,0.0,0.0,0.0,0.0,0.0,0.0,0.0
60,15.0,R11Z4,138.3201819383787,0.0,0.0,59.821788453918046,77.34811219236484,36.68378553328196,0.0,0.0,0.0,0.0,0.0,0.0,79.85104635151963,0.0,0.0,0.0,0.0,0.0,0.0
60,15.0,R11Z5,133.4506977892596,0.0,0.0,0.0,0.0,28.274456438188306,70.26668874293739,0.0,23.82209149004909,0.0,0.0,0.0,87.43287412191918,0.0,0.0,0.0,0.0,0.0,0.0
60,15.0,R11Z6,93.70211179589768,0.0,0.0,41.44583995864035,69.37661007763042,7.105427357601002e-15,0.0,0.0,0.0,0.0,0.0,0.0,0.0,0.0,0.0,0.0,0.0,0.0,0.0
60,15.0,R11Z7,109.01689039973974,0.0,0.0,0.0,0.0,32.32817704684265,76.2479784908893,0.0,23.82209149004909,0.0,0.0,0.0,0.0,0.0,0.0,0.0,0.0,0.0,0.0
60,15.0,R11Z8,98.42971059028503,0.0,0.0,68.13597571744457,71.70695491185911,1.4210854715202004e-14,0.0,0.0,23.82209149004909,0.0,0.0,0.0,157.09718012047756,0.0,0.0,0.0,0.0,0.0,0.0
60,15.0,R12Z1,87.33026504258711,0.0,135.0,0.0,0.0,97.5718258082783,73.4242234741361,0.0,47.64418298009818,0.0,0.0,0.0,135.6171952956439,0.0,0.0,0.0,0.0,0.0,0.0
60,15.0,R12Z2,99.42552823573976,0.0,135.0,0.0,0.0,29.247412294024706,66.80319034009398,0.0,23.82209149004909,0.0,0.0,0.0,86.50508269109599,0.0,0.0,0.0,0.0,0.0,0.0
60,15.0,R12Z3,82.78947409570888,0.0,0.0,111.72856240856375,21.86998702463454,-1.4210854715202004e-14,0.0,0.0,23.82209149004909,0.0,0.0,0.0,156.74735584671726,0.0,0.0,0.0,0.0,0.0,0.0
60,15.0,R12Z4,101.60432859218324,0.0,0.0,118.86262125340808,34.593682076121624,1.4210854715202004e-14,0.0,0.0,0.0,0.0,0.0,0.0,0.0,0.0,0.0,0.0,0.0,0.0,0.0
60,15.0,R12Z5,85.23515260184374,0.0,0.0,35.61351974952939,45.42758856869341,0.0,0.0,0.0,0.0,0.0,0.0,0.0,148.39557999904522,0.0,0.0,0.0,0.0,0.0,0.0
60,15.0,R12Z6,90.23142421542326,0.0,0.0,0.0,0.0,69.53028155951148,94.45173975003156,0.0,0.0,0.0,0.0,0.0,0.0,0.0,0.0,0.0,0.0,0.0,0.0
60,15.0,R12Z7,90.26637642552829,0.0,0.0,0.0,10.461118857581795,90.1369432420402,16.934019130567503,0.0,47.64418298009818,0.0,0.0,0.0,0.0,0.0,0.0,0.0,0.0,0.0,0.0
60,15.0,R12Z8,131.95103767885414,0.0,0.0,0.0,0.0,70.75804156837461,15.440966389791974,0.0,0.0,0.0,0.0,0.0,71.67598080212608,0.0,0.0,0.0,0.0,0.0,0.0
60,15.0,R12Z9,90.81272256246969,0.0,0.0,39.10784504719452,44.239686246408446,-7.105427357601002e-15,0.0,0.0,47.64418298009818,0.0,0.0,0.0,162.62728482523588,0.0,0.0,0.0,0.0,0.0,0.0
61,15.25,R1Z1,113.5226347056613,0.0,0.0,92.36355792432165,39.30899317608085,0.0,0.0,0.0,26.35063508331103,0.0,0.0,0.0,148.55711113220977,0.0,0.0,577.854652925378,0.0,0.0,0.0
61,15.25,R1Z2,44.56655554439752,0.0,0.0,0.0,111.49568141587149,29.483797889915543,63.440470385080815,0.0,26.35063508331103,0.0,0.9322810770017629,0.0,200.85641902900448,0.0,0.0,0.0,0.0,0.0,0.0
61,15.25,R1Z3,98.5401884123411,0.0,0.0,88.44904679836795,77.29307772335405,0.0,0.0,0.0,13.175317541655515,0.0,0.9322810770017629,0.0,200.85641902900448,0.0,0.0,0.0,0.0,0.0,0.0
61,15.25,R1Z4,74.45113640789118,0.0,0.0,99.96402897371732,89.51767670158509,-1.4210854715202004e-14,0.0,0.0,26.35063508331103,0.0,0.0,0.0,0.0,0.0,0.0,0.0,0.0,0.0,0.0
61,15.25,R1Z5,94.31140537585532,0.0,0.0,59.32324213882506,34.437475598197416,7.105427357601002e-15,0.0,0.0,26.35063508331103,0.0,0.0,0.0,0.0,0.0,0.0,0.0,0.0,0.0,0.0
61,15.25,R1Z6,87.86369943247782,0.0,0.0,0.0,0.0,81.42828736168211,6.650354377135255,0.0,0.0,0.0,0.46614053850088144,0.0,100.42820951450224,0.0,0.0,0.0,0.0,0.0,0.0
61,15.25,R1Z7,104.35191520621892,0.0,0.0,29.961718123860805,12.441551960964475,3.552713678800501e-15,0.0,0.0,13.175317541655515,0.0,0.46614053850088144,0.0,100.42820951450224,0.0,0.0,0.0,0.0,0.0,0.0
61,15.25,R1Z8,81.99798776868023,0.0,0.0,36.51864686847971,63.93770012303168,-7.105427357601002e-15,0.0,0.0,0.0,0.0,0.0,0.0,0.0,0.0,0.0,0.0,0.0,0.0,0.0
61,15.25,R1Z9,115.88757101100855,0.0,0.0,69.55335711554895,131.04036341291743,0.0,0.0,0.0,0.0,0.0,0.9322810770017629,0.0,200.85641902900448,0.0,0.0,0.0,0.0,0.0,0.0
61,15.25,R1Z10,84.34565368957094,0.0,0.0,0.0,0.0,102.60572823352518,12.835520601966714,0.0,0.0,0.0,0.9322810770017629,0.0,200.85641902900448,0.0,0.0,0.0,0.0,0.0,0.0
61,15.25,R2Z1,110.57012182231178,0.0,135.0,0.0,0.0,131.53785103601757,95.16217716480078,0.0,0.0,0.0,0.0,0.0,73.09133570717769,2.354085651465958,0.0,640.0,0.0,0.0,0.0
61,15.25,R2Z2,93.91732414659286,0.0,135.0,0.0,0.0,83.34877931044855,59.351518183421916,0.0,0.0,0.0,0.0,0.0,78.99910059991315,0.0,0.0,636.7134369942099,0.0,0.0,0.0
61,15.25,R2Z3,105.02432432839863,0.0,0.0,0.0,0.0,126.48180633292634,39.57064026799386,0.0,13.175317541655515,0.0,0.0,0.0,68.38489340848999,0.0,0.0,0.0,0.0,0.0,0.0
61,15.25,R2Z4,82.34939244968922,0.0,0.0,37.700014284826636,84.32168942674768,0.0,0.0,0.0,26.35063508331103,0.0,0.0,0.0,0.0,0.0,0.0,0.0,0.0,0.0,0.0
61,15.25,R2Z5,86.95760586184255,0.0,0.0,42.83029296388793,105.93992963409355,-7.105427357601002e-15,0.0,0.0,13.175317541655515,0.0,0.0,0.0,0.0,0.0,0.0,0.0,0.0,0.0,0.0
61,15.25,R2Z6,68.23159564398878,0.0,0.0,72.33790142038913,99.29092981069192,0.0,0.0,0.0,26.35063508331103,0.0,0.0,0.0,165.1142948228233,0.0,0.0,0.0,0.0,0.0,0.0
61,15.25,R2Z7,86.98498442157873,0.0,0.0,0.0,0.0,41.667880068465465,44.19188351188985,0.0,26.35063508331103,0.0,0.0,0.0,84.3635464350442,0.0,0.0,0.0,0.0,0.0,0.0
61,15.25,R2Z8,100.516203274044,0.0,0.0,93.8013553740164,31.55021370799809,0.0,0.0,0.0,0.0,0.0,0.0,0.0,86.93361326716176,0.0,0.0,0.0,0.0,0.0,0.0
61,15.25,R2Z9,49.592256841892976,0.0,0.0,0.0,0.0,32.9448113260821,108.16192428168652,0.0,13.175317541655515,0.0,0.0,0.0,79.51093688392164,0.0,0.0,0.0,0.0,0.0,0.0
61,15.25,R3Z1,89.78799970834754,0.0,0.0,120.05543018236753,49.80633738141645,0.0,0.0,0.0,0.0,0.0,0.0,0.0,0.0,0.0,0.0,0.0,0.0,0.0,0.0
61,15.25,R3Z2,81.34781160453655,0.0,0.0,0.0,0.0,89.90720637288355,116.01942277995931,0.0,26.35063508331103,0.0,0.0,0.0,158.37416256428787,0.0,0.0,0.0,0.0,0.0,0.0
61,15.25,R3Z3,86.362143147906,0.0,0.0,0.0,0.0,37.34297160349935,18.88093888174554,0.0,13.175317541655515,0.0,0.0,0.0,0.0,0.0,0.0,0.0,0.0,0.0,0.0
61,15.25,R4Z1,107.85251534455274,0.0,135.0,0.0,0.0,24.610551548614453,165.39070616891175,0.0,26.35063508331103,0.0,0.0,0.0,78.35336196753543,0.0,0.0,0.0,0.0,0.0,0.0
61,15.25,R4Z2,138.2685743856593,0.0,0.0,103.00219785263825,65.15142849625904,0.0,0.0,0.0,26.35063508331103,0.0,0.0,0.0,154.89338274242075,0.0,0.0,0.0,0.0,0.0,0.0
61,15.25,R4Z3,102.73854093208784,0.0,0.0,0.0,0.0,58.18905487630515,109.13611432215613,0.0,0.0,0.0,0.0,0.0,0.0,0.0,0.0,0.0,0.0,0.0,0.0
61,15.25,R4Z4,111.56697186331571,0.0,0.0,34.577057797942,36.52289381422026,0.0,0.0,0.0,0.0,0.0,0.0,0.0,0.0,0.0,0.0,0.0,0.0,0.0,0.0
61,15.25,R4Z5,77.76297232015676,0.0,0.0,35.06607400460547,95.34613373320991,1.4210854715202004e-14,0.0,0.0,26.35063508331103,0.0,0.0,0.0,0.0,0.0,0.0,0.0,0.0,0.0,0.0
61,15.25,R4Z6,91.24560542823966,0.0,0.0,0.0,0.0,70.96117349884418,33.46819738313374,0.0,26.35063508331103,0.0,0.0,0.0,147.41688746322947,0.0,0.0,0.0,0.0,0.0,0.0
61,15.25,R4Z7,150.78606882827387,0.0,0.0,0.0,0.0,64.60318393174191,88.73232934222257,0.0,26.35063508331103,0.0,0.0,0.0,0.0,0.0,0.0,0.0,0.0,0.0,0.0
61,15.25,R4Z8,103.65802397205805,0.0,0.0,34.86015815226034,43.83553106501266,16.533329622767972,0.0,0.0,26.35063508331103,0.0,0.0,0.0,0.0,0.0,0.0,0.0,0.0,0.0,0.0
61,15.25,R4Z9,126.86253901768349,0.0,0.0,0.0,0.0,68.02717920609193,96.95670803502308,0.0,0.0,0.0,0.0,0.0,85.32645660745459,0.0,0.0,0.0,0.0,0.0,0.0
61,15.25,R4Z10,86.86471778028732,0.0,0.0,29.347659854332306,144.01072976538916,0.0,0.0,0.0,0.0,0.0,0.0,0.0,86.92412859546212,0.0,0.0,0.0,0.0,0.0,0.0
61,15.25,R4Z11,106.93114703295461,0.0,0.0,56.80151507708783,139.44399588201253,7.105427357601002e-15,0.0,0.0,13.175317541655515,0.0,0.0,0.0,80.41681279183786,0.0,0.0,0.0,0.0,0.0,0.0
61,15.25,R5Z1,120.56316213960442,0.0,135.0,103.81413218030448,21.01646936370968,1.4210854715202004e-14,0.0,0.0,0.0,0.0,0.0,0.0,70.20694998166596,0.0,0.0,0.0,0.0,0.0,0.0
61,15.25,R5Z2,110.53305030647812,0.0,135.0,0.0,0.0,26.3770102161782,44.69474929809289,0.0,13.175317541655515,0.0,0.0,0.0,167.0450620281813,0.0,0.0,0.0,0.0,0.0,0.0
61,15.25,R5Z3,138.85412658476483,0.0,0.0,0.0,0.0,85.0803904199824,75.72632860977829,0.0,13.175317541655515,0.0,0.0,0.0,141.68639020370122,0.0,0.0,0.0,0.0,0.0,0.0
61,15.25,R5Z4,125.29302389822645,0.0,0.0,0.0,0.0,95.9555015775965,32.36573497039408,0.0,26.35063508331103,0.0,0.0,0.0,0.0,0.0,0.0,0.0,0.0,0.0,0.0
61,15.25,R5Z5,95.73407561499597,0.0,0.0,0.0,0.0,34.948513699993015,83.9644196494521,0.0,13.175317541655515,0.0,0.0,0.0,77.95017741573687,0.0,0.0,0.0,0.0,0.0,0.0
61,15.25,R5Z6,125.36313590175533,0.0,0.0,0.0,0.0,30.88032183398928,84.92915673713789,0.0,26.35063508331103,0.0,0.0,0.0,158.2318043972114,0.0,0.0,0.0,0.0,0.0,0.0
61,15.25,R5Z7,106.33878197286077,0.0,0.0,60.973370035019556,46.5835710389906,-7.105427357601002e-15,0.0,0.0,0.0,0.0,0.0,0.0,85.84643487686205,0.0,0.0,0.0,0.0,0.0,0.0
61,15.25,R5Z8,96.62079957763552,0.0,0.0,21.84460886986227,123.99790556557957,37.97484120244962,0.0,0.0,13.175317541655515,0.0,0.0,0.0,159.7805074514775,0.0,0.0,0.0,0.0,0.0,0.0
61,15.25,R5Z9,108.38971839836962,0.0,0.0,85.11169097143153,147.49670362162118,1.4210854715202004e-14,0.0,0.0,0.0,0.0,0.0,0.0,83.24717834972623,0.0,0.0,0.0,0.0,0.0,0.0
61,15.25,R6Z1,88.47353822849037,0.0,135.0,59.72810505139269,46.43152224956522,0.0,0.0,0.0,0.0,0.0,0.0,0.0,0.0,0.0,0.0,637.807078443513,0.0,0.0,0.0
61,15.25,R6Z2,99.6913130013479,0.0,135.0,0.0,0.0,62.93884779716762,45.54900287987018,0.0,26.35063508331103,0.0,0.0,0.0,135.61210025132993,0.0,0.0,638.3546033955535,0.0,0.0,0.0
61,15.25,R6Z3,107.65757276580541,0.0,0.0,0.0,0.0,96.40550890710469,89.97824680422568,0.0,13.175317541655515,0.0,0.0,0.0,79.86965889341138,0.0,0.0,0.0,0.0,0.0,0.0
61,15.25,R6Z4,80.07882766663457,0.0,0.0,0.0,0.0,29.12230869642378,26.16607109498409,0.0,13.175317541655515,0.0,0.0,0.0,75.73354251398015,0.0,0.0,0.0,0.0,0.0,0.0
61,15.25,R7Z1,123.64296747133066,0.0,135.0,79.29107303144404,90.34158303284228,0.0,0.0,0.0,13.175317541655515,0.0,0.0,0.0,0.0,0.0,0.0,636.7134369942099,0.0,0.0,0.0
61,15.25,R7Z2,120.56438596607323,0.0,135.0,0.0,0.0,91.61436902970381,24.51106670964791,0.0,0.0,0.0,0.0,0.0,161.458056314431,0.0,0.0,0.0,0.0,0.0,0.0
61,15.25,R7Z3,117.57402737358503,0.0,0.0,0.0,0.0,34.87263434307941,78.16722567834607,0.0,26.35063508331103,0.0,0.0,0.0,137.88666638092744,0.0,0.0,0.0,0.0,0.0,0.0
61,15.25,R7Z4,111.11309816483524,0.0,0.0,0.0,0.0,105.29863451754969,77.97631523140981,0.0,13.175317541655515,0.0,0.0,0.0,67.276586375516,0.0,0.0,0.0,0.0,0.0,0.0
61,15.25,R7Z5,105.1664021217612,0.0,0.0,28.684102905002973,79.3142069490653,-3.552713678800501e-15,0.0,0.0,26.35063508331103,0.0,0.0,0.0,0.0,0.0,0.0,0.0,0.0,0.0,0.0
61,15.25,R7Z6,66.21012636160204,0.0,0.0,0.0,0.0,71.37026501881712,48.35350810449303,0.0,26.35063508331103,0.0,0.0,0.0,0.0,0.0,0.0,0.0,0.0,0.0,0.0
61,15.25,R7Z7,92.51341225393595,0.0,0.0,59.71576200696616,34.64218699621934,7.105427357601002e-15,0.0,0.0,0.0,0.0,0.0,0.0,67.57850088504868,0.0,0.0,0.0,0.0,0.0,0.0
61,15.25,R7Z8,87.74593069012226,0.0,0.0,90.06838890473813,38.30430926502813,0.0,0.0,0.0,26.35063508331103,0.0,0.0,0.0,143.54189625424925,0.0,0.0,0.0,0.0,0.0,0.0
61,15.25,R7Z9,107.19227821139611,0.0,0.0,0.0,0.0,75.50246121222601,40.05085071797497,0.0,26.35063508331103,0.0,0.0,0.0,78.48297291491616,0.0,0.0,0.0,0.0,0.0,0.0
61,15.25,R8Z1,121.1809193286625,0.0,135.0,0.0,0.0,52.84095133877102,142.59034775628626,0.0,13.175317541655515,0.0,0.0,0.0,83.5713640944257,0.0,0.0,638.9025983699302,0.0,0.0,0.0
61,15.25,R8Z2,142.26173688355945,0.0,135.0,0.0,0.0,75.13661156196196,180.28534072573706,0.0,13.175317541655515,0.0,0.0,0.0,145.58861723587114,0.0,0.0,0.0,0.0,0.0,0.0
61,15.25,R8Z3,126.53017144283756,0.0,0.0,62.956790365501675,25.587357941055558,0.0,0.0,0.0,13.175317541655515,0.0,0.0,0.0,170.32836487662607,0.0,0.0,0.0,0.0,0.0,0.0
61,15.25,R8Z4,80.99443000399418,0.0,0.0,0.0,0.0,50.366049555687525,102.44174412729193,0.0,0.0,0.0,0.0,0.0,0.0,0.0,0.0,0.0,0.0,0.0,0.0
61,15.25,R8Z5,77.1504767935012,0.0,0.0,0.0,0.0,53.52703092126145,74.90482144068973,0.0,13.175317541655515,0.0,0.0,0.0,84.76432082522322,0.0,0.0,0.0,0.0,0.0,0.0
61,15.25,R8Z6,102.88642892713325,0.0,0.0,31.002664843555934,116.87033354206646,1.6272450302594308,0.0,0.0,13.175317541655515,0.0,0.0,0.0,0.0,0.0,0.0,0.0,0.0,0.0,0.0
61,15.25,R8Z7,112.02198782033378,0.0,0.0,65.87847616780041,44.59260139845369,0.0,0.0,0.0,0.0,0.0,0.0,0.0,78.53273251011177,0.0,0.0,0.0,0.0,0.0,0.0
61,15.25,R8Z8,105.6463536702054,0.0,0.0,77.72366099562431,45.30627358440363,0.0,0.0,0.0,13.175317541655515,0.0,0.0,0.0,83.49723022450821,0.0,0.0,0.0,0.0,0.0,0.0
61,15.25,R9Z1,104.00998061380055,0.0,135.0,0.0,0.0,31.261658835491424,71.99358806519237,0.0,13.175317541655515,0.0,0.0,0.0,0.0,0.0,0.0,637.807078443513,0.0,0.0,0.0
61,15.25,R9Z2,99.20471992053312,0.0,135.0,32.0690427405836,79.54700528586885,0.0,0.0,0.0,13.175317541655515,0.0,0.0,0.0,74.24948957773563,0.0,0.0,637.807078443513,0.0,0.0,0.0
61,15.25,R9Z3,102.43760743738481,0.0,0.0,0.0,0.0,55.60028698992111,42.615418614182225,0.0,26.35063508331103,0.0,0.0,0.0,136.48454656890803,0.0,0.0,0.0,0.0,0.0,0.0
61,15.25,R9Z4,109.87564342827623,0.0,0.0,70.14336225062323,85.10364122269647,-1.4210854715202004e-14,0.0,0.0,13.175317541655515,0.0,0.0,0.0,71.58717214100119,0.0,0.0,0.0,0.0,0.0,0.0
61,15.25,R9Z5,85.65189189949355,0.0,0.0,0.0,0.0,55.65334116517178,134.7114711895012,0.0,13.175317541655515,0.0,0.0,0.0,149.09848035528083,0.0,0.0,0.0,0.0,0.0,0.0
61,15.25,R9Z6,67.50675361268861,0.0,0.0,0.0,0.0,28.175267435210333,37.920946128597976,0.0,13.175317541655515,0.0,0.0,0.0,158.52543879733244,0.0,0.0,0.0,0.0,0.0,0.0
61,15.25,R9Z7,68.11330118614684,0.0,0.0,93.00669876539848,35.23274310047571,1.4210854715202004e-14,0.0,0.0,0.0,0.0,0.0,0.0,75.9766862063327,0.0,0.0,0.0,0.0,0.0,0.0
61,15.25,R9Z8,115.47145450061234,0.0,0.0,69.56210592432099,25.64810810373311,0.0,0.0,0.0,13.175317541655515,0.0,0.0,0.0,70.99201251520498,0.0,0.0,0.0,0.0,0.0,0.0
61,15.25,R9Z9,101.94943319121928,0.0,0.0,0.0,0.0,63.282092211871,42.95375585061695,0.0,0.0,0.0,0.0,0.0,161.10435542630856,0.0,0.0,0.0,0.0,0.0,0.0
61,15.25,R9Z10,56.16274884975519,0.0,0.0,64.76143474833421,64.53553346508002,-1.4210854715202004e-14,0.0,0.0,0.0,0.0,0.0,0.0,0.0,0.0,0.0,0.0,0.0,0.0,0.0
61,15.25,R9Z11,94.04891175725615,0.0,0.0,31.433344565445097,106.34689045250143,3.552713678800501e-15,0.0,0.0,0.0,0.0,0.0,0.0,159.21832197298403,0.0,0.0,0.0,0.0,0.0,0.0
61,15.25,R10Z1,98.09446337488671,0.0,0.0,0.0,0.0,37.07611111525532,83.24943049836635,0.0,0.0,0.0,0.0,0.0,69.79459558753446,0.0,0.0,636.1673196916959,0.0,0.0,0.0
61,15.25,R10Z2,61.92485338974469,0.0,0.0,0.0,76.73974894218361,53.36847700172296,61.31248546211455,0.0,0.0,0.0,0.0,0.0,166.21601367910125,0.0,0.0,637.807078443513,0.0,0.0,0.0
61,15.25,R10Z3,68.50319927090189,0.0,0.0,0.0,0.0,100.30308431605097,92.66588316345063,0.0,0.0,0.0,0.0,0.0,79.8992015759315,0.0,0.0,0.0,0.0,0.0,0.0
61,15.25,R10Z4,86.86715054810422,0.0,0.0,0.0,0.0,27.65412645112779,32.393076242177244,0.0,26.35063508331103,0.0,0.0,0.0,81.00909120276117,0.0,0.0,0.0,0.0,0.0,0.0
61,15.25,R10Z5,57.89200315256763,0.0,0.0,29.1795635574409,168.8402074912605,-7.105427357601002e-15,0.0,0.0,26.35063508331103,0.0,0.0,0.0,0.0,0.0,0.0,0.0,0.0,0.0,0.0
61,15.25,R10Z6,72.30396931204851,0.0,0.0,67.06285089874537,38.00447386093563,0.0,0.0,0.0,26.35063508331103,0.0,0.0,0.0,68.72840338346458,0.0,0.0,0.0,0.0,0.0,0.0
61,15.25,R10Z7,76.45035538138691,0.0,0.0,29.369571164462144,151.84337465548035,3.552713678800501e-15,0.0,0.0,26.35063508331103,0.0,0.0,0.0,83.1458842977358,0.0,0.0,0.0,0.0,0.0,0.0
61,15.25,R10Z8,81.16148805855296,0.0,0.0,0.0,0.0,34.081291837843395,55.40836696274568,0.0,0.0,0.0,0.0,0.0,80.4574979574261,0.0,0.0,0.0,0.0,0.0,0.0
61,15.25,R10Z9,109.20647583367628,0.0,0.0,0.0,0.0,29.246325021574737,115.4903322785041,0.0,13.175317541655515,0.0,0.0,0.0,0.0,0.0,0.0,0.0,0.0,0.0,0.0
61,15.25,R11Z1,97.25963211097505,0.0,135.0,0.0,0.0,73.36348494267739,43.501190475797635,0.0,26.35063508331103,0.0,0.0,0.0,157.0733788927463,0.0,0.0,0.0,0.0,0.0,0.0
61,15.25,R11Z2,89.48142614415323,0.0,135.0,0.0,0.0,36.1501826143124,62.604424837374424,0.0,13.175317541655515,0.0,0.0,0.0,68.7942789618651,0.0,0.0,0.0,0.0,0.0,0.0
61,15.25,R11Z3,95.11066781907456,0.0,0.0,0.0,17.705392451271706,36.57071252041946,2.3991820336479464,0.0,13.175317541655515,0.0,0.0,0.0,0.0,0.0,0.0,0.0,0.0,0.0,0.0
61,15.25,R11Z4,120.02435430492207,0.0,0.0,96.38007263923967,87.87423949182974,1.4210854715202004e-14,0.0,0.0,0.0,0.0,0.0,0.0,79.7617547256923,0.0,0.0,0.0,0.0,0.0,0.0
61,15.25,R11Z5,107.27763190321858,0.0,0.0,27.06744866699168,51.46218301134867,-3.552713678800501e-15,0.0,0.0,13.175317541655515,0.0,0.0,0.0,87.33510428873836,0.0,0.0,0.0,0.0,0.0,0.0
61,15.25,R11Z6,95.62839484167657,0.0,0.0,0.0,0.0,36.48249264458025,56.21234701128613,0.0,0.0,0.0,0.0,0.0,0.0,0.0,0.0,0.0,0.0,0.0,0.0
61,15.25,R11Z7,95.87375598356324,0.0,0.0,30.449173800377572,19.308160166721898,3.552713678800501e-15,0.0,0.0,13.175317541655515,0.0,0.0,0.0,0.0,0.0,0.0,0.0,0.0,0.0,0.0
61,15.25,R11Z8,102.66830981765608,0.0,0.0,0.0,15.276585221192917,62.56710047237189,187.8714329895907,0.0,13.175317541655515,0.0,0.0,0.0,156.92150975337813,0.0,0.0,0.0,0.0,0.0,0.0
61,15.25,R12Z1,87.53817702996095,0.0,135.0,88.45869618223881,205.57687662265946,3.431635172021842,0.0,0.0,26.35063508331103,0.0,0.0,0.0,135.46554443555647,0.0,0.0,0.0,0.0,0.0,0.0
61,15.25,R12Z2,122.97788810177653,0.0,135.0,0.0,0.0,25.794279303326178,57.757070689070716,0.0,13.175317541655515,0.0,0.0,0.0,86.40835033968995,0.0,0.0,0.0,0.0,0.0,0.0
61,15.25,R12Z3,64.38932802337739,0.0,0.0,30.802886712229398,20.411123769492473,77.36059219960757,0.0,0.0,13.175317541655515,0.0,0.0,0.0,156.57207666269662,0.0,0.0,0.0,0.0,0.0,0.0
61,15.25,R12Z4,108.15574396784594,0.0,0.0,0.0,0.0,108.43600141561946,21.559631831951485,0.0,0.0,0.0,0.0,0.0,0.0,0.0,0.0,0.0,0.0,0.0,0.0
61,15.25,R12Z5,93.73430246182158,0.0,0.0,35.466679950946144,97.06288699989818,7.105427357601002e-15,0.0,0.0,0.0,0.0,0.0,0.0,148.2296399993942,0.0,0.0,0.0,0.0,0.0,0.0
61,15.25,R12Z6,97.02280502316621,0.0,0.0,0.0,0.0,59.3564660974754,77.66464742981722,0.0,0.0,0.0,0.0,0.0,0.0,0.0,0.0,0.0,0.0,0.0,0.0
61,15.25,R12Z7,81.62040033603549,0.0,0.0,34.61424733494505,103.97287906855786,54.17106261783405,0.0,0.0,26.35063508331103,0.0,0.0,0.0,0.0,0.0,0.0,0.0,0.0,0.0,0.0
61,15.25,R12Z8,88.43376239686786,0.0,0.0,0.0,0.0,69.18043363482705,83.18451589637554,0.0,0.0,0.0,0.0,0.0,71.59583075837567,0.0,0.0,0.0,0.0,0.0,0.0
61,15.25,R12Z9,73.20953838974741,0.0,0.0,0.0,0.0,41.32172012376991,43.766019690968214,0.0,26.35063508331103,0.0,0.0,0.0,162.44543054367765,0.0,0.0,0.0,0.0,0.0,0.0
62,15.5,R1Z1,97.24296711644449,0.0,0.0,93.4645112309142,14.78947959375635,0.0,0.0,0.0,56.08783975412969,0.0,0.0,0.0,148.390990504024,0.0,0.0,577.3590195588347,0.0,0.0,0.0
62,15.5,R1Z2,41.46711030944582,0.0,0.0,0.0,70.17803363776048,29.18870914286788,120.90953180773522,0.0,56.08783975412969,0.0,0.9322810770017629,0.0,200.85641902900448,0.0,0.0,0.0,0.0,0.0,0.0
62,15.5,R1Z3,110.97812080550567,0.0,0.0,0.0,0.0,86.41987557890236,46.08543533413382,0.0,28.043919877064845,0.0,0.9322810770017629,0.0,200.85641902900448,0.0,0.0,0.0,0.0,0.0,0.0
62,15.5,R1Z4,88.52264050465543,0.0,0.0,0.0,79.04418029513232,118.48201710335032,35.57012008567226,0.0,56.08783975412969,0.0,0.0,0.0,0.0,0.0,0.0,0.0,0.0,0.0,0.0
62,15.5,R1Z5,68.68640916280849,0.0,0.0,61.37470036783124,39.43561406490055,7.105427357601002e-15,0.0,0.0,56.08783975412969,0.0,0.0,0.0,0.0,0.0,0.0,0.0,0.0,0.0,0.0
62,15.5,R1Z6,79.70367509543459,0.0,0.0,0.0,0.0,96.35079082133024,55.68840231543302,0.0,0.0,0.0,0.46614053850088144,0.0,100.42820951450224,0.0,0.0,0.0,0.0,0.0,0.0
62,15.5,R1Z7,79.30827761371293,0.0,0.0,30.056587129352977,38.47541193810878,3.552713678800501e-15,0.0,0.0,28.043919877064845,0.0,0.46614053850088144,0.0,100.42820951450224,0.0,0.0,0.0,0.0,0.0,0.0
62,15.5,R1Z8,82.15522700142624,0.0,0.0,36.645367789657485,137.68452874531926,0.0,0.0,0.0,0.0,0.0,0.0,0.0,0.0,0.0,0.0,0.0,0.0,0.0,0.0
62,15.5,R1Z9,113.75038499187788,0.0,0.0,66.64092884601928,77.72849542215437,0.0,0.0,0.0,0.0,0.0,0.9322810770017629,0.0,200.85641902900448,0.0,0.0,0.0,0.0,0.0,0.0
62,15.5,R1Z10,86.09488211590383,0.0,0.0,87.89510533214582,24.176409455393575,0.0,0.0,0.0,0.0,0.0,0.9322810770017629,0.0,200.85641902900448,0.0,0.0,0.0,0.0,0.0,0.0
62,15.5,R2Z1,90.81724727406768,0.0,135.0,0.0,0.0,119.43701487014621,94.80406526398964,0.0,0.0,0.0,0.0,0.0,73.00960297482933,0.0,0.0,639.4510637701335,0.0,0.0,0.0
62,15.5,R2Z2,88.06512705952635,0.0,135.0,50.3061855076897,51.6056030075675,21.242689116640143,0.0,0.0,0.0,0.0,0.0,0.0,78.91076164314595,0.0,0.0,636.1673196916959,0.0,0.0,0.0
62,15.5,R2Z3,106.90556585661004,0.0,0.0,0.0,0.0,117.06595694477737,51.58756358474291,0.0,28.043919877064845,0.0,0.0,0.0,68.30842354875149,0.0,0.0,0.0,0.0,0.0,0.0
62,15.5,R2Z4,56.444964689794894,0.0,0.0,0.0,0.0,37.53721178272321,148.42504326687077,0.0,56.08783975412969,0.0,0.0,0.0,0.0,0.0,0.0,0.0,0.0,0.0,0.0
62,15.5,R2Z5,94.68068892664714,0.0,0.0,0.0,0.0,38.398477597311306,58.14532015503275,0.0,28.043919877064845,0.0,0.0,0.0,0.0,0.0,0.0,0.0,0.0,0.0,0.0
62,15.5,R2Z6,48.74961224177271,0.0,0.0,0.0,0.0,72.47336873983615,86.37382581962515,0.0,56.08783975412969,0.0,0.0,0.0,164.92965949860778,0.0,0.0,0.0,0.0,0.0,0.0
62,15.5,R2Z7,82.74731127005944,0.0,0.0,0.0,0.0,33.35550442063146,16.982975970523874,0.0,56.08783975412969,0.0,0.0,0.0,84.26920880810087,0.0,0.0,0.0,0.0,0.0,0.0
62,15.5,R2Z8,111.70872050717242,0.0,0.0,87.06009602367817,35.18145605323848,0.0,0.0,0.0,0.0,0.0,0.0,0.0,86.83640172113522,0.0,0.0,0.0,0.0,0.0,0.0
62,15.5,R2Z9,69.7402263273423,0.0,0.0,34.922022737637235,135.43098228318945,-7.105427357601002e-15,0.0,0.0,28.043919877064845,0.0,0.0,0.0,79.42202557781094,0.0,0.0,0.0,0.0,0.0,0.0
62,15.5,R3Z1,66.50236875540837,0.0,0.0,0.0,0.0,118.68894692072448,29.657666125438503,0.0,0.0,0.0,0.0,0.0,0.0,0.0,0.0,0.0,0.0,0.0,0.0
62,15.5,R3Z2,97.20642881295721,0.0,0.0,0.0,0.0,105.22530131679369,129.89130888245006,0.0,56.08783975412969,0.0,0.0,0.0,158.19706424046439,0.0,0.0,0.0,0.0,0.0,0.0
62,15.5,R3Z3,87.46512241642016,0.0,0.0,0.0,0.0,29.554298194967366,29.10986863714873,0.0,28.043919877064845,0.0,0.0,0.0,0.0,0.0,0.0,0.0,0.0,0.0,0.0
62,15.5,R4Z1,129.8104710313977,0.0,135.0,0.0,0.0,24.49922080574594,128.02866367273901,0.0,56.08783975412969,0.0,0.0,0.0,78.26574509338303,0.0,0.0,0.0,0.0,0.0,0.0
62,15.5,R4Z2,132.16565338070535,0.0,0.0,0.0,0.0,100.98995548511863,27.39256334046445,0.0,56.08783975412969,0.0,0.0,0.0,154.72017672187496,0.0,0.0,0.0,0.0,0.0,0.0
62,15.5,R4Z3,87.4215678178755,0.0,0.0,57.03888335447215,193.33759620452065,-1.4210854715202004e-14,0.0,0.0,0.0,0.0,0.0,0.0,0.0,0.0,0.0,0.0,0.0,0.0,0.0
62,15.5,R4Z4,123.4293054821239,0.0,0.0,0.0,0.0,33.25941207763307,36.86467400893747,0.0,0.0,0.0,0.0,0.0,0.0,0.0,0.0,0.0,0.0,0.0,0.0
62,15.5,R4Z5,80.02955960291713,0.0,0.0,0.0,0.0,30.076514217435733,140.81304400663166,0.0,56.08783975412969,0.0,0.0,0.0,0.0,0.0,0.0,0.0,0.0,0.0,0.0
62,15.5,R4Z6,78.0192079516556,0.0,0.0,71.32745544893245,34.323365890845366,0.0,0.0,0.0,56.08783975412969,0.0,0.0,0.0,147.25204186436218,0.0,0.0,0.0,0.0,0.0,0.0
62,15.5,R4Z7,140.91836060797374,0.0,0.0,0.0,0.0,68.40468314222844,129.67933133913365,0.0,56.08783975412969,0.0,0.0,0.0,0.0,0.0,0.0,0.0,0.0,0.0,0.0
62,15.5,R4Z8,104.59821625545678,0.0,0.0,51.659526885102274,49.7544206805129,0.0,0.0,0.0,56.08783975412969,0.0,0.0,0.0,0.0,0.0,0.0,0.0,0.0,0.0,0.0
62,15.5,R4Z9,121.56652375171927,0.0,0.0,22.714085368011695,151.78004509774422,42.6966814513671,0.0,0.0,0.0,0.0,0.0,0.0,85.23104222799832,0.0,0.0,0.0,0.0,0.0,0.0
62,15.5,R4Z10,91.49587914909665,0.0,0.0,28.313154346003657,52.114410588464,0.0,0.0,0.0,0.0,0.0,0.0,0.0,86.8269276554551,0.0,0.0,0.0,0.0,0.0,0.0
62,15.5,R4Z11,92.11424013998113,0.0,0.0,0.0,0.0,49.027424026647175,99.05083222008142,0.0,28.043919877064845,0.0,0.0,0.0,80.32688851049,0.0,0.0,0.0,0.0,0.0,0.0
62,15.5,R5Z1,116.31502327180792,0.0,135.0,95.40093839761701,28.860845064872688,0.0,0.0,0.0,0.0,0.0,0.0,0.0,70.1284426483914,0.0,0.0,0.0,0.0,0.0,0.0
62,15.5,R5Z2,117.99700810878099,0.0,135.0,0.0,0.0,23.776240994682016,27.013059582742276,0.0,28.043919877064845,0.0,0.0,0.0,166.858267667225,0.0,0.0,0.0,0.0,0.0,0.0
62,15.5,R5Z3,151.11247644164214,0.0,0.0,0.0,0.0,72.37347943285998,92.69673260503173,0.0,28.043919877064845,0.0,0.0,0.0,141.5279526037329,0.0,0.0,0.0,0.0,0.0,0.0
62,15.5,R5Z4,108.86059051442278,0.0,0.0,0.0,0.0,86.71330482934208,57.186977380742476,0.0,56.08783975412969,0.0,0.0,0.0,0.0,0.0,0.0,0.0,0.0,0.0,0.0
62,15.5,R5Z5,92.4284798952491,0.0,0.0,0.0,0.0,32.59146207110337,121.7490161598645,0.0,28.043919877064845,0.0,0.0,0.0,77.86301139358685,0.0,0.0,0.0,0.0,0.0,0.0
62,15.5,R5Z6,100.43759383905729,0.0,0.0,0.0,0.0,28.688985281767824,72.56661822617427,0.0,56.08783975412969,0.0,0.0,0.0,158.05486526218715,0.0,0.0,0.0,0.0,0.0,0.0
62,15.5,R5Z7,99.59883948845035,0.0,0.0,0.0,0.0,54.321061939559804,62.10407171883351,0.0,0.0,0.0,0.0,0.0,85.75043904347133,0.0,0.0,0.0,0.0,0.0,0.0
62,15.5,R5Z8,97.61239469469827,0.0,0.0,32.26657252863832,93.8952393458495,24.262390738411035,0.0,0.0,28.043919877064845,0.0,0.0,0.0,159.60183651430467,0.0,0.0,0.0,0.0,0.0,0.0
62,15.5,R5Z9,99.1418210307977,0.0,0.0,80.22045077415635,128.14390506170434,0.0,0.0,0.0,0.0,0.0,0.0,0.0,83.15408907613472,0.0,0.0,0.0,0.0,0.0,0.0
62,15.5,R6Z1,107.12679503884132,0.0,135.0,0.0,0.0,73.89582298628868,38.95441082542587,0.0,0.0,0.0,0.0,0.0,0.0,0.0,0.0,637.2600231106646,0.0,0.0,0.0
62,15.5,R6Z2,64.1119257595866,0.0,135.0,67.90860998551636,35.27329063055217,0.0,0.0,0.0,56.08783975412969,0.0,0.0,0.0,135.46045508866052,0.0,0.0,637.807078443513,0.0,0.0,0.0
62,15.5,R6Z3,102.27861969010058,0.0,0.0,0.0,0.0,90.70639573630017,48.18913854851293,0.0,28.043919877064845,0.0,0.0,0.0,79.78034645453022,0.0,0.0,0.0,0.0,0.0,0.0
62,15.5,R6Z4,59.111068239094955,0.0,0.0,0.0,0.0,28.27517391344598,20.53251482609181,0.0,28.043919877064845,0.0,0.0,0.0,75.64885519365417,0.0,0.0,0.0,0.0,0.0,0.0
62,15.5,R7Z1,125.9982063432884,0.0,135.0,0.0,0.0,67.36943164643488,135.4433465675771,0.0,28.043919877064845,0.0,0.0,0.0,0.0,0.0,0.0,636.1673196916959,0.0,0.0,0.0
62,15.5,R7Z2,122.33965821161503,0.0,135.0,0.0,25.76944872442752,91.79857397345452,41.950658511927514,0.0,0.0,0.0,0.0,0.0,161.27750949619934,0.0,0.0,0.0,0.0,0.0,0.0
62,15.5,R7Z3,95.31389810011481,0.0,0.0,0.0,0.0,35.96429970585414,122.43810661197718,0.0,56.08783975412969,0.0,0.0,0.0,137.73247773614924,0.0,0.0,0.0,0.0,0.0,0.0
62,15.5,R7Z4,93.65761966108776,0.0,0.0,0.0,0.0,94.22234710929808,97.39080748194921,0.0,28.043919877064845,0.0,0.0,0.0,67.20135585503995,0.0,0.0,0.0,0.0,0.0,0.0
62,15.5,R7Z5,110.64787863351353,0.0,0.0,0.0,0.0,29.977301758523925,192.90030231937388,0.0,56.08783975412969,0.0,0.0,0.0,0.0,0.0,0.0,0.0,0.0,0.0,0.0
62,15.5,R7Z6,69.28681343649889,0.0,0.0,55.486219742806554,89.47236767026021,4.722670359339723,0.0,0.0,56.08783975412969,0.0,0.0,0.0,0.0,0.0,0.0,0.0,0.0,0.0,0.0
62,15.5,R7Z7,89.21471047956526,0.0,0.0,0.0,0.0,63.32963960010997,56.80688907196818,0.0,0.0,0.0,0.0,0.0,67.50293275550364,0.0,0.0,0.0,0.0,0.0,0.0
62,15.5,R7Z8,94.26070838758534,0.0,0.0,0.0,0.0,91.41918037547664,87.1312527845501,0.0,56.08783975412969,0.0,0.0,0.0,143.38138377662364,0.0,0.0,0.0,0.0,0.0,0.0
62,15.5,R7Z9,119.41866641692968,0.0,0.0,0.0,0.0,59.63841600336582,43.12959267778236,0.0,56.08783975412969,0.0,0.0,0.0,78.39521110625451,0.0,0.0,0.0,0.0,0.0,0.0
62,15.5,R8Z1,123.70770029885003,0.0,135.0,0.0,0.0,53.304786181246655,74.57878487779011,0.0,28.043919877064845,0.0,0.0,0.0,83.4779123074604,0.0,0.0,638.3546033955535,0.0,0.0,0.0
62,15.5,R8Z2,137.65613575750322,0.0,135.0,65.49364486509688,81.58750735088904,-1.4210854715202004e-14,0.0,0.0,28.043919877064845,0.0,0.0,0.0,145.4258160588181,0.0,0.0,0.0,0.0,0.0,0.0
62,15.5,R8Z3,140.30960484043644,0.0,0.0,0.0,0.0,53.74467544812561,135.39307133032258,0.0,28.043919877064845,0.0,0.0,0.0,170.13789903654938,0.0,0.0,0.0,0.0,0.0,0.0
62,15.5,R8Z4,92.17770619959002,0.0,0.0,0.0,0.0,52.3072385498509,69.1993731332033,0.0,0.0,0.0,0.0,0.0,0.0,0.0,0.0,0.0,0.0,0.0,0.0
62,15.5,R8Z5,69.59704775702224,0.0,0.0,50.5820417355513,116.6093325443898,1.4210854715202004e-14,0.0,0.0,28.043919877064845,0.0,0.0,0.0,84.66953504138623,0.0,0.0,0.0,0.0,0.0,0.0
62,15.5,R8Z6,119.36451603625406,0.0,0.0,26.84442497361755,46.199914316738614,7.105427357601002e-15,0.0,0.0,28.043919877064845,0.0,0.0,0.0,0.0,0.0,0.0,0.0,0.0,0.0,0.0
62,15.5,R8Z7,69.15760844727733,0.0,0.0,0.0,27.097919827883345,65.20378208415974,12.242808700829947,0.0,0.0,0.0,0.0,0.0,78.44491505890868,0.0,0.0,0.0,0.0,0.0,0.0
62,15.5,R8Z8,107.26141868037512,0.0,0.0,0.0,0.0,71.03244298517663,72.28451875776686,0.0,28.043919877064845,0.0,0.0,0.0,83.40386133606555,0.0,0.0,0.0,0.0,0.0,0.0
62,15.5,R9Z1,92.02985415388927,0.0,135.0,28.12403672430583,42.13961878616896,-7.105427357601002e-15,0.0,0.0,28.043919877064845,0.0,0.0,0.0,0.0,0.0,0.0,637.2600231106646,0.0,0.0,0.0
62,15.5,R9Z2,110.92899631809958,0.0,135.0,0.0,0.0,30.722969400861253,78.02320693434508,0.0,28.043919877064845,0.0,0.0,0.0,74.16646176602657,0.0,0.0,637.2600231106646,0.0,0.0,0.0
62,15.5,R9Z3,87.79468722939946,0.0,0.0,54.96097972921963,37.27695155865119,7.105427357601002e-15,0.0,0.0,56.08783975412969,0.0,0.0,0.0,136.33192581288444,0.0,0.0,0.0,0.0,0.0,0.0
62,15.5,R9Z4,112.29049702470894,0.0,0.0,70.88059367910483,155.27929827436796,0.0,0.0,0.0,28.043919877064845,0.0,0.0,0.0,71.50712140552665,0.0,0.0,0.0,0.0,0.0,0.0
62,15.5,R9Z5,66.90899673847476,0.0,0.0,56.59260478575942,137.59069121325103,7.105427357601002e-15,0.0,0.0,28.043919877064845,0.0,0.0,0.0,148.9317543532107,0.0,0.0,0.0,0.0,0.0,0.0
62,15.5,R9Z6,63.73580859626929,0.0,0.0,0.0,0.0,29.313612889320645,37.49972232847838,0.0,28.043919877064845,0.0,0.0,0.0,158.3481713122842,0.0,0.0,0.0,0.0,0.0,0.0
62,15.5,R9Z7,73.36625438472834,0.0,0.0,89.25172780264359,33.090831046357415,-1.4210854715202004e-14,0.0,0.0,0.0,0.0,0.0,0.0,75.89172699607425,0.0,0.0,0.0,0.0,0.0,0.0
62,15.5,R9Z8,119.90953838442499,0.0,0.0,0.0,0.0,64.5529964063836,35.896074290070715,0.0,28.043919877064845,0.0,0.0,0.0,70.91262730351556,0.0,0.0,0.0,0.0,0.0,0.0
62,15.5,R9Z9,83.07983550928552,0.0,0.0,0.0,0.0,59.48340812746801,37.96186831171735,0.0,0.0,0.0,0.0,0.0,160.924204126092,0.0,0.0,0.0,0.0,0.0,0.0
62,15.5,R9Z10,92.3519655154818,0.0,0.0,0.0,0.0,52.33707818576379,168.7076346605072,0.0,0.0,0.0,0.0,0.0,0.0,0.0,0.0,0.0,0.0,0.0,0.0
62,15.5,R9Z11,91.19918150030843,0.0,0.0,31.413087062361356,108.72492491555936,1.7979313097574092,0.0,0.0,0.0,0.0,0.0,0.0,159.0402796870022,0.0,0.0,0.0,0.0,0.0,0.0
62,15.5,R10Z1,91.88186835164363,0.0,0.0,0.0,0.0,35.94016167569041,126.96519164045712,0.0,0.0,0.0,0.0,0.0,69.71654936023097,0.0,0.0,635.6216708010148,0.0,0.0,0.0
62,15.5,R10Z2,56.52576120508406,0.0,0.0,0.0,0.0,51.86717700227839,129.79109678945312,0.0,0.0,0.0,0.0,0.0,166.0301463827028,0.0,0.0,637.2600231106646,0.0,0.0,0.0
62,15.5,R10Z3,72.39136989517891,0.0,0.0,0.0,17.920975260801214,95.31980462328791,46.84023249296044,0.0,0.0,0.0,0.0,0.0,79.80985610161406,0.0,0.0,0.0,0.0,0.0,0.0
62,15.5,R10Z4,90.26317076193324,0.0,0.0,0.0,0.0,26.45568669517374,25.703916196453417,0.0,56.08783975412969,0.0,0.0,0.0,80.91850461948152,0.0,0.0,0.0,0.0,0.0,0.0
62,15.5,R10Z5,50.384500252031025,0.0,0.0,0.0,0.0,26.454121217594118,118.75013267010873,0.0,56.08783975412969,0.0,0.0,0.0,0.0,0.0,0.0,0.0,0.0,0.0,0.0
62,15.5,R10Z6,61.83622489458573,0.0,0.0,62.68061921789904,52.41306608617521,-7.105427357601002e-15,0.0,0.0,56.08783975412969,0.0,0.0,0.0,68.65154940146903,0.0,0.0,0.0,0.0,0.0,0.0
62,15.5,R10Z7,90.7070369748139,0.0,0.0,0.0,0.0,26.413375455327515,126.60119686480864,0.0,56.08783975412969,0.0,0.0,0.0,83.052908293926,0.0,0.0,0.0,0.0,0.0,0.0
62,15.5,R10Z8,63.5548044212445,0.0,0.0,0.0,0.0,35.16775837892987,40.63548192269479,0.0,0.0,0.0,0.0,0.0,80.36752818081239,0.0,0.0,0.0,0.0,0.0,0.0
62,15.5,R10Z9,98.89953654409797,0.0,0.0,0.0,0.0,28.240335793825864,80.302564665569,0.0,28.043919877064845,0.0,0.0,0.0,0.0,0.0,0.0,0.0,0.0,0.0,0.0
62,15.5,R11Z1,77.68222158804984,0.0,135.0,0.0,0.0,66.30244592485715,104.71754959530084,0.0,56.08783975412969,0.0,0.0,0.0,156.89773514083123,0.0,0.0,0.0,0.0,0.0,0.0
62,15.5,R11Z2,77.43026123433704,0.0,135.0,0.0,0.0,33.23496373994989,42.50377748019389,0.0,28.043919877064845,0.0,0.0,0.0,68.71735131599453,0.0,0.0,0.0,0.0,0.0,0.0
62,15.5,R11Z3,98.10772174493717,0.0,0.0,35.34096256502495,38.030637706766484,-7.105427357601002e-15,0.0,0.0,28.043919877064845,0.0,0.0,0.0,0.0,0.0,0.0,0.0,0.0,0.0,0.0
62,15.5,R11Z4,135.25362097659885,0.0,0.0,0.0,47.1536055265849,98.38823367652675,12.804248388276385,0.0,0.0,0.0,0.0,0.0,79.6725629482052,0.0,0.0,0.0,0.0,0.0,0.0
62,15.5,R11Z5,107.74305880148455,0.0,0.0,0.0,0.0,26.820973048032254,47.267961865588084,0.0,28.043919877064845,0.0,0.0,0.0,87.2374437844613,0.0,0.0,0.0,0.0,0.0,0.0
62,15.5,R11Z6,69.71505252365661,0.0,0.0,0.0,0.0,30.60964301482729,61.6659099745441,0.0,0.0,0.0,0.0,0.0,0.0,0.0,0.0,0.0,0.0,0.0,0.0
62,15.5,R11Z7,98.6722672839817,0.0,0.0,0.0,0.0,30.545368881200798,24.12287052171932,0.0,28.043919877064845,0.0,0.0,0.0,0.0,0.0,0.0,0.0,0.0,0.0,0.0
62,15.5,R11Z8,112.93457213965192,0.0,0.0,58.3891420246607,116.28547548841833,0.0,0.0,0.0,28.043919877064845,0.0,0.0,0.0,156.74603582569188,0.0,0.0,0.0,0.0,0.0,0.0
62,15.5,R12Z1,86.52515649314614,0.0,135.0,88.9932082429837,81.16802402813958,0.0,0.0,0.0,56.08783975412969,0.0,0.0,0.0,135.314063155612,0.0,0.0,0.0,0.0,0.0,0.0
62,15.5,R12Z2,87.03026991432627,0.0,135.0,0.0,0.0,26.412985814864125,93.23404595784699,0.0,28.043919877064845,0.0,0.0,0.0,86.31172615704715,0.0,0.0,0.0,0.0,0.0,0.0
62,15.5,R12Z3,86.29459960028497,0.0,0.0,0.0,0.0,103.91387853705588,39.40786312289895,0.0,28.043919877064845,0.0,0.0,0.0,156.39699348065756,0.0,0.0,0.0,0.0,0.0,0.0
62,15.5,R12Z4,88.75558530971806,0.0,0.0,0.0,0.0,102.3180337851103,49.712519797125736,0.0,0.0,0.0,0.0,0.0,0.0,0.0,0.0,0.0,0.0,0.0,0.0
62,15.5,R12Z5,86.75093889601912,0.0,0.0,0.0,0.0,29.291551886550483,27.144886398793552,0.0,0.0,0.0,0.0,0.0,148.06388555839317,0.0,0.0,0.0,0.0,0.0,0.0
62,15.5,R12Z6,81.81517677450847,0.0,0.0,0.0,0.0,62.60041370679086,95.10992378557621,0.0,0.0,0.0,0.0,0.0,0.0,0.0,0.0,0.0,0.0,0.0,0.0
62,15.5,R12Z7,94.36632600073492,0.0,0.0,0.0,72.7469925767863,80.05721776658561,7.710239816133125,0.0,56.08783975412969,0.0,0.0,0.0,0.0,0.0,0.0,0.0,0.0,0.0,0.0
62,15.5,R12Z8,112.320548932254,0.0,0.0,62.81354776666731,39.518333680728844,0.0,0.0,0.0,0.0,0.0,0.0,0.0,71.51577034059817,0.0,0.0,0.0,0.0,0.0,0.0
62,15.5,R12Z9,88.38504975340446,0.0,0.0,38.139223948105254,66.89193885479686,0.0,0.0,0.0,56.08783975412969,0.0,0.0,0.0,162.263779616555,0.0,0.0,0.0,0.0,0.0,0.0
63,15.75,R1Z1,105.39362794353177,0.0,0.0,87.91949659542072,62.47578172538252,1.4210854715202004e-14,0.0,0.0,36.17011165990896,0.0,0.0,0.0,148.22505563647195,0.0,0.0,576.8638113034033,0.0,0.0,0.0
63,15.75,R1Z2,45.24940741324837,0.0,0.0,24.59923795479712,127.54963493168374,-3.552713678800501e-15,0.0,0.0,36.17011165990896,0.0,0.9322810770017629,0.0,200.85641902900448,0.0,0.0,0.0,0.0,0.0,0.0
63,15.75,R1Z3,107.63907223163082,0.0,0.0,104.97308966678013,7.785388417188086,0.0,0.0,0.0,18.08505582995448,0.0,0.9322810770017629,0.0,200.85641902900448,0.0,0.0,0.0,0.0,0.0,0.0
63,15.75,R1Z4,90.0258193079745,0.0,0.0,97.1783999892847,63.4050422967713,0.0,0.0,0.0,36.17011165990896,0.0,0.0,0.0,0.0,0.0,0.0,0.0,0.0,0.0,0.0
63,15.75,R1Z5,87.7478053398829,0.0,0.0,57.36550235801114,77.34469407424605,7.105427357601002e-15,0.0,0.0,36.17011165990896,0.0,0.0,0.0,0.0,0.0,0.0,0.0,0.0,0.0,0.0
63,15.75,R1Z6,81.98108707267085,0.0,0.0,0.0,0.0,101.30191313951386,0.0,0.0,0.0,0.0,0.46614053850088144,0.0,100.42820951450224,0.0,0.0,0.0,0.0,0.0,0.0
63,15.75,R1Z7,92.87315861377512,0.0,0.0,28.62023989512491,30.51122570827677,0.0,0.0,0.0,18.08505582995448,0.0,0.46614053850088144,0.0,100.42820951450224,0.0,0.0,0.0,0.0,0.0,0.0
63,15.75,R1Z8,63.99254180544836,0.0,0.0,0.0,67.75120415783522,35.06709461357729,72.86165230957994,0.0,0.0,0.0,0.0,0.0,0.0,0.0,0.0,0.0,0.0,0.0,0.0
63,15.75,R1Z9,111.22681949887154,0.0,0.0,68.77848418161479,5.564852011311903,0.0,0.0,0.0,0.0,0.0,0.9322810770017629,0.0,200.85641902900448,0.0,0.0,0.0,0.0,0.0,0.0
63,15.75,R1Z10,95.96285249693585,0.0,0.0,87.22710324167686,6.38401269572375,0.0,0.0,0.0,0.0,0.0,0.9322810770017629,0.0,200.85641902900448,0.0,0.0,0.0,0.0,0.0,0.0
63,15.75,R2Z1,118.33448863324342,0.0,135.0,0.0,0.0,115.98629221689455,102.81159284560262,0.0,0.0,0.0,0.0,0.0,72.9279616382596,0.0,0.0,638.9025983699302,0.0,0.0,0.0
63,15.75,R2Z2,93.3549313677501,0.0,135.0,76.40309756186424,48.8457889267888,0.0,0.0,0.0,0.0,0.0,0.0,0.0,78.82252146941835,0.0,0.0,635.6216708010148,0.0,0.0,0.0
63,15.75,R2Z3,94.59552549511159,0.0,0.0,107.08894186801321,11.676827218155648,0.0,0.0,0.0,18.08505582995448,0.0,0.0,0.0,68.23203919970341,0.0,0.0,0.0,0.0,0.0,0.0
63,15.75,R2Z4,90.57793511943458,0.0,0.0,0.0,0.0,39.21817386328377,108.54387766632857,0.0,36.17011165990896,0.0,0.0,0.0,0.0,0.0,0.0,0.0,0.0,0.0,0.0
63,15.75,R2Z5,92.93800117800397,0.0,0.0,35.67669587266506,26.53126208148216,0.0,0.0,0.0,18.08505582995448,0.0,0.0,0.0,0.0,0.0,0.0,0.0,0.0,0.0,0.0
63,15.75,R2Z6,58.747482031090435,0.0,0.0,0.0,0.3892566079050255,68.88427551049848,89.33848993360401,0.0,36.17011165990896,0.0,0.0,0.0,164.74523063866587,0.0,0.0,0.0,0.0,0.0,0.0
63,15.75,R2Z7,80.34225848706491,0.0,0.0,34.83399298149495,28.447570867487862,0.0,0.0,0.0,36.17011165990896,0.0,0.0,0.0,84.17497667207434,0.0,0.0,0.0,0.0,0.0,0.0
63,15.75,R2Z8,103.82403795183141,0.0,0.0,0.0,0.0,88.02669354479684,14.827125788085587,0.0,0.0,0.0,0.0,0.0,86.73929887972045,0.0,0.0,0.0,0.0,0.0,0.0
63,15.75,R2Z9,56.04697389027008,0.0,0.0,0.0,0.0,29.16028820274401,122.0084062947208,0.0,18.08505582995448,0.0,0.0,0.0,79.33321369475655,0.0,0.0,0.0,0.0,0.0,0.0
63,15.75,R3Z1,85.1875291590329,0.0,0.0,107.45808713411789,56.806228500770075,0.0,0.0,0.0,0.0,0.0,0.0,0.0,0.0,0.0,0.0,0.0,0.0,0.0,0.0
63,15.75,R3Z2,80.17718248895275,0.0,0.0,0.0,0.0,76.74711998900649,142.85997115879843,0.0,36.17011165990896,0.0,0.0,0.0,158.02016395283437,0.0,0.0,0.0,0.0,0.0,0.0
63,15.75,R3Z3,67.05207377841255,0.0,0.0,0.0,0.0,36.45564252974304,10.038385972064187,0.0,18.08505582995448,0.0,0.0,0.0,0.0,0.0,0.0,0.0,0.0,0.0,0.0
63,15.75,R4Z1,113.10257422685164,0.0,135.0,0.0,0.0,24.067541020837464,93.40244072323215,0.0,36.17011165990896,0.0,0.0,0.0,78.17822619481768,0.0,0.0,0.0,0.0,0.0,0.0
63,15.75,R4Z2,113.71285407308264,0.0,0.0,0.0,0.0,91.72195283394845,28.230230206799945,0.0,36.17011165990896,0.0,0.0,0.0,154.54716438504258,0.0,0.0,0.0,0.0,0.0,0.0
63,15.75,R4Z3,106.0020433257824,0.0,0.0,51.54314097764224,55.592625289391535,7.105427357601002e-15,0.0,0.0,0.0,0.0,0.0,0.0,0.0,0.0,0.0,0.0,0.0,0.0,0.0
63,15.75,R4Z4,106.33694151827807,0.0,0.0,29.02620002232881,37.32450833391921,3.552713678800501e-15,0.0,0.0,0.0,0.0,0.0,0.0,0.0,0.0,0.0,0.0,0.0,0.0,0.0
63,15.75,R4Z5,76.94007557536885,0.0,0.0,29.115266233502282,80.64605294544711,3.552713678800501e-15,0.0,0.0,36.17011165990896,0.0,0.0,0.0,0.0,0.0,0.0,0.0,0.0,0.0,0.0
63,15.75,R4Z6,73.31938235994448,0.0,0.0,61.29016420558824,58.396453338419946,-7.105427357601002e-15,0.0,0.0,36.17011165990896,0.0,0.0,0.0,147.08738060035594,0.0,0.0,0.0,0.0,0.0,0.0
63,15.75,R4Z7,122.1421527189723,0.0,0.0,62.49427453307338,89.46056533591609,0.0,0.0,0.0,36.17011165990896,0.0,0.0,0.0,0.0,0.0,0.0,0.0,0.0,0.0,0.0
63,15.75,R4Z8,95.45328343192166,0.0,0.0,0.0,0.0,53.573499714677105,35.92267162358503,0.0,36.17011165990896,0.0,0.0,0.0,0.0,0.0,0.0,0.0,0.0,0.0,0.0
63,15.75,R4Z9,126.27838946135464,0.0,0.0,57.27579061653088,42.787165926400185,7.105427357601002e-15,0.0,0.0,0.0,0.0,0.0,0.0,85.13573454351297,0.0,0.0,0.0,0.0,0.0,0.0
63,15.75,R4Z10,77.55089614221932,0.0,0.0,0.0,0.0,22.91277793267631,135.39755950629504,0.0,0.0,0.0,0.0,0.0,86.7298354081999,0.0,0.0,0.0,0.0,0.0,0.0
63,15.75,R4Z11,92.96735823197372,0.0,0.0,53.9737258221336,69.14420935637757,-7.105427357601002e-15,0.0,0.0,18.08505582995448,0.0,0.0,0.0,80.23706478493507,0.0,0.0,0.0,0.0,0.0,0.0
63,15.75,R5Z1,131.21378634651902,0.0,135.0,0.0,0.0,94.75768076917912,35.986437865515775,0.0,0.0,0.0,0.0,0.0,70.05002310416593,0.0,0.0,0.0,0.0,0.0,0.0
63,15.75,R5Z2,106.60966771547875,0.0,135.0,23.410168691218686,27.919237567929827,3.552713678800501e-15,0.0,0.0,18.08505582995448,0.0,0.0,0.0,166.67168218483633,0.0,0.0,0.0,0.0,0.0,0.0
63,15.75,R5Z3,149.75827857024166,0.0,0.0,74.08941007091983,129.9814760364477,1.7339043070659983,0.0,0.0,18.08505582995448,0.0,0.0,0.0,141.36969217302584,0.0,0.0,0.0,0.0,0.0,0.0
63,15.75,R5Z4,122.65248672386396,0.0,0.0,0.0,0.0,77.77127162710454,65.41947766705238,0.0,36.17011165990896,0.0,0.0,0.0,0.0,0.0,0.0,0.0,0.0,0.0,0.0
63,15.75,R5Z5,105.04403998235338,0.0,0.0,0.0,0.0,30.817610661677975,98.13110274644393,0.0,18.08505582995448,0.0,0.0,0.0,77.77594284286882,0.0,0.0,0.0,0.0,0.0,0.0
63,15.75,R5Z6,156.91991819230378,0.0,0.0,0.0,30.228025570641776,28.58292295748186,44.94557025589634,0.0,36.17011165990896,0.0,0.0,0.0,157.87812398534712,0.0,0.0,0.0,0.0,0.0,0.0
63,15.75,R5Z7,107.78758085015757,0.0,0.0,0.0,0.0,54.25980266979221,45.46440299587209,0.0,0.0,0.0,0.0,0.0,85.65455055524924,0.0,0.0,0.0,0.0,0.0,0.0
63,15.75,R5Z8,95.93180468803826,0.0,0.0,52.03878257640136,101.81901839301261,7.105427357601002e-15,0.0,0.0,18.08505582995448,0.0,0.0,0.0,159.4233653718646,0.0,0.0,0.0,0.0,0.0,0.0
63,15.75,R5Z9,118.21821138481029,0.0,0.0,72.84813207868271,122.7511591685467,0.0,0.0,0.0,0.0,0.0,0.0,0.0,83.06110389751713,0.0,0.0,0.0,0.0,0.0,0.0
63,15.75,R6Z1,94.02276730715525,0.0,135.0,69.3761002877483,37.65784789193193,0.0,0.0,0.0,0.0,0.0,0.0,0.0,0.0,0.0,0.0,636.7134369942099,0.0,0.0,0.0
63,15.75,R6Z2,82.58005854502201,0.0,135.0,0.0,0.0,63.520636382538065,51.94902641387401,0.0,36.17011165990896,0.0,0.0,0.0,135.30897949976304,0.0,0.0,637.2600231106646,0.0,0.0,0.0
63,15.75,R6Z3,91.46761652251023,0.0,0.0,0.0,0.0,89.08799566840172,117.03273680427961,0.0,18.08505582995448,0.0,0.0,0.0,79.691133887263,0.0,0.0,0.0,0.0,0.0,0.0
63,15.75,R6Z4,66.27871619866924,0.0,0.0,0.0,19.86126945871328,27.926632874104378,59.391442759578624,0.0,18.08505582995448,0.0,0.0,0.0,75.56426257300795,0.0,0.0,0.0,0.0,0.0,0.0
63,15.75,R7Z1,126.36652976100912,0.0,135.0,0.0,0.0,63.77735279903036,203.9461098037285,0.0,18.08505582995448,0.0,0.0,0.0,0.0,0.0,0.0,635.6216708010148,0.0,0.0,0.0
63,15.75,R7Z2,119.53144648285883,0.0,135.0,86.57412904517484,5.161516931960042,0.0,0.0,0.0,0.0,0.0,0.0,0.0,161.09716457036203,0.0,0.0,0.0,0.0,0.0,0.0
63,15.75,R7Z3,98.78818890668262,0.0,0.0,36.02544693495142,157.6249244136595,-7.105427357601002e-15,0.0,0.0,36.17011165990896,0.0,0.0,0.0,137.5784615093343,0.0,0.0,0.0,0.0,0.0,0.0
63,15.75,R7Z4,108.53046398078808,0.0,0.0,0.0,0.0,104.82693372679587,80.51903516983887,0.0,18.08505582995448,0.0,0.0,0.0,67.1262094593912,0.0,0.0,0.0,0.0,0.0,0.0
63,15.75,R7Z5,128.67536509360158,0.0,0.0,0.0,0.0,29.171447842110005,37.250482177099485,0.0,36.17011165990896,0.0,0.0,0.0,0.0,0.0,0.0,0.0,0.0,0.0,0.0
63,15.75,R7Z6,63.03213240354294,0.0,0.0,0.0,0.0,65.92910183001456,46.62605520448692,0.0,36.17011165990896,0.0,0.0,0.0,0.0,0.0,0.0,0.0,0.0,0.0,0.0
63,15.75,R7Z7,96.7223880708739,0.0,0.0,53.21607626676989,121.34526748548497,7.105427357601002e-15,0.0,0.0,0.0,0.0,0.0,0.0,67.4274491283096,0.0,0.0,0.0,0.0,0.0,0.0
63,15.75,R7Z8,91.21487667223657,0.0,0.0,0.0,0.0,79.53561585038274,129.53145395805424,0.0,36.17011165990896,0.0,0.0,0.0,143.2210507884443,0.0,0.0,0.0,0.0,0.0,0.0
63,15.75,R7Z9,114.27549743138339,0.0,0.0,43.10125237246952,3.6640360035965713,11.690414816644214,0.0,0.0,36.17011165990896,0.0,0.0,0.0,78.30754743524965,0.0,0.0,0.0,0.0,0.0,0.0
63,15.75,R8Z1,91.86800196903725,0.0,135.0,46.74371689677365,81.04794861551945,7.105427357601002e-15,0.0,0.0,18.08505582995448,0.0,0.0,0.0,83.38456502084138,0.0,0.0,637.807078443513,0.0,0.0,0.0
63,15.75,R8Z2,142.47379076388603,0.0,135.0,0.0,0.0,58.34400604557229,159.04316305624866,0.0,18.08505582995448,0.0,0.0,0.0,145.26319693049768,0.0,0.0,0.0,0.0,0.0,0.0
63,15.75,R8Z3,128.84935431076505,0.0,0.0,52.32067298653793,89.7516214612604,-7.105427357601002e-15,0.0,0.0,18.08505582995448,0.0,0.0,0.0,169.94764618058878,0.0,0.0,0.0,0.0,0.0,0.0
63,15.75,R8Z4,77.19125618481753,0.0,0.0,46.55567889158334,93.5891088814856,7.105427357601002e-15,0.0,0.0,0.0,0.0,0.0,0.0,0.0,0.0,0.0,0.0,0.0,0.0,0.0
63,15.75,R8Z5,79.06408139870085,0.0,0.0,48.17968260346885,68.22216662739172,-7.105427357601002e-15,0.0,0.0,18.08505582995448,0.0,0.0,0.0,84.57485524960732,0.0,0.0,0.0,0.0,0.0,0.0
63,15.75,R8Z6,103.46870149483145,0.0,0.0,0.0,0.0,29.922994776557765,81.627528005985,0.0,18.08505582995448,0.0,0.0,0.0,0.0,0.0,0.0,0.0,0.0,0.0,0.0
63,15.75,R8Z7,88.72521158956366,0.0,0.0,60.972184943183436,22.42930075457942,-7.105427357601002e-15,0.0,0.0,0.0,0.0,0.0,0.0,78.35719580758338,0.0,0.0,0.0,0.0,0.0,0.0
63,15.75,R8Z8,108.79099043808274,0.0,0.0,0.0,0.0,68.1702942835321,77.82131489798253,0.0,18.08505582995448,0.0,0.0,0.0,83.31059685526976,0.0,0.0,0.0,0.0,0.0,0.0
63,15.75,R9Z1,105.28242123584354,0.0,135.0,0.0,0.0,26.596831794325798,54.90691084945556,0.0,18.08505582995448,0.0,0.0,0.0,0.0,0.0,0.0,636.7134369942099,0.0,0.0,0.0
63,15.75,R9Z2,110.71788931928047,0.0,135.0,0.0,0.0,26.129609545574734,65.93714651038162,0.0,18.08505582995448,0.0,0.0,0.0,74.08352679828933,0.0,0.0,636.7134369942099,0.0,0.0,0.0
63,15.75,R9Z3,83.06900726404776,0.0,0.0,34.88081518654685,36.31387357204658,11.253389753394664,0.0,0.0,36.17011165990896,0.0,0.0,0.0,136.179475721568,0.0,0.0,0.0,0.0,0.0,0.0
63,15.75,R9Z4,136.33466280812937,0.0,0.0,0.0,118.24960697817488,66.299246422477,45.97502679542296,0.0,18.08505582995448,0.0,0.0,0.0,71.42716018497578,0.0,0.0,0.0,0.0,0.0,0.0
63,15.75,R9Z5,72.0805181779468,0.0,0.0,0.0,53.995462347992316,50.7422879187402,25.83459979484016,0.0,18.08505582995448,0.0,0.0,0.0,148.76521478871993,0.0,0.0,0.0,0.0,0.0,0.0
63,15.75,R9Z6,61.59573051551562,0.0,0.0,0.0,43.51067468556114,23.917055174455715,4.186494621919216,0.0,18.08505582995448,0.0,0.0,0.0,158.17110205259016,0.0,0.0,0.0,0.0,0.0,0.0
63,15.75,R9Z7,65.98192814393633,0.0,0.0,0.0,0.0,80.80210413609238,37.28419886032393,0.0,0.0,0.0,0.0,0.0,75.80686278953034,0.0,0.0,0.0,0.0,0.0,0.0
63,15.75,R9Z8,114.18865274537835,0.0,0.0,52.24521483690049,47.17460484063541,0.0,0.0,0.0,18.08505582995448,0.0,0.0,0.0,70.83333086254291,0.0,0.0,0.0,0.0,0.0,0.0
63,15.75,R9Z9,89.36533447846325,0.0,0.0,53.980536855515936,37.21042440526632,0.0,0.0,0.0,0.0,0.0,0.0,0.0,160.74425427599073,0.0,0.0,0.0,0.0,0.0,0.0
63,15.75,R9Z10,83.02669743072163,0.0,0.0,0.0,3.595474291487278,57.92797301002082,132.20687020163572,0.0,0.0,0.0,0.0,0.0,0.0,0.0,0.0,0.0,0.0,0.0,0.0
63,15.75,R9Z11,78.08728731577557,0.0,0.0,0.0,0.0,27.7284594789168,112.5830580917652,0.0,0.0,0.0,0.0,0.0,158.86243649277816,0.0,0.0,0.0,0.0,0.0,0.0
63,15.75,R10Z1,90.71451810536874,0.0,0.0,33.703407344557576,82.04869001724487,7.105427357601002e-15,0.0,0.0,0.0,0.0,0.0,0.0,69.63859040635525,0.0,0.0,635.0764899204039,0.0,0.0,0.0
63,15.75,R10Z2,62.34838654918732,0.0,0.0,0.0,0.0,51.330230890280966,101.55005949716801,0.0,0.0,0.0,0.0,0.0,165.84448692820303,0.0,0.0,636.7134369942099,0.0,0.0,0.0
63,15.75,R10Z3,71.99175029479562,0.0,0.0,92.87070298036488,111.29121279218757,0.0,0.0,0.0,0.0,0.0,0.0,0.0,79.72061053585169,0.0,0.0,0.0,0.0,0.0,0.0
63,15.75,R10Z4,95.06025802950877,0.0,0.0,0.0,0.0,25.177863345225802,35.88589897495094,0.0,36.17011165990896,0.0,0.0,0.0,80.82801933259897,0.0,0.0,0.0,0.0,0.0,0.0
63,15.75,R10Z5,57.026200026517856,0.0,0.0,0.0,0.0,26.666167497758817,152.40250515572905,0.0,36.17011165990896,0.0,0.0,0.0,0.0,0.0,0.0,0.0,0.0,0.0,0.0
63,15.75,R10Z6,73.4848494959549,0.0,0.0,0.0,0.0,63.189445466367296,44.11406043622058,0.0,36.17011165990896,0.0,0.0,0.0,68.5747813596999,0.0,0.0,0.0,0.0,0.0,0.0
63,15.75,R10Z7,76.04770315393424,0.0,0.0,0.0,0.0,26.333381215388112,52.39287608073201,0.0,36.17011165990896,0.0,0.0,0.0,82.96003625842873,0.0,0.0,0.0,0.0,0.0,0.0
63,15.75,R10Z8,75.18266642561123,0.0,0.0,31.627115799255712,32.29599375578791,3.552713678800501e-15,0.0,0.0,0.0,0.0,0.0,0.0,80.27765901086566,0.0,0.0,0.0,0.0,0.0,0.0
63,15.75,R10Z9,109.48815481924956,0.0,0.0,24.1344333918964,44.04583717916743,7.105427357601002e-15,0.0,0.0,18.08505582995448,0.0,0.0,0.0,0.0,0.0,0.0,0.0,0.0,0.0,0.0
63,15.75,R11Z1,99.38482322253229,0.0,135.0,0.0,0.0,64.07229115844908,80.57188487060786,0.0,36.17011165990896,0.0,0.0,0.0,156.72228779856752,0.0,0.0,0.0,0.0,0.0,0.0
63,15.75,R11Z2,74.51538210371254,0.0,135.0,32.38138314943794,40.98899100795717,0.0,0.0,0.0,18.08505582995448,0.0,0.0,0.0,68.64050969272336,0.0,0.0,0.0,0.0,0.0,0.0
63,15.75,R11Z3,82.68206707077505,0.0,0.0,33.851207579607205,11.083191394068503,7.105427357601002e-15,0.0,0.0,18.08505582995448,0.0,0.0,0.0,0.0,0.0,0.0,0.0,0.0,0.0,0.0
63,15.75,R11Z4,130.7023891305954,0.0,0.0,0.0,31.02607826497635,84.56608283058463,3.0990662747081146,0.0,0.0,0.0,0.0,0.0,79.58347090740516,0.0,0.0,0.0,0.0,0.0,0.0
63,15.75,R11Z5,103.89447397653404,0.0,0.0,27.41820328002744,29.452901007410603,0.0,0.0,0.0,18.08505582995448,0.0,0.0,0.0,87.13989248683343,0.0,0.0,0.0,0.0,0.0,0.0
63,15.75,R11Z6,82.9334807455796,0.0,0.0,33.8323984216443,26.55253074339445,0.0,0.0,0.0,0.0,0.0,0.0,0.0,0.0,0.0,0.0,0.0,0.0,0.0,0.0
63,15.75,R11Z7,82.63685736050121,0.0,0.0,33.87568934636914,76.05442579737476,0.0,0.0,0.0,18.08505582995448,0.0,0.0,0.0,0.0,0.0,0.0,0.0,0.0,0.0,0.0
63,15.75,R11Z8,110.99616992522057,0.0,0.0,0.0,0.0,57.41050694343099,134.80189095131234,0.0,18.08505582995448,0.0,0.0,0.0,156.57075811775488,0.0,0.0,0.0,0.0,0.0,0.0
63,15.75,R12Z1,93.32393953858148,0.0,135.0,81.18662264186435,9.813130091445142,0.0,0.0,0.0,36.17011165990896,0.0,0.0,0.0,135.1627512661813,0.0,0.0,0.0,0.0,0.0,0.0
63,15.75,R12Z2,110.36681338436684,0.0,135.0,0.0,0.0,26.332256370137728,39.7294042074878,0.0,18.08505582995448,0.0,0.0,0.0,86.21521002221031,0.0,0.0,0.0,0.0,0.0,0.0
63,15.75,R12Z3,77.40834479677724,0.0,0.0,0.0,0.0,113.02892470599531,32.07571756247769,0.0,18.08505582995448,0.0,0.0,0.0,156.22210608142527,0.0,0.0,0.0,0.0,0.0,0.0
63,15.75,R12Z4,84.27812641662027,0.0,0.0,101.5830918808903,36.95646453762381,1.4210854715202004e-14,0.0,0.0,0.0,0.0,0.0,0.0,0.0,0.0,0.0,0.0,0.0,0.0,0.0
63,15.75,R12Z5,80.65753959314243,0.0,0.0,32.344852628496,53.59266777495327,7.105427357601002e-15,0.0,0.0,0.0,0.0,0.0,0.0,147.89831646854532,0.0,0.0,0.0,0.0,0.0,0.0
63,15.75,R12Z6,93.39117562928287,0.0,0.0,0.0,0.0,60.6637848852351,67.16035366229536,0.0,0.0,0.0,0.0,0.0,0.0,0.0,0.0,0.0,0.0,0.0,0.0
63,15.75,R12Z7,80.56172729498516,0.0,0.0,0.0,0.0,85.94093024688625,63.245054240966034,0.0,36.17011165990896,0.0,0.0,0.0,0.0,0.0,0.0,0.0,0.0,0.0,0.0
63,15.75,R12Z8,121.64245761192053,0.0,0.0,0.0,0.0,54.542225134924706,93.15398069405052,0.0,0.0,0.0,0.0,0.0,71.43579944857134,0.0,0.0,0.0,0.0,0.0,0.0
63,15.75,R12Z9,85.43188396802388,0.0,0.0,35.059984452869045,82.24571504116352,0.0,0.0,0.0,36.17011165990896,0.0,0.0,0.0,162.0823318164715,0.0,0.0,0.0,0.0,0.0,0.0
64,16.0,R1Z1,101.30794274479743,0.0,0.0,89.79324753977329,192.00785752428015,2.842170943040401e-14,0.0,0.0,63.23285590775265,0.0,0.0,0.0,148.059306321831,0.0,0.0,576.3690277944605,0.0,0.0,0.0
64,16.0,R1Z2,51.86596401940386,0.0,0.0,29.64035945629206,90.10148477476812,-7.105427357601002e-15,0.0,0.0,63.23285590775265,0.0,0.9322810770017629,0.0,200.85641902900448,0.0,0.0,0.0,0.0,0.0,0.0
64,16.0,R1Z3,117.28570791730881,0.0,0.0,0.0,0.0,67.65744186269767,37.156999773502356,0.0,31.616427953876325,0.0,0.9322810770017629,0.0,200.85641902900448,0.0,0.0,0.0,0.0,0.0,0.0
64,16.0,R1Z4,88.18048499505186,0.0,0.0,0.0,0.0,83.24688029321113,69.94318331899049,0.0,63.23285590775265,0.0,0.0,0.0,0.0,0.0,0.0,0.0,0.0,0.0,0.0
64,16.0,R1Z5,80.10577915675704,0.0,0.0,65.82808651725122,55.82746360342716,0.0,0.0,0.0,63.23285590775265,0.0,0.0,0.0,0.0,0.0,0.0,0.0,0.0,0.0,0.0
64,16.0,R1Z6,78.02417215842789,0.0,0.0,94.75730526586959,16.77767255626081,0.0,0.0,0.0,0.0,0.0,0.46614053850088144,0.0,100.42820951450224,0.0,0.0,0.0,0.0,0.0,0.0
64,16.0,R1Z7,72.00271184904982,0.0,0.0,26.769347793039323,0.0,0.0,0.0,0.0,31.616427953876325,0.0,0.46614053850088144,0.0,100.42820951450224,0.0,0.0,0.0,0.0,0.0,0.0
64,16.0,R1Z8,71.69161580821103,0.0,0.0,0.0,121.92577772153781,28.376416778860325,26.838563372754564,0.0,0.0,0.0,0.0,0.0,0.0,0.0,0.0,0.0,0.0,0.0,0.0
64,16.0,R1Z9,104.5926806413589,0.0,0.0,49.06314877614937,54.39578388104963,7.105427357601002e-15,0.0,0.0,0.0,0.0,0.9322810770017629,0.0,200.85641902900448,0.0,0.0,0.0,0.0,0.0,0.0
64,16.0,R1Z10,90.36260944989564,0.0,0.0,92.56567872538477,26.548187732948367,0.0,0.0,0.0,0.0,0.0,0.9322810770017629,0.0,200.85641902900448,0.0,0.0,0.0,0.0,0.0,0.0
64,16.0,R2Z1,103.7361302806215,0.0,135.0,100.41698183181543,105.20085018119289,0.0,0.0,0.0,0.0,0.0,0.0,0.0,72.84641159526723,0.0,0.0,638.3546033955535,0.0,0.0,0.0
64,16.0,R2Z2,89.14146492179256,0.0,135.0,0.0,0.0,70.29875068691356,44.50991560468137,0.0,0.0,0.0,0.0,0.0,78.73437996826844,0.0,0.0,635.0764899204039,0.0,0.0,0.0
64,16.0,R2Z3,109.94017201658181,0.0,0.0,0.0,0.0,96.3312057372201,22.685168570291076,0.0,31.616427953876325,0.0,0.0,0.0,68.15574026572533,0.0,0.0,0.0,0.0,0.0,0.0
64,16.0,R2Z4,87.6988474981809,0.0,0.0,0.0,0.0,29.861781701243807,157.75461899248444,0.0,63.23285590775265,0.0,0.0,0.0,0.0,0.0,0.0,0.0,0.0,0.0,0.0
64,16.0,R2Z5,99.30311497943138,0.0,0.0,0.0,0.0,36.530100589829914,106.35782989896562,0.0,31.616427953876325,0.0,0.0,0.0,0.0,0.0,0.0,0.0,0.0,0.0,0.0
64,16.0,R2Z6,56.63176177890518,0.0,0.0,60.120643958230886,29.392814595723888,0.0,0.0,0.0,63.23285590775265,0.0,0.0,0.0,164.5610080121236,0.0,0.0,0.0,0.0,0.0,0.0
64,16.0,R2Z7,95.75336181419183,0.0,0.0,0.0,0.0,35.44675497565751,56.197233037569845,0.0,63.23285590775265,0.0,0.0,0.0,84.08084990900176,0.0,0.0,0.0,0.0,0.0,0.0
64,16.0,R2Z8,102.22514060345182,0.0,0.0,0.0,0.0,79.47240979025118,22.554033649892258,0.0,0.0,0.0,0.0,0.0,86.64230462136099,0.0,0.0,0.0,0.0,0.0,0.0
64,16.0,R2Z9,74.1622667196771,0.0,0.0,0.0,33.294766217063156,30.569882158575453,134.17274201045666,0.0,31.616427953876325,0.0,0.0,0.0,79.24450112358087,0.0,0.0,0.0,0.0,0.0,0.0
64,16.0,R3Z1,90.31939240445409,0.0,0.0,112.66498092270209,18.013150305833797,-1.4210854715202004e-14,0.0,0.0,0.0,0.0,0.0,0.0,0.0,0.0,0.0,0.0,0.0,0.0,0.0
64,16.0,R3Z2,84.20454079645756,0.0,0.0,83.5256951654919,83.62916457511227,0.0,0.0,0.0,63.23285590775265,0.0,0.0,0.0,157.84346147994836,0.0,0.0,0.0,0.0,0.0,0.0
64,16.0,R3Z3,85.82110115887049,0.0,0.0,30.859343753596185,25.732354025696587,3.552713678800501e-15,0.0,0.0,31.616427953876325,0.0,0.0,0.0,0.0,0.0,0.0,0.0,0.0,0.0,0.0
64,16.0,R4Z1,123.51107093340815,0.0,135.0,0.0,0.0,22.48448088552384,102.66494229249689,0.0,63.23285590775265,0.0,0.0,0.0,78.0908051622804,0.0,0.0,0.0,0.0,0.0,0.0
64,16.0,R4Z2,127.74433489999815,0.0,0.0,74.82561051292961,57.70293435545411,14.726481563814204,0.0,0.0,63.23285590775265,0.0,0.0,0.0,154.3743455153412,0.0,0.0,0.0,0.0,0.0,0.0
64,16.0,R4Z3,118.46609311644703,0.0,0.0,0.0,0.0,49.38881739884385,123.51279180802473,0.0,0.0,0.0,0.0,0.0,0.0,0.0,0.0,0.0,0.0,0.0,0.0
64,16.0,R4Z4,113.31932827574991,0.0,0.0,0.0,0.0,27.001147704508174,51.75080150857958,0.0,0.0,0.0,0.0,0.0,0.0,0.0,0.0,0.0,0.0,0.0,0.0
64,16.0,R4Z5,83.12464801119901,0.0,0.0,0.0,114.92984799520879,31.23155145572685,26.644415098429718,0.0,63.23285590775265,0.0,0.0,0.0,0.0,0.0,0.0,0.0,0.0,0.0,0.0
64,16.0,R4Z6,57.55362439352426,0.0,0.0,0.0,0.0,58.01666686957436,21.83041535433031,0.0,63.23285590775265,0.0,0.0,0.0,146.92290346508244,0.0,0.0,0.0,0.0,0.0,0.0
64,16.0,R4Z7,116.977306485997,0.0,0.0,0.0,0.0,60.46477923727507,171.46345140477797,0.0,63.23285590775265,0.0,0.0,0.0,0.0,0.0,0.0,0.0,0.0,0.0,0.0
64,16.0,R4Z8,125.13833523734878,0.0,0.0,0.0,0.0,51.75781706134391,58.832083774020916,0.0,63.23285590775265,0.0,0.0,0.0,0.0,0.0,0.0,0.0,0.0,0.0,0.0
64,16.0,R4Z9,122.39888621819868,0.0,0.0,56.1708849849704,143.83461172414246,0.0,0.0,0.0,0.0,0.0,0.0,0.0,85.04053343468931,0.0,0.0,0.0,0.0,0.0,0.0
64,16.0,R4Z10,82.41689591567061,0.0,0.0,0.0,0.0,24.012852410869357,195.06594676433775,0.0,0.0,0.0,0.0,0.0,86.63285173215334,0.0,0.0,0.0,0.0,0.0,0.0
64,16.0,R4Z11,109.41663181886341,0.0,0.0,51.26166358742735,59.70830054184758,0.0,0.0,0.0,31.616427953876325,0.0,0.0,0.0,80.14734150272885,0.0,0.0,0.0,0.0,0.0,0.0
64,16.0,R5Z1,105.66918845946397,0.0,135.0,0.0,0.0,90.3845719986225,50.48363515353755,0.0,0.0,0.0,0.0,0.0,69.97169125082142,0.0,0.0,0.0,0.0,0.0,0.0
64,16.0,R5Z2,107.04626047696618,0.0,135.0,23.5750616611073,63.61115000854926,3.552713678800501e-15,0.0,0.0,31.616427953876325,0.0,0.0,0.0,166.48530534744157,0.0,0.0,0.0,0.0,0.0,0.0
64,16.0,R5Z3,161.5392226254279,0.0,0.0,0.0,0.0,77.40572437460551,196.39655106065345,0.0,31.616427953876325,0.0,0.0,0.0,141.21160871346453,0.0,0.0,0.0,0.0,0.0,0.0
64,16.0,R5Z4,135.82720397152983,0.0,0.0,0.0,0.0,83.69201053210436,42.44802980868104,0.0,63.23285590775265,0.0,0.0,0.0,0.0,0.0,0.0,0.0,0.0,0.0,0.0
64,16.0,R5Z5,102.04036620780786,0.0,0.0,4.2494366298958255,104.89495606384331,27.024339769281145,0.0,0.0,31.616427953876325,0.0,0.0,0.0,77.68897165458756,0.0,0.0,0.0,0.0,0.0,0.0
64,16.0,R5Z6,112.34246371523801,0.0,0.0,0.0,0.0,29.432757418310654,120.64606110545184,0.0,63.23285590775265,0.0,0.0,0.0,157.70158034544087,0.0,0.0,0.0,0.0,0.0,0.0
64,16.0,R5Z7,109.16771732671799,0.0,0.0,0.0,0.0,49.74834856248179,47.52209528930202,0.0,0.0,0.0,0.0,0.0,85.55876929215948,0.0,0.0,0.0,0.0,0.0,0.0
64,16.0,R5Z8,123.03353749794216,0.0,0.0,53.3509579573732,77.53461805103603,7.105427357601002e-15,0.0,0.0,31.616427953876325,0.0,0.0,0.0,159.2450938007414,0.0,0.0,0.0,0.0,0.0,0.0
64,16.0,R5Z9,109.30634846191359,0.0,0.0,73.59696907824504,99.95633729453446,0.0,0.0,0.0,0.0,0.0,0.0,0.0,82.96822269747157,0.0,0.0,0.0,0.0,0.0,0.0
64,16.0,R6Z1,80.17491180675853,0.0,135.0,0.0,0.0,53.5750322509283,35.934475359054275,0.0,0.0,0.0,0.0,0.0,0.0,0.0,0.0,636.1673196916959,0.0,0.0,0.0
64,16.0,R6Z2,83.39995879448595,0.0,135.0,0.0,0.0,59.974244144018996,36.21936909628585,0.0,63.23285590775265,0.0,0.0,0.0,135.15767329501548,0.0,0.0,636.7134369942099,0.0,0.0,0.0
64,16.0,R6Z3,83.36773357222967,0.0,0.0,92.85181458338938,44.18833781622904,1.4210854715202004e-14,0.0,0.0,31.616427953876325,0.0,0.0,0.0,79.60202107993057,0.0,0.0,0.0,0.0,0.0,0.0
64,16.0,R6Z4,72.60896698933901,0.0,0.0,0.0,0.0,26.04082187993409,60.49874559784565,0.0,31.616427953876325,0.0,0.0,0.0,75.47976454614573,0.0,0.0,0.0,0.0,0.0,0.0
64,16.0,R7Z1,106.30329680245424,0.0,135.0,0.0,0.0,55.09872794043085,72.95230157765805,0.0,31.616427953876325,0.0,0.0,0.0,0.0,0.0,0.0,635.0764899204039,0.0,0.0,0.0
64,16.0,R7Z2,115.51800276939471,0.0,135.0,0.0,0.0,71.78158307818809,56.07683011315476,0.0,0.0,0.0,0.0,0.0,160.91702131115744,0.0,0.0,0.0,0.0,0.0,0.0
64,16.0,R7Z3,102.39923543429671,0.0,0.0,0.0,0.0,27.662548966814636,87.78909311570699,0.0,63.23285590775265,0.0,0.0,0.0,137.42461750768013,0.0,0.0,0.0,0.0,0.0,0.0
64,16.0,R7Z4,115.57285588782163,0.0,0.0,16.648981246053594,106.61172911578122,69.45178828708289,0.0,0.0,31.616427953876325,0.0,0.0,0.0,67.0511470944991,0.0,0.0,0.0,0.0,0.0,0.0
64,16.0,R7Z5,108.78434787662952,0.0,0.0,25.237983689389466,144.5707171417459,3.552713678800501e-15,0.0,0.0,63.23285590775265,0.0,0.0,0.0,0.0,0.0,0.0,0.0,0.0,0.0,0.0
64,16.0,R7Z6,74.80785818549101,0.0,0.0,0.0,0.0,50.239421912991475,81.9755274679818,0.0,63.23285590775265,0.0,0.0,0.0,0.0,0.0,0.0,0.0,0.0,0.0,0.0
64,16.0,R7Z7,100.10411945679594,0.0,0.0,0.0,0.0,43.4730900492918,45.63599401039026,0.0,0.0,0.0,0.0,0.0,67.35204990897374,0.0,0.0,0.0,0.0,0.0,0.0
64,16.0,R7Z8,91.80480887602809,0.0,0.0,0.0,0.0,88.16735613487813,18.961533245019293,0.0,63.23285590775265,0.0,0.0,0.0,143.0608970890012,0.0,0.0,0.0,0.0,0.0,0.0
64,16.0,R7Z9,127.17202135057416,0.0,0.0,0.0,0.0,54.25131594739369,48.38094526662502,0.0,63.23285590775265,0.0,0.0,0.0,78.21998179216135,0.0,0.0,0.0,0.0,0.0,0.0
64,16.0,R8Z1,115.1946298392327,0.0,135.0,0.0,0.0,46.68729539860331,103.98800873829265,0.0,31.616427953876325,0.0,0.0,0.0,83.29132211771349,0.0,0.0,637.2600231106646,0.0,0.0,0.0
64,16.0,R8Z2,158.7714512609183,0.0,135.0,0.0,0.0,61.2634087049381,142.19736053566723,0.0,31.616427953876325,0.0,0.0,0.0,145.100759647338,0.0,0.0,0.0,0.0,0.0,0.0
64,16.0,R8Z3,124.54105061176283,0.0,0.0,59.565361474138385,108.50372402591985,0.0,0.0,0.0,31.616427953876325,0.0,0.0,0.0,169.75760607057958,0.0,0.0,0.0,0.0,0.0,0.0
64,16.0,R8Z4,99.02426308582815,0.0,0.0,53.99381138212628,90.63871231913252,0.0,0.0,0.0,0.0,0.0,0.0,0.0,0.0,0.0,0.0,0.0,0.0,0.0,0.0
64,16.0,R8Z5,92.81062251626314,0.0,0.0,0.0,8.276555293585943,46.94819846779958,10.722847495597264,0.0,31.616427953876325,0.0,0.0,0.0,84.4802813313633,0.0,0.0,0.0,0.0,0.0,0.0
64,16.0,R8Z6,108.83819043306355,0.0,0.0,26.204308434558868,74.28907815121661,3.552713678800501e-15,0.0,0.0,31.616427953876325,0.0,0.0,0.0,0.0,0.0,0.0,0.0,0.0,0.0,0.0
64,16.0,R8Z7,78.53591970074208,0.0,0.0,0.0,0.0,66.96220265490388,60.13069522404217,0.0,0.0,0.0,0.0,0.0,78.26957464632609,0.0,0.0,0.0,0.0,0.0,0.0
64,16.0,R8Z8,103.4539913561256,0.0,0.0,0.0,0.0,59.094399728510815,51.70602954402889,0.0,31.616427953876325,0.0,0.0,0.0,83.21743666536938,0.0,0.0,0.0,0.0,0.0,0.0
64,16.0,R9Z1,97.74412935084663,0.0,135.0,0.0,0.0,22.70771598629751,43.62369607181891,0.0,31.616427953876325,0.0,0.0,0.0,0.0,0.0,0.0,636.1673196916959,0.0,0.0,0.0
64,16.0,R9Z2,111.99053700318103,0.0,135.0,0.0,0.0,26.160529356276925,58.620645392284445,0.0,31.616427953876325,0.0,0.0,0.0,74.00068457070321,0.0,0.0,636.1673196916959,0.0,0.0,0.0
64,16.0,R9Z3,78.64846241029986,0.0,0.0,0.0,15.415606502547206,46.37853346953416,23.401607138771226,0.0,63.23285590775265,0.0,0.0,0.0,136.02719610411674,0.0,0.0,0.0,0.0,0.0,0.0
64,16.0,R9Z4,120.89949189018039,0.0,0.0,0.0,32.52494811198508,66.81589151419024,116.71618147924283,0.0,31.616427953876325,0.0,0.0,0.0,71.34728837925054,0.0,0.0,0.0,0.0,0.0,0.0
64,16.0,R9Z5,64.78135446746418,0.0,0.0,0.0,0.0,47.35317989096603,121.70446037717281,0.0,31.616427953876325,0.0,0.0,0.0,148.59886145332894,0.0,0.0,0.0,0.0,0.0,0.0
64,16.0,R9Z6,63.711107455769195,0.0,0.0,0.0,0.0,22.288265594460043,26.752604563495975,0.0,31.616427953876325,0.0,0.0,0.0,157.9942307965893,0.0,0.0,0.0,0.0,0.0,0.0
64,16.0,R9Z7,75.84247239001361,0.0,0.0,82.16781102174389,50.65112950612752,0.0,0.0,0.0,0.0,0.0,0.0,0.0,75.7220934804652,0.0,0.0,0.0,0.0,0.0,0.0
64,16.0,R9Z8,122.33137726760664,0.0,0.0,0.0,0.0,55.438804809954995,22.579150307057265,0.0,31.616427953876325,0.0,0.0,0.0,70.75412309302116,0.0,0.0,0.0,0.0,0.0,0.0
64,16.0,R9Z9,86.50699573093628,0.0,0.0,0.0,0.0,57.16430253874397,44.993262882799385,0.0,0.0,0.0,0.0,0.0,160.56450565073766,0.0,0.0,0.0,0.0,0.0,0.0
64,16.0,R9Z10,76.19395873142709,0.0,0.0,0.0,0.0,51.84044765642786,165.71114456211652,0.0,0.0,0.0,0.0,0.0,0.0,0.0,0.0,0.0,0.0,0.0,0.0
64,16.0,R9Z11,82.08432017107121,0.0,0.0,25.14349227207947,157.03939632251212,-7.105427357601002e-15,0.0,0.0,0.0,0.0,0.0,0.0,158.6847921676821,0.0,0.0,0.0,0.0,0.0,0.0
64,16.0,R10Z1,111.15562000290228,0.0,0.0,0.0,0.0,31.3749801810451,96.96353797829485,0.0,0.0,0.0,0.0,0.0,69.56071862831575,0.0,0.0,634.5317766484449,0.0,0.0,0.0
64,16.0,R10Z2,64.4588646212126,0.0,0.0,0.0,0.0,48.852633806281986,143.14142050365732,0.0,0.0,0.0,0.0,0.0,165.6590350831874,0.0,0.0,636.1673196916959,0.0,0.0,0.0
64,16.0,R10Z3,82.356115580428,0.0,0.0,0.0,0.0,90.14301275694592,77.41785097925154,0.0,0.0,0.0,0.0,0.0,79.63146476692393,0.0,0.0,0.0,0.0,0.0,0.0
64,16.0,R10Z4,86.3751400472244,0.0,0.0,25.984431514675784,51.58307456834347,0.0,0.0,0.0,63.23285590775265,0.0,0.0,0.0,80.7376352288411,0.0,0.0,0.0,0.0,0.0,0.0
64,16.0,R10Z5,48.77303471726072,0.0,0.0,0.0,0.0,27.72068519353018,179.04018096635835,0.0,63.23285590775265,0.0,0.0,0.0,0.0,0.0,0.0,0.0,0.0,0.0,0.0
64,16.0,R10Z6,73.64851253939686,0.0,0.0,0.0,0.0,58.01827253670165,38.25411470535425,0.0,63.23285590775265,0.0,0.0,0.0,68.49809916205648,0.0,0.0,0.0,0.0,0.0,0.0
64,16.0,R10Z7,75.3483314913189,0.0,0.0,22.74029926264504,117.52445828000495,-3.552713678800501e-15,0.0,0.0,63.23285590775265,0.0,0.0,0.0,82.86726807498378,0.0,0.0,0.0,0.0,0.0,0.0
64,16.0,R10Z8,79.02378544826432,0.0,0.0,31.050077587404786,49.4739185157199,3.552713678800501e-15,0.0,0.0,0.0,0.0,0.0,0.0,80.1878903350848,0.0,0.0,0.0,0.0,0.0,0.0
64,16.0,R10Z9,90.33868917875157,0.0,0.0,0.0,0.0,26.01219397857807,65.36314564322922,0.0,31.616427953876325,0.0,0.0,0.0,0.0,0.0,0.0,0.0,0.0,0.0,0.0
64,16.0,R11Z1,75.17262728813827,0.0,135.0,0.0,0.0,60.311144306714255,55.48413788005353,0.0,63.23285590775265,0.0,0.0,0.0,156.54703664632453,0.0,0.0,0.0,0.0,0.0,0.0
64,16.0,R11Z2,90.13500390007134,0.0,135.0,0.0,0.0,31.466253260565605,27.234166120364378,0.0,31.616427953876325,0.0,0.0,0.0,68.56375399585875,0.0,0.0,0.0,0.0,0.0,0.0
64,16.0,R11Z3,89.44708414107403,0.0,0.0,30.258688138321002,0.0,0.0,0.0,0.0,31.616427953876325,0.0,0.0,0.0,0.0,0.0,0.0,0.0,0.0,0.0,0.0
64,16.0,R11Z4,118.1668886165528,0.0,0.0,41.23786040839907,104.5009962570304,44.05469689327046,0.0,0.0,0.0,0.0,0.0,0.0,79.4944784917639,0.0,0.0,0.0,0.0,0.0,0.0
64,16.0,R11Z5,100.5485117091471,0.0,0.0,25.875640083896542,25.064205912802734,-3.552713678800501e-15,0.0,0.0,31.616427953876325,0.0,0.0,0.0,87.04245027373688,0.0,0.0,0.0,0.0,0.0,0.0
64,16.0,R11Z6,95.3576915592287,0.0,0.0,33.52223899354359,6.370321063214115,0.0,0.0,0.0,0.0,0.0,0.0,0.0,0.0,0.0,0.0,0.0,0.0,0.0,0.0
64,16.0,R11Z7,113.5154887949115,0.0,0.0,0.0,20.020933050753456,25.990207707775156,96.9430062317729,0.0,31.616427953876325,0.0,0.0,0.0,0.0,0.0,0.0,0.0,0.0,0.0,0.0
64,16.0,R11Z8,114.6395199570673,0.0,0.0,0.0,0.0,55.56695732540016,114.11312455803606,0.0,31.616427953876325,0.0,0.0,0.0,156.39567641014887,0.0,0.0,0.0,0.0,0.0,0.0
64,16.0,R12Z1,116.65777925868369,0.0,135.0,0.0,0.0,67.41076218288845,141.87306399661878,0.0,63.23285590775265,0.0,0.0,0.0,135.01160857784728,0.0,0.0,0.0,0.0,0.0,0.0
64,16.0,R12Z2,111.57558707387533,0.0,135.0,0.0,48.14966408614397,25.716277243693124,93.38551578125346,0.0,31.616427953876325,0.0,0.0,0.0,86.11880181435743,0.0,0.0,0.0,0.0,0.0,0.0
64,16.0,R12Z3,72.61515167158106,0.0,0.0,90.47140532039063,51.684772787968065,-1.4210854715202004e-14,0.0,0.0,31.616427953876325,0.0,0.0,0.0,156.04741424607008,0.0,0.0,0.0,0.0,0.0,0.0
64,16.0,R12Z4,112.23882735158786,0.0,0.0,0.0,0.0,93.34542542016544,10.938465302206577,0.0,0.0,0.0,0.0,0.0,0.0,0.0,0.0,0.0,0.0,0.0,0.0
64,16.0,R12Z5,109.30586256416939,0.0,0.0,0.0,0.0,29.869615710732592,49.53180200789124,0.0,0.0,0.0,0.0,0.0,147.7329325225859,0.0,0.0,0.0,0.0,0.0,0.0
64,16.0,R12Z6,86.46542388322948,0.0,0.0,0.0,0.0,49.83557547920966,98.3676117595616,0.0,0.0,0.0,0.0,0.0,0.0,0.0,0.0,0.0,0.0,0.0,0.0
64,16.0,R12Z7,79.74049548130067,0.0,0.0,0.0,0.0,83.24736519325394,61.09214356355038,0.0,63.23285590775265,0.0,0.0,0.0,0.0,0.0,0.0,0.0,0.0,0.0,0.0
64,16.0,R12Z8,147.75173950038575,0.0,0.0,0.0,65.1700934298591,52.87852673436521,12.327909035276988,0.0,0.0,0.0,0.0,0.0,71.35591798218508,0.0,0.0,0.0,0.0,0.0,0.0
64,16.0,R12Z9,60.12331533132126,0.0,0.0,30.192787765958514,155.4384820461563,0.0,0.0,0.0,63.23285590775265,0.0,0.0,0.0,161.9010869162849,0.0,0.0,0.0,0.0,0.0,0.0
65,16.25,R1Z1,93.66914333233402,0.0,0.0,84.48580669314504,217.24447213302426,0.0,0.0,0.0,50.424989703799596,0.0,0.0,0.0,147.89374235261081,0.0,0.0,575.8746686676959,0.0,0.0,0.0
65,16.25,R1Z2,41.351732373097214,0.0,0.0,23.430481885407858,136.1270612041223,1.0658141036401503e-14,0.0,0.0,50.424989703799596,0.0,0.9322810770017629,0.0,200.85641902900448,0.0,0.0,0.0,0.0,0.0,0.0
65,16.25,R1Z3,112.41685960941022,0.0,0.0,78.72914315153062,49.963030012805945,1.4210854715202004e-14,0.0,0.0,25.212494851899798,0.0,0.9322810770017629,0.0,200.85641902900448,0.0,0.0,0.0,0.0,0.0,0.0
65,16.25,R1Z4,100.49147225398487,0.0,0.0,82.90023349322462,65.46976718053918,-1.4210854715202004e-14,0.0,0.0,50.424989703799596,0.0,0.0,0.0,0.0,0.0,0.0,0.0,0.0,0.0,0.0
65,16.25,R1Z5,38.892543050172854,0.0,0.0,51.52880945542556,25.371209548761154,7.105427357601002e-15,0.0,0.0,50.424989703799596,0.0,0.0,0.0,0.0,0.0,0.0,0.0,0.0,0.0,0.0
65,16.25,R1Z6,86.2977340194929,0.0,0.0,0.0,0.0,74.12794607064461,79.49671453878241,0.0,0.0,0.0,0.46614053850088144,0.0,100.42820951450224,0.0,0.0,0.0,0.0,0.0,0.0
65,16.25,R1Z7,88.56764983716215,0.0,0.0,0.0,0.0,23.122987998098207,28.195201268898323,0.0,25.212494851899798,0.0,0.46614053850088144,0.0,100.42820951450224,0.0,0.0,0.0,0.0,0.0,0.0
65,16.25,R1Z8,83.40274520188005,0.0,0.0,0.0,0.0,30.904552344225063,105.11738713820928,0.0,0.0,0.0,0.0,0.0,0.0,0.0,0.0,0.0,0.0,0.0,0.0
65,16.25,R1Z9,102.80354787924483,0.0,0.0,0.0,109.97684505104687,61.50074443065051,19.539079482403054,0.0,0.0,0.0,0.9322810770017629,0.0,200.85641902900448,0.0,0.0,0.0,0.0,0.0,0.0
65,16.25,R1Z10,81.26555410486979,0.0,0.0,102.90252267985908,30.41077029091734,0.0,0.0,0.0,0.0,0.0,0.9322810770017629,0.0,200.85641902900448,0.0,0.0,0.0,0.0,0.0,0.0
65,16.25,R2Z1,134.8538628172771,0.0,135.0,0.0,5.484035088771691,104.96163799208732,53.187220586303525,0.0,0.0,0.0,0.0,0.0,72.76495274376522,0.0,0.0,637.807078443513,0.0,0.0,0.0
65,16.25,R2Z2,89.3749490431587,0.0,135.0,0.0,0.0,65.85661796644384,12.809675101337547,0.0,0.0,0.0,0.0,0.0,78.64633702935785,0.0,0.0,634.5317766484449,0.0,0.0,0.0
65,16.25,R2Z3,103.77073807562482,0.0,0.0,104.19619603003596,55.64755326088527,0.0,0.0,0.0,25.212494851899798,0.0,0.0,0.0,68.07952665130378,0.0,0.0,0.0,0.0,0.0,0.0
65,16.25,R2Z4,92.68619389683076,0.0,0.0,28.85930969183312,104.15203765740355,7.105427357601002e-15,0.0,0.0,50.424989703799596,0.0,0.0,0.0,0.0,0.0,0.0,0.0,0.0,0.0,0.0
65,16.25,R2Z5,89.48352749915414,0.0,0.0,0.0,0.7532718279807966,36.21464714394861,127.04044648492858,0.0,25.212494851899798,0.0,0.0,0.0,0.0,0.0,0.0,0.0,0.0,0.0,0.0
65,16.25,R2Z6,62.37951242001843,0.0,0.0,63.96558092793311,45.62451085702954,7.105427357601002e-15,0.0,0.0,50.424989703799596,0.0,0.0,0.0,164.37699138836516,0.0,0.0,0.0,0.0,0.0,0.0
65,16.25,R2Z7,79.40115527616533,0.0,0.0,0.0,0.0,29.560034062322504,59.29612968597028,0.0,50.424989703799596,0.0,0.0,0.0,83.98682840105222,0.0,0.0,0.0,0.0,0.0,0.0
65,16.25,R2Z8,98.87379133718161,0.0,0.0,0.0,0.0,80.58599589585188,42.79005670300105,0.0,0.0,0.0,0.0,0.0,86.5454188246363,0.0,0.0,0.0,0.0,0.0,0.0
65,16.25,R2Z9,67.13762413888699,0.0,0.0,29.894578956894335,106.46058786444208,1.4210854715202004e-14,0.0,0.0,25.212494851899798,0.0,0.0,0.0,79.15588775323066,0.0,0.0,0.0,0.0,0.0,0.0
65,16.25,R3Z1,90.50856451431275,0.0,0.0,0.0,0.0,99.33020043307017,13.928345663068233,0.0,0.0,0.0,0.0,0.0,0.0,0.0,0.0,0.0,0.0,0.0,0.0
65,16.25,R3Z2,74.7216280804402,0.0,0.0,0.0,0.0,67.02051098048254,11.455115208386427,0.0,50.424989703799596,0.0,0.0,0.0,157.6669566006045,0.0,0.0,0.0,0.0,0.0,0.0
65,16.25,R3Z3,86.33969461707436,0.0,0.0,25.520777683132415,44.973718141881925,0.0,0.0,0.0,25.212494851899798,0.0,0.0,0.0,0.0,0.0,0.0,0.0,0.0,0.0,0.0
65,16.25,R4Z1,128.2424474872521,0.0,135.0,0.0,0.0,20.582579535175856,170.30250638053198,0.0,50.424989703799596,0.0,0.0,0.0,78.00348188633473,0.0,0.0,0.0,0.0,0.0,0.0
65,16.25,R4Z2,137.61763471105422,0.0,0.0,87.65836657916743,42.15947077115872,0.0,0.0,0.0,50.424989703799596,0.0,0.0,0.0,154.20171989643055,0.0,0.0,0.0,0.0,0.0,0.0
65,16.25,R4Z3,113.32974981574107,0.0,0.0,0.0,0.0,43.818919472716594,210.35486686053784,0.0,0.0,0.0,0.0,0.0,0.0,0.0,0.0,0.0,0.0,0.0,0.0
65,16.25,R4Z4,113.73343882609446,0.0,0.0,0.0,0.0,27.741455517298537,21.606419449984973,0.0,0.0,0.0,0.0,0.0,0.0,0.0,0.0,0.0,0.0,0.0,0.0
65,16.25,R4Z5,65.52499173547166,0.0,0.0,0.0,0.0,31.311738450915573,165.07548618758543,0.0,50.424989703799596,0.0,0.0,0.0,0.0,0.0,0.0,0.0,0.0,0.0,0.0
65,16.25,R4Z6,67.45565565278106,0.0,0.0,0.0,0.0,55.898429400807316,45.48119764621391,0.0,50.424989703799596,0.0,0.0,0.0,146.7586102526439,0.0,0.0,0.0,0.0,0.0,0.0
65,16.25,R4Z7,123.00834386410894,0.0,0.0,0.0,37.64333299413103,59.06249633289492,2.9998089456706225,0.0,50.424989703799596,0.0,0.0,0.0,0.0,0.0,0.0,0.0,0.0,0.0,0.0
65,16.25,R4Z8,83.4124643779102,0.0,0.0,0.0,0.0,49.312776720865536,13.986568836884539,0.0,50.424989703799596,0.0,0.0,0.0,0.0,0.0,0.0,0.0,0.0,0.0,0.0
65,16.25,R4Z9,140.84010860074542,0.0,0.0,53.431036637923285,186.77244449067678,-1.4210854715202004e-14,0.0,0.0,0.0,0.0,0.0,0.0,84.94543878235152,0.0,0.0,0.0,0.0,0.0,0.0
65,16.25,R4Z10,69.81315359147374,0.0,0.0,19.95385840065481,123.76584339062896,-1.0658141036401503e-14,0.0,0.0,0.0,0.0,0.0,0.0,86.53597650590811,0.0,0.0,0.0,0.0,0.0,0.0
65,16.25,R4Z11,89.7196521713017,0.0,0.0,0.0,0.0,43.98229149740991,95.97008259973717,0.0,25.212494851899798,0.0,0.0,0.0,80.05771855155282,0.0,0.0,0.0,0.0,0.0,0.0
65,16.25,R5Z1,107.92284768166878,0.0,135.0,84.3966564326428,67.3009223259815,0.0,0.0,0.0,0.0,0.0,0.0,0.0,69.89344699029954,0.0,0.0,0.0,0.0,0.0,0.0
65,16.25,R5Z2,111.91503928340174,0.0,135.0,0.0,0.0,21.681600437837794,36.30555944674648,0.0,25.212494851899798,0.0,0.0,0.0,166.29913692172815,0.0,0.0,0.0,0.0,0.0,0.0
65,16.25,R5Z3,153.8418130781571,0.0,0.0,0.0,0.0,64.83706374320741,126.79241996758431,0.0,25.212494851899798,0.0,0.0,0.0,141.053702027155,0.0,0.0,0.0,0.0,0.0,0.0
65,16.25,R5Z4,112.42605751756889,0.0,0.0,72.07697871369798,57.02491885107578,0.0,0.0,0.0,50.424989703799596,0.0,0.0,0.0,0.0,0.0,0.0,0.0,0.0,0.0,0.0
65,16.25,R5Z5,103.85797197152668,0.0,0.0,28.526756408380663,63.056409542506145,3.552713678800501e-15,0.0,0.0,25.212494851899798,0.0,0.0,0.0,77.60209771986975,0.0,0.0,0.0,0.0,0.0,0.0
65,16.25,R5Z6,144.51442034574822,0.0,0.0,26.820171614301117,85.93559498341419,3.552713678800501e-15,0.0,0.0,50.424989703799596,0.0,0.0,0.0,157.52523412146536,0.0,0.0,0.0,0.0,0.0,0.0
65,16.25,R5Z7,98.92308892434986,0.0,0.0,0.0,0.0,49.241132718973994,31.60071333730287,0.0,0.0,0.0,0.0,0.0,85.46309513429998,0.0,0.0,0.0,0.0,0.0,0.0
65,16.25,R5Z8,117.13837260801354,0.0,0.0,49.80966182133923,55.20183820308533,0.0,0.0,0.0,25.212494851899798,0.0,0.0,0.0,159.0670215777689,0.0,0.0,0.0,0.0,0.0,0.0
65,16.25,R5Z9,104.8215282334074,0.0,0.0,0.0,2.224869523157466,71.36381125995409,155.75896858675975,0.0,0.0,0.0,0.0,0.0,82.8754453597264,0.0,0.0,0.0,0.0,0.0,0.0
65,16.25,R6Z1,96.40064554152477,0.0,135.0,55.456170152631046,17.094195716810447,0.0,0.0,0.0,0.0,0.0,0.0,0.0,0.0,0.0,0.0,635.6216708010148,0.0,0.0,0.0
65,16.25,R6Z2,89.60702135870186,0.0,135.0,0.0,0.0,59.32996578826567,5.518651332278051,0.0,50.424989703799596,0.0,0.0,0.0,135.00653628500783,0.0,0.0,636.1673196916959,0.0,0.0,0.0
65,16.25,R6Z3,79.48950089363689,0.0,0.0,0.0,0.0,71.01830087809655,9.883699734968605,0.0,25.212494851899798,0.0,0.0,0.0,79.51300792097861,0.0,0.0,0.0,0.0,0.0,0.0
65,16.25,R6Z4,97.90007986788507,0.0,0.0,25.5062758471951,172.67577766189072,0.0,0.0,0.0,25.212494851899798,0.0,0.0,0.0,75.39536100729015,0.0,0.0,0.0,0.0,0.0,0.0
65,16.25,R7Z1,120.99064888705064,0.0,135.0,0.0,0.0,48.04195813320649,154.13142952129976,0.0,25.212494851899798,0.0,0.0,0.0,0.0,0.0,0.0,634.5317766484449,0.0,0.0,0.0
65,16.25,R7Z2,103.92100467716105,0.0,135.0,0.0,0.0,60.02476595530117,45.76785226390978,0.0,0.0,0.0,0.0,0.0,160.73707949307644,0.0,0.0,0.0,0.0,0.0,0.0
65,16.25,R7Z3,94.12166639250562,0.0,0.0,22.10684065495613,149.72894766491885,3.552713678800501e-15,0.0,0.0,50.424989703799596,0.0,0.0,0.0,137.27094553859985,0.0,0.0,0.0,0.0,0.0,0.0
65,16.25,R7Z4,116.97321714868934,0.0,0.0,0.0,0.0,75.69730853894734,113.59338538038654,0.0,25.212494851899798,0.0,0.0,0.0,66.97616866639812,0.0,0.0,0.0,0.0,0.0,0.0
65,16.25,R7Z5,124.05090754975024,0.0,0.0,0.0,46.35390473768052,26.87160132889372,84.70382714307445,0.0,50.424989703799596,0.0,0.0,0.0,0.0,0.0,0.0,0.0,0.0,0.0,0.0
65,16.25,R7Z6,71.48683045321886,0.0,0.0,65.07470436694295,91.10301842454165,1.4210854715202004e-14,0.0,0.0,50.424989703799596,0.0,0.0,0.0,0.0,0.0,0.0,0.0,0.0,0.0,0.0
65,16.25,R7Z7,87.47702743824418,0.0,0.0,0.0,0.0,48.56124965885893,85.57827025493947,0.0,0.0,0.0,0.0,0.0,67.27673500310888,0.0,0.0,0.0,0.0,0.0,0.0
65,16.25,R7Z8,108.90230544627285,0.0,0.0,0.0,0.0,80.20907871624544,109.7388259945617,0.0,50.424989703799596,0.0,0.0,0.0,142.90092247780876,0.0,0.0,0.0,0.0,0.0,0.0
65,16.25,R7Z9,107.87820202227678,0.0,0.0,0.0,0.0,50.6754971781952,74.3724589873684,0.0,50.424989703799596,0.0,0.0,0.0,78.13251406737213,0.0,0.0,0.0,0.0,0.0,0.0
65,16.25,R8Z1,126.26895301211647,0.0,135.0,0.0,0.0,44.096156923589916,88.43971246739862,0.0,25.212494851899798,0.0,0.0,0.0,83.19818348135226,0.0,0.0,636.7134369942099,0.0,0.0,0.0
65,16.25,R8Z2,143.67891356632322,0.0,135.0,0.0,0.0,49.900014249663435,143.38340264658189,0.0,25.212494851899798,0.0,0.0,0.0,144.93850400599482,0.0,0.0,0.0,0.0,0.0,0.0
65,16.25,R8Z3,115.41359801647162,0.0,0.0,0.0,0.0,54.29494875451281,52.54650014269533,0.0,25.212494851899798,0.0,0.0,0.0,169.56777846862346,0.0,0.0,0.0,0.0,0.0,0.0
65,16.25,R8Z4,82.13481561169075,0.0,0.0,55.823978134551254,128.53716021146366,1.4210854715202004e-14,0.0,0.0,0.0,0.0,0.0,0.0,0.0,0.0,0.0,0.0,0.0,0.0,0.0
65,16.25,R8Z5,90.96944851274192,0.0,0.0,0.0,0.0,45.81346574558733,160.0,0.0,25.212494851899798,0.0,0.0,0.0,84.38581316826347,0.0,0.0,0.0,0.0,0.0,0.0
65,16.25,R8Z6,120.18484923032547,0.0,0.0,25.23885536185702,117.46126183289735,0.0,0.0,0.0,25.212494851899798,0.0,0.0,0.0,0.0,0.0,0.0,0.0,0.0,0.0,0.0
65,16.25,R8Z7,59.27006374613899,0.0,0.0,0.0,0.0,58.584063555657586,35.20198197280412,0.0,0.0,0.0,0.0,0.0,78.18205146544982,0.0,0.0,0.0,0.0,0.0,0.0
65,16.25,R8Z8,88.3947199205762,0.0,0.0,0.0,0.0,57.25841154624709,228.30068387123634,0.0,25.212494851899798,0.0,0.0,0.0,83.12438064974346,0.0,0.0,0.0,0.0,0.0,0.0
65,16.25,R9Z1,98.6344237553796,0.0,135.0,0.0,0.0,25.453669104362287,31.43182218634736,0.0,25.212494851899798,0.0,0.0,0.0,0.0,0.0,0.0,635.6216708010148,0.0,0.0,0.0
65,16.25,R9Z2,93.03912996067876,0.0,135.0,0.0,0.0,23.37453884283879,92.33057532927336,0.0,25.212494851899798,0.0,0.0,0.0,73.91793497956367,0.0,0.0,635.6216708010148,0.0,0.0,0.0
65,16.25,R9Z3,88.19098327003998,0.0,0.0,0.0,0.0,46.269810778823896,48.19335263962637,0.0,50.424989703799596,0.0,0.0,0.0,135.87508676990214,0.0,0.0,0.0,0.0,0.0,0.0
65,16.25,R9Z4,129.36069221955847,0.0,0.0,59.87676481533143,136.199326877667,-1.4210854715202004e-14,0.0,0.0,25.212494851899798,0.0,0.0,0.0,71.26750588836484,0.0,0.0,0.0,0.0,0.0,0.0
65,16.25,R9Z5,76.710649970839,0.0,0.0,0.0,0.0,44.45749879240533,96.63485171844852,0.0,25.212494851899798,0.0,0.0,0.0,148.43269413879125,0.0,0.0,0.0,0.0,0.0,0.0
65,16.25,R9Z6,66.64537480878558,0.0,0.0,0.0,0.0,22.046215843063923,44.279476073293125,0.0,25.212494851899798,0.0,0.0,0.0,157.81755732286848,0.0,0.0,0.0,0.0,0.0,0.0
65,16.25,R9Z7,66.45029089821578,0.0,0.0,68.48435968587324,29.042068069802642,0.0,0.0,0.0,0.0,0.0,0.0,0.0,75.6374189627619,0.0,0.0,0.0,0.0,0.0,0.0
65,16.25,R9Z8,131.10164426313392,0.0,0.0,18.336969869011114,41.32715278046311,29.762573317260028,0.0,0.0,25.212494851899798,0.0,0.0,0.0,70.67500389579548,0.0,0.0,0.0,0.0,0.0,0.0
65,16.25,R9Z9,84.8517687237321,0.0,0.0,53.36566718692577,27.975612277264368,-7.105427357601002e-15,0.0,0.0,0.0,0.0,0.0,0.0,160.3849580253177,0.0,0.0,0.0,0.0,0.0,0.0
65,16.25,R9Z10,88.21504595409648,0.0,0.0,0.0,0.0,45.09736792065287,111.31279719773478,0.0,0.0,0.0,0.0,0.0,0.0,0.0,0.0,0.0,0.0,0.0,0.0
65,16.25,R9Z11,86.3459147912294,0.0,0.0,22.778233251173255,45.01455267930415,0.0,0.0,0.0,0.0,0.0,0.0,0.0,158.5073464893331,0.0,0.0,0.0,0.0,0.0,0.0
65,16.25,R10Z1,107.70549441490029,0.0,0.0,30.42059444013252,91.01123646055969,7.105427357601002e-15,0.0,0.0,0.0,0.0,0.0,0.0,69.48293392863009,0.0,0.0,633.9875305840637,0.0,0.0,0.0
65,16.25,R10Z2,56.23982058240359,0.0,0.0,0.0,0.0,41.82168859426631,120.45120787863715,0.0,0.0,0.0,0.0,0.0,165.47379061550131,0.0,0.0,635.6216708010148,0.0,0.0,0.0
65,16.25,R10Z3,82.31766560016236,0.0,0.0,72.95812956917501,85.64170568202081,1.4210854715202004e-14,0.0,0.0,0.0,0.0,0.0,0.0,79.5424186832352,0.0,0.0,0.0,0.0,0.0,0.0
65,16.25,R10Z4,98.70927604795432,0.0,0.0,0.0,0.0,24.291343285313932,39.47504585985805,0.0,50.424989703799596,0.0,0.0,0.0,80.64735219506217,0.0,0.0,0.0,0.0,0.0,0.0
65,16.25,R10Z5,52.162434491399075,0.0,0.0,0.0,0.0,21.838936350495356,174.97141895609963,0.0,50.424989703799596,0.0,0.0,0.0,0.0,0.0,0.0,0.0,0.0,0.0,0.0
65,16.25,R10Z6,93.77697663627082,0.0,0.0,0.0,0.0,50.63688348550954,53.7366023995364,0.0,50.424989703799596,0.0,0.0,0.0,68.42150271254552,0.0,0.0,0.0,0.0,0.0,0.0
65,16.25,R10Z7,90.95343190354659,0.0,0.0,0.0,57.21347924569926,23.914923893685014,72.94428151670127,0.0,50.424989703799596,0.0,0.0,0.0,82.77460362746095,0.0,0.0,0.0,0.0,0.0,0.0
65,16.25,R10Z8,90.46234738423715,0.0,0.0,0.0,0.0,28.89876270266318,67.17267152934541,0.0,0.0,0.0,0.0,0.0,80.09822204109447,0.0,0.0,0.0,0.0,0.0,0.0
65,16.25,R10Z9,76.42005550390469,0.0,0.0,0.0,0.0,21.00956903904641,81.79743923200661,0.0,25.212494851899798,0.0,0.0,0.0,0.0,0.0,0.0,0.0,0.0,0.0,0.0
65,16.25,R11Z1,86.32958311146302,0.0,135.0,0.0,0.0,60.69991065122168,118.4062334463935,0.0,50.424989703799596,0.0,0.0,0.0,156.3719814647172,0.0,0.0,0.0,0.0,0.0,0.0
65,16.25,R11Z2,105.20394570798146,0.0,135.0,34.91799381814634,30.30869007533129,0.0,0.0,0.0,25.212494851899798,0.0,0.0,0.0,68.48708412931543,0.0,0.0,0.0,0.0,0.0,0.0
65,16.25,R11Z3,95.26973649575652,0.0,0.0,30.56935883591333,30.7139180458468,0.0,0.0,0.0,25.212494851899798,0.0,0.0,0.0,0.0,0.0,0.0,0.0,0.0,0.0,0.0
65,16.25,R11Z4,113.07372441811494,0.0,0.0,70.9336278083905,203.76596441769755,5.1164117618987035,0.0,0.0,0.0,0.0,0.0,0.0,79.40558558987784,0.0,0.0,0.0,0.0,0.0,0.0
65,16.25,R11Z5,71.59616389372744,0.0,0.0,0.0,0.0,21.292296098720186,76.42571031698184,0.0,25.212494851899798,0.0,0.0,0.0,86.94511702319033,0.0,0.0,0.0,0.0,0.0,0.0
65,16.25,R11Z6,81.17579185270883,0.0,0.0,0.0,0.0,34.06376209837449,57.76113690191289,0.0,0.0,0.0,0.0,0.0,0.0,0.0,0.0,0.0,0.0,0.0,0.0
65,16.25,R11Z7,102.63444172697257,0.0,0.0,0.0,53.6207302770661,28.752048510191386,23.096857824192924,0.0,25.212494851899798,0.0,0.0,0.0,0.0,0.0,0.0,0.0,0.0,0.0,0.0
65,16.25,R11Z8,92.21040641387188,0.0,0.0,0.0,0.0,52.636357369031174,108.38575319725557,0.0,25.212494851899798,0.0,0.0,0.0,156.22079048370088,0.0,0.0,0.0,0.0,0.0,0.0
65,16.25,R12Z1,111.21562358158577,0.0,135.0,0.0,0.0,79.28459671790138,206.63581358850166,0.0,50.424989703799596,0.0,0.0,0.0,134.86063490140467,0.0,0.0,0.0,0.0,0.0,0.0
65,16.25,R12Z2,100.98187069056047,0.0,135.0,20.937080404297703,84.8444359891826,-7.105427357601002e-15,0.0,0.0,25.212494851899798,0.0,0.0,0.0,86.02250141280159,0.0,0.0,0.0,0.0,0.0,0.0
65,16.25,R12Z3,92.17303198343663,0.0,0.0,0.0,0.0,91.64975818161763,37.77228850714256,0.0,25.212494851899798,0.0,0.0,0.0,155.87291775590708,0.0,0.0,0.0,0.0,0.0,0.0
65,16.25,R12Z4,108.56632032761199,0.0,0.0,89.74111022096237,23.33519545045967,0.0,0.0,0.0,0.0,0.0,0.0,0.0,0.0,0.0,0.0,0.0,0.0,0.0,0.0
65,16.25,R12Z5,74.35138916736766,0.0,0.0,0.0,0.0,27.110485456432514,159.76677694297632,0.0,0.0,0.0,0.0,0.0,147.567733513482,0.0,0.0,0.0,0.0,0.0,0.0
65,16.25,R12Z6,73.56222428138041,0.0,0.0,0.0,0.0,49.75688195044613,139.83228378185896,0.0,0.0,0.0,0.0,0.0,0.0,0.0,0.0,0.0,0.0,0.0,0.0
65,16.25,R12Z7,81.5892153702538,0.0,0.0,23.647649988485455,148.01073686321575,45.57968451163619,0.0,0.0,50.424989703799596,0.0,0.0,0.0,0.0,0.0,0.0,0.0,0.0,0.0,0.0
65,16.25,R12Z8,116.48828071318073,0.0,0.0,0.0,0.0,54.75905016738834,31.66861142016822,0.0,0.0,0.0,0.0,0.0,71.27612584144114,0.0,0.0,0.0,0.0,0.0,0.0
65,16.25,R12Z9,82.42529399390622,0.0,0.0,0.0,0.0,32.47251088027175,133.44116293325612,0.0,50.424989703799596,0.0,0.0,0.0,161.72004468910697,0.0,0.0,0.0,0.0,0.0,0.0
66,16.5,R1Z1,84.27702713093132,0.0,0.0,88.78311638874769,123.38549822928132,0.0,0.0,0.0,57.26348599777033,0.0,0.0,0.0,147.72836352155306,0.0,0.0,575.3807335591114,0.0,0.0,0.0
66,16.5,R1Z2,45.78177847947356,0.0,0.0,25.94776993738023,181.03707551823945,-1.4210854715202004e-14,0.0,0.0,57.26348599777033,0.0,0.9322810770017629,0.0,200.85641902900448,0.0,0.0,0.0,0.0,0.0,0.0
66,16.5,R1Z3,105.57256924262653,0.0,0.0,0.0,0.0,72.1903335398062,80.59816294196496,0.0,28.631742998885166,0.0,0.9322810770017629,0.0,200.85641902900448,0.0,0.0,0.0,0.0,0.0,0.0
66,16.5,R1Z4,74.31212814363445,0.0,0.0,68.6902639471569,80.84280234882158,-1.4210854715202004e-14,0.0,0.0,57.26348599777033,0.0,0.0,0.0,0.0,0.0,0.0,0.0,0.0,0.0,0.0
66,16.5,R1Z5,89.81636287197963,0.0,0.0,29.151776918849947,46.559952455914484,19.330169621499216,0.0,0.0,57.26348599777033,0.0,0.0,0.0,0.0,0.0,0.0,0.0,0.0,0.0,0.0
66,16.5,R1Z6,90.69723110545827,0.0,0.0,73.75841811396204,31.60394660005451,0.0,0.0,0.0,0.0,0.0,0.46614053850088144,0.0,100.42820951450224,0.0,0.0,0.0,0.0,0.0,0.0
66,16.5,R1Z7,82.39895981032939,0.0,0.0,21.710208572186076,23.882585973975523,-3.552713678800501e-15,0.0,0.0,28.631742998885166,0.0,0.46614053850088144,0.0,100.42820951450224,0.0,0.0,0.0,0.0,0.0,0.0
66,16.5,R1Z8,90.37322069945115,0.0,0.0,0.0,0.0,26.01049473686399,123.37859452224575,0.0,0.0,0.0,0.0,0.0,0.0,0.0,0.0,0.0,0.0,0.0,0.0
66,16.5,R1Z9,100.86594020921535,0.0,0.0,53.62828585163574,126.81402375978108,1.4210854715202004e-14,0.0,0.0,0.0,0.0,0.9322810770017629,0.0,200.85641902900448,0.0,0.0,0.0,0.0,0.0,0.0
66,16.5,R1Z10,89.84286898734655,0.0,0.0,0.0,0.0,78.27555572633678,55.48489349781485,0.0,0.0,0.0,0.9322810770017629,0.0,200.85641902900448,0.0,0.0,0.0,0.0,0.0,0.0
66,16.5,R2Z1,127.63426087887561,0.0,135.0,0.0,0.0,103.75648193119623,81.39840492665327,0.0,0.0,0.0,0.0,0.0,72.68358498178077,0.0,0.0,637.2600231106646,0.0,0.0,0.0
66,16.5,R2Z2,83.86738145627216,0.0,135.0,53.66731760242391,51.553430634509965,0.0,0.0,0.0,0.0,0.0,0.0,0.0,78.5583925424716,0.0,0.0,633.9875305840637,0.0,0.0,0.0
66,16.5,R2Z3,93.5211024268684,0.0,0.0,92.69139097267164,29.72606013726299,0.0,0.0,0.0,28.631742998885166,0.0,0.0,0.0,68.0033982610321,0.0,0.0,0.0,0.0,0.0,0.0
66,16.5,R2Z4,62.02053528585486,0.0,0.0,27.064261867835818,49.002312362396374,7.105427357601002e-15,0.0,0.0,57.26348599777033,0.0,0.0,0.0,0.0,0.0,0.0,0.0,0.0,0.0,0.0
66,16.5,R2Z5,94.77261534854749,0.0,0.0,0.0,0.0,29.723704100767296,107.98599075764591,0.0,28.631742998885166,0.0,0.0,0.0,0.0,0.0,0.0,0.0,0.0,0.0,0.0
66,16.5,R2Z6,65.65525702049696,0.0,0.0,0.0,0.0,61.190682386763015,68.32434683270604,0.0,57.26348599777033,0.0,0.0,0.0,164.19318053703256,0.0,0.0,0.0,0.0,0.0,0.0
66,16.5,R2Z7,97.2529189271481,0.0,0.0,0.0,0.0,24.88512599260056,57.48974803614979,0.0,57.26348599777033,0.0,0.0,0.0,83.89291203052656,0.0,0.0,0.0,0.0,0.0,0.0
66,16.5,R2Z8,106.17740142028917,0.0,0.0,0.0,15.87681555031827,78.79795183903974,27.389192100514393,0.0,0.0,0.0,0.0,0.0,86.44864136826159,0.0,0.0,0.0,0.0,0.0,0.0
66,16.5,R2Z9,42.16766988166274,0.0,0.0,0.0,0.0,23.783813355339138,37.13045707270918,0.0,28.631742998885166,0.0,0.0,0.0,79.06737347277681,0.0,0.0,0.0,0.0,0.0,0.0
66,16.5,R3Z1,112.97268478863069,0.0,0.0,41.040876422296165,14.71186386657662,50.791849702851536,0.0,0.0,0.0,0.0,0.0,0.0,0.0,0.0,0.0,0.0,0.0,0.0,0.0
66,16.5,R3Z2,71.94533177729483,0.0,0.0,0.0,0.0,79.20221297309776,26.403185960592243,0.0,57.26348599777033,0.0,0.0,0.0,157.49064909384825,0.0,0.0,0.0,0.0,0.0,0.0
66,16.5,R3Z3,99.13090625939022,0.0,0.0,27.98488499396322,40.217935074454275,-3.552713678800501e-15,0.0,0.0,28.631742998885166,0.0,0.0,0.0,0.0,0.0,0.0,0.0,0.0,0.0,0.0
66,16.5,R4Z1,111.20062243616063,0.0,135.0,0.0,0.0,21.494574970378352,121.36698609899389,0.0,57.26348599777033,0.0,0.0,0.0,77.91625625766655,0.0,0.0,0.0,0.0,0.0,0.0
66,16.5,R4Z2,130.40244008247228,0.0,0.0,77.26808997840506,25.392547355746874,0.0,0.0,0.0,57.26348599777033,0.0,0.0,0.0,154.02928731221232,0.0,0.0,0.0,0.0,0.0,0.0
66,16.5,R4Z3,114.34915789504916,0.0,0.0,0.0,0.0,43.58304511036202,144.73855576712563,0.0,0.0,0.0,0.0,0.0,0.0,0.0,0.0,0.0,0.0,0.0,0.0
66,16.5,R4Z4,95.27261488519444,0.0,0.0,0.0,0.0,27.130452759333515,45.09326441514138,0.0,0.0,0.0,0.0,0.0,0.0,0.0,0.0,0.0,0.0,0.0,0.0
66,16.5,R4Z5,66.5080643260377,0.0,0.0,0.0,0.0,27.021413964840175,129.18982757698151,0.0,57.26348599777033,0.0,0.0,0.0,0.0,0.0,0.0,0.0,0.0,0.0,0.0
66,16.5,R4Z6,58.136518627611174,0.0,0.0,56.51272122770499,62.48024390897378,0.0,0.0,0.0,57.26348599777033,0.0,0.0,0.0,146.5945007573728,0.0,0.0,0.0,0.0,0.0,0.0
66,16.5,R4Z7,135.15142625423442,0.0,0.0,50.01079645244499,137.96722248903313,0.0,0.0,0.0,57.26348599777033,0.0,0.0,0.0,0.0,0.0,0.0,0.0,0.0,0.0,0.0
66,16.5,R4Z8,90.27528487808128,0.0,0.0,0.0,30.666966776537564,49.273344525058796,18.273584642892253,0.0,57.26348599777033,0.0,0.0,0.0,0.0,0.0,0.0,0.0,0.0,0.0,0.0
66,16.5,R4Z9,138.55312852078842,0.0,0.0,0.0,0.0,49.288118420556785,122.83207933471977,0.0,0.0,0.0,0.0,0.0,84.85045046745704,0.0,0.0,0.0,0.0,0.0,0.0
66,16.5,R4Z10,77.01359111785857,0.0,0.0,19.39620614846389,113.01712999049134,-1.4210854715202004e-14,0.0,0.0,0.0,0.0,0.0,0.0,86.43920960819267,0.0,0.0,0.0,0.0,0.0,0.0
66,16.5,R4Z11,106.20596626224234,0.0,0.0,44.72678275259956,108.49423397688598,1.4210854715202004e-14,0.0,0.0,28.631742998885166,0.0,0.0,0.0,79.96819581921409,0.0,0.0,0.0,0.0,0.0,0.0
66,16.5,R5Z1,103.33676497860122,0.0,135.0,0.0,0.0,85.87167652743997,48.98093348996738,0.0,0.0,0.0,0.0,0.0,69.81529022465158,0.0,0.0,0.0,0.0,0.0,0.0
66,16.5,R5Z2,114.88846411005541,0.0,135.0,0.0,9.035481630516074,22.765962139931744,52.91591928483046,0.0,28.631742998885166,0.0,0.0,0.0,166.11317667464442,0.0,0.0,0.0,0.0,0.0,0.0
66,16.5,R5Z3,168.58257230763283,0.0,0.0,0.0,0.0,72.25279758708429,122.9374107018137,0.0,28.631742998885166,0.0,0.0,0.0,140.89597191642454,0.0,0.0,0.0,0.0,0.0,0.0
66,16.5,R5Z4,115.46904393514373,0.0,0.0,68.08229006162824,31.077248457157793,0.0,0.0,0.0,57.26348599777033,0.0,0.0,0.0,0.0,0.0,0.0,0.0,0.0,0.0,0.0
66,16.5,R5Z5,106.47202493630085,0.0,0.0,26.7646189262108,67.08823053163019,-7.105427357601002e-15,0.0,0.0,28.631742998885166,0.0,0.0,0.0,77.51532092996376,0.0,0.0,0.0,0.0,0.0,0.0
66,16.5,R5Z6,112.91857212790566,0.0,0.0,26.11175459158366,117.90155226493425,3.552713678800501e-15,0.0,0.0,57.26348599777033,0.0,0.0,0.0,157.34908509266472,0.0,0.0,0.0,0.0,0.0,0.0
66,16.5,R5Z7,122.19825238616795,0.0,0.0,46.712758998204905,42.38293814916595,7.105427357601002e-15,0.0,0.0,0.0,0.0,0.0,0.0,85.36752796190272,0.0,0.0,0.0,0.0,0.0,0.0
66,16.5,R5Z8,93.07788361750511,0.0,0.0,0.0,0.0,48.388587055687665,126.3531531900581,0.0,28.631742998885166,0.0,0.0,0.0,158.8891484800306,0.0,0.0,0.0,0.0,0.0,0.0
66,16.5,R5Z9,107.34402395986432,0.0,0.0,0.0,0.0,69.51715734816342,95.45165602031476,0.0,0.0,0.0,0.0,0.0,82.78277176813992,0.0,0.0,0.0,0.0,0.0,0.0
66,16.5,R6Z1,101.02590110748682,0.0,135.0,63.343604316297515,0.0,0.0,0.0,0.0,0.0,0.0,0.0,0.0,0.0,0.0,0.0,635.0764899204039,0.0,0.0,0.0
66,16.5,R6Z2,92.32702026462071,0.0,135.0,0.0,0.0,67.31873055849711,37.14875148810334,0.0,57.26348599777033,0.0,0.0,0.0,134.85556828054192,0.0,0.0,635.6216708010148,0.0,0.0,0.0
66,16.5,R6Z3,80.59831956740935,0.0,0.0,0.0,0.0,82.27707415014987,46.00587851495202,0.0,28.631742998885166,0.0,0.0,0.0,79.42409429897758,0.0,0.0,0.0,0.0,0.0,0.0
66,16.5,R6Z4,56.70377582457231,0.0,0.0,0.0,0.0,21.261656260830204,111.80124211429093,0.0,28.631742998885166,0.0,0.0,0.0,75.31105185078214,0.0,0.0,0.0,0.0,0.0,0.0
66,16.5,R7Z1,110.18761033228533,0.0,135.0,42.26224509743372,105.70299010072912,7.105427357601002e-15,0.0,0.0,28.631742998885166,0.0,0.0,0.0,0.0,0.0,0.0,633.9875305840637,0.0,0.0,0.0
66,16.5,R7Z2,83.88881254552423,0.0,135.0,0.0,0.0,62.66346560005141,28.61300793215773,0.0,0.0,0.0,0.0,0.0,160.557338890862,0.0,0.0,0.0,0.0,0.0,0.0
66,16.5,R7Z3,82.53467616826794,0.0,0.0,0.0,0.0,25.029453239626797,86.22802429534026,0.0,57.26348599777033,0.0,0.0,0.0,137.1174454097219,0.0,0.0,0.0,0.0,0.0,0.0
66,16.5,R7Z4,104.0655899910367,0.0,0.0,0.0,0.0,72.0530282322916,115.81473593466109,0.0,28.631742998885166,0.0,0.0,0.0,66.90127408122787,0.0,0.0,0.0,0.0,0.0,0.0
66,16.5,R7Z5,135.56942360143665,0.0,0.0,0.0,50.58089447764155,20.670522936566115,153.82655418864007,0.0,57.26348599777033,0.0,0.0,0.0,0.0,0.0,0.0,0.0,0.0,0.0,0.0
66,16.5,R7Z6,72.31219920786755,0.0,0.0,0.0,0.0,48.48502120625838,89.49474701959,0.0,57.26348599777033,0.0,0.0,0.0,0.0,0.0,0.0,0.0,0.0,0.0,0.0
66,16.5,R7Z7,94.8080650284818,0.0,0.0,37.86970786205657,93.23436094480411,7.105427357601002e-15,0.0,0.0,0.0,0.0,0.0,0.0,67.20150431643339,0.0,0.0,0.0,0.0,0.0,0.0
66,16.5,R7Z8,88.41871031175675,0.0,0.0,0.0,0.0,55.32079236460185,97.99038142142236,0.0,57.26348599777033,0.0,0.0,0.0,142.74112675460563,0.0,0.0,0.0,0.0,0.0,0.0
66,16.5,R7Z9,137.28406101790688,0.0,0.0,0.0,0.0,45.591867675866,37.45066993258098,0.0,57.26348599777033,0.0,0.0,0.0,78.04514415138706,0.0,0.0,0.0,0.0,0.0,0.0
66,16.5,R8Z1,119.02268873831865,0.0,135.0,0.0,0.0,33.960299869644935,67.00982015293135,0.0,28.631742998885166,0.0,0.0,0.0,83.10514899516373,0.0,0.0,636.1673196916959,0.0,0.0,0.0
66,16.5,R8Z2,143.5546862398728,0.0,135.0,50.71287120199099,133.5467237585361,-7.105427357601002e-15,0.0,0.0,28.631742998885166,0.0,0.0,0.0,144.77642980335128,0.0,0.0,0.0,0.0,0.0,0.0
66,16.5,R8Z3,112.11559182471231,0.0,0.0,0.0,47.19227936958134,42.3121467961597,12.295697965458118,0.0,28.631742998885166,0.0,0.0,0.0,169.37816313708808,0.0,0.0,0.0,0.0,0.0,0.0
66,16.5,R8Z4,98.7993315970027,0.0,0.0,0.0,0.0,45.96962354504315,61.89821376217502,0.0,0.0,0.0,0.0,0.0,0.0,0.0,0.0,0.0,0.0,0.0,0.0
66,16.5,R8Z5,83.72217616453719,0.0,0.0,0.0,0.0,52.33713626758862,124.17297882224759,0.0,28.631742998885166,0.0,0.0,0.0,84.29145064204954,0.0,0.0,0.0,0.0,0.0,0.0
66,16.5,R8Z6,99.51889419540406,0.0,0.0,0.0,0.0,22.28925892648586,50.78280416117251,0.0,28.631742998885166,0.0,0.0,0.0,0.0,0.0,0.0,0.0,0.0,0.0,0.0
66,16.5,R8Z7,60.971833105368304,0.0,0.0,0.0,0.0,54.4425653750349,47.52421782453615,0.0,0.0,0.0,0.0,0.0,78.0946261553902,0.0,0.0,0.0,0.0,0.0,0.0
66,16.5,R8Z8,104.03227813225784,0.0,0.0,45.39258938143814,133.68967521820707,0.0,0.0,0.0,28.631742998885166,0.0,0.0,0.0,83.03142869190147,0.0,0.0,0.0,0.0,0.0,0.0
66,16.5,R9Z1,107.40223534858113,0.0,135.0,20.755531207606438,38.87162907146268,3.552713678800501e-15,0.0,0.0,28.631742998885166,0.0,0.0,0.0,0.0,0.0,0.0,635.0764899204039,0.0,0.0,0.0
66,16.5,R9Z2,102.05572393828629,0.0,135.0,23.528863141271344,55.83741422792839,3.552713678800501e-15,0.0,0.0,28.631742998885166,0.0,0.0,0.0,73.83527792128207,0.0,0.0,635.0764899204039,0.0,0.0,0.0
66,16.5,R9Z3,90.12178615617675,0.0,0.0,40.84895473115023,36.375540330243695,-7.105427357601002e-15,0.0,0.0,57.26348599777033,0.0,0.0,0.0,135.7231475285088,0.0,0.0,0.0,0.0,0.0,0.0
66,16.5,R9Z4,142.85071509241135,0.0,0.0,0.0,0.0,52.48213013108334,110.64309975550529,0.0,28.631742998885166,0.0,0.0,0.0,71.18781261244436,0.0,0.0,0.0,0.0,0.0,0.0
66,16.5,R9Z5,74.27690341766666,0.0,0.0,0.0,0.0,37.415924553342755,162.08475722366825,0.0,28.631742998885166,0.0,0.0,0.0,148.26671263709324,0.0,0.0,0.0,0.0,0.0,0.0
66,16.5,R9Z6,71.84761137618412,0.0,0.0,19.15504433546773,36.9794022998932,3.552713678800501e-15,0.0,0.0,28.631742998885166,0.0,0.0,0.0,157.64108141026213,0.0,0.0,0.0,0.0,0.0,0.0
66,16.5,R9Z7,75.10632294957082,0.0,0.0,25.38921341688973,44.46784185498018,35.84990835205411,0.0,0.0,0.0,0.0,0.0,0.0,75.55283913042211,0.0,0.0,0.0,0.0,0.0,0.0
66,16.5,R9Z8,106.5029018799862,0.0,0.0,47.29706474474713,28.896372609293806,0.0,0.0,0.0,28.631742998885166,0.0,0.0,0.0,70.59597317182191,0.0,0.0,0.0,0.0,0.0,0.0
66,16.5,R9Z9,98.25905463547163,0.0,0.0,49.5324973729881,39.043160286408074,0.0,0.0,0.0,0.0,0.0,0.0,0.0,160.20561117496732,0.0,0.0,0.0,0.0,0.0,0.0
66,16.5,R9Z10,81.91784698385038,0.0,0.0,41.358670964741705,64.7547979132191,7.105427357601002e-15,0.0,0.0,0.0,0.0,0.0,0.0,0.0,0.0,0.0,0.0,0.0,0.0,0.0
66,16.5,R9Z11,78.99827051354346,0.0,0.0,0.0,0.0,23.027233992530324,132.029563329554,0.0,0.0,0.0,0.0,0.0,158.3300992355989,0.0,0.0,0.0,0.0,0.0,0.0
66,16.5,R10Z1,92.47334910614099,0.0,0.0,0.0,0.0,29.96610442792877,117.12158314200822,0.0,0.0,0.0,0.0,0.0,69.40523620992484,0.0,0.0,633.4437513265306,0.0,0.0,0.0
66,16.5,R10Z2,62.02280384296559,0.0,0.0,42.436246017972096,94.23289664629637,0.0,0.0,0.0,0.0,0.0,0.0,0.0,165.28875329324978,0.0,0.0,635.0764899204039,0.0,0.0,0.0
66,16.5,R10Z3,95.75899007601417,0.0,0.0,0.0,0.0,75.1298218393362,122.00176715531832,0.0,0.0,0.0,0.0,0.0,79.45347217331475,0.0,0.0,0.0,0.0,0.0,0.0
66,16.5,R10Z4,98.95661375725047,0.0,0.0,23.573045741347784,51.25245698066699,0.0,0.0,0.0,57.26348599777033,0.0,0.0,0.0,80.55717011824296,0.0,0.0,0.0,0.0,0.0,0.0
66,16.5,R10Z5,61.61952177367075,0.0,0.0,0.0,0.0,20.649651438426737,86.11481754556907,0.0,57.26348599777033,0.0,0.0,0.0,0.0,0.0,0.0,0.0,0.0,0.0,0.0
66,16.5,R10Z6,79.51689715162603,0.0,0.0,0.0,0.0,49.58624951207475,59.373606641488024,0.0,57.26348599777033,0.0,0.0,0.0,68.34499191528111,0.0,0.0,0.0,0.0,0.0,0.0
66,16.5,R10Z7,78.84970781198705,0.0,0.0,0.0,0.0,19.73199653559899,133.78667697684216,0.0,57.26348599777033,0.0,0.0,0.0,82.68204279985987,0.0,0.0,0.0,0.0,0.0,0.0
66,16.5,R10Z8,73.56258652971243,0.0,0.0,0.0,32.36982055706693,28.607180582744178,8.203549407843738,0.0,0.0,0.0,0.0,0.0,80.00865401664502,0.0,0.0,0.0,0.0,0.0,0.0
66,16.5,R10Z9,94.97528222330251,0.0,0.0,0.0,0.0,19.943414254643137,84.5287327790594,0.0,28.631742998885166,0.0,0.0,0.0,0.0,0.0,0.0,0.0,0.0,0.0,0.0
66,16.5,R11Z1,86.2908550552932,0.0,135.0,0.0,0.0,57.312300318535115,185.65293187469115,0.0,57.26348599777033,0.0,0.0,0.0,156.19712203460583,0.0,0.0,0.0,0.0,0.0,0.0
66,16.5,R11Z2,97.83724015626112,0.0,135.0,32.80604211640514,76.97976464621627,0.0,0.0,0.0,28.631742998885166,0.0,0.0,0.0,68.41049999711561,0.0,0.0,0.0,0.0,0.0,0.0
66,16.5,R11Z3,85.49785886805019,0.0,0.0,0.0,0.0,27.466422679363586,68.36566564534094,0.0,28.631742998885166,0.0,0.0,0.0,0.0,0.0,0.0,0.0,0.0,0.0,0.0
66,16.5,R11Z4,124.74181615737047,0.0,0.0,0.0,0.0,74.65636860183169,110.98496990674884,0.0,0.0,0.0,0.0,0.0,79.31679209046797,0.0,0.0,0.0,0.0,0.0,0.0
66,16.5,R11Z5,83.2620142602847,0.0,0.0,22.484201280698084,31.050298879917936,-3.552713678800501e-15,0.0,0.0,28.631742998885166,0.0,0.0,0.0,86.84789261334889,0.0,0.0,0.0,0.0,0.0,0.0
66,16.5,R11Z6,77.14554109267091,0.0,0.0,29.348366974827158,125.07477393871666,-7.105427357601002e-15,0.0,0.0,0.0,0.0,0.0,0.0,0.0,0.0,0.0,0.0,0.0,0.0,0.0
66,16.5,R11Z7,88.13564046449154,0.0,0.0,22.511298696387108,61.531938026097414,0.0,0.0,0.0,28.631742998885166,0.0,0.0,0.0,0.0,0.0,0.0,0.0,0.0,0.0,0.0
66,16.5,R11Z8,117.04294849828477,0.0,0.0,0.0,0.0,52.168594932985314,237.34146611580698,0.0,28.631742998885166,0.0,0.0,0.0,156.04610011948307,0.0,0.0,0.0,0.0,0.0,0.0
66,16.5,R12Z1,112.43258484282954,0.0,135.0,0.0,27.348918367981597,67.66812997717594,43.950395532773726,0.0,57.26348599777033,0.0,0.0,0.0,134.70983004785973,0.0,0.0,0.0,0.0,0.0,0.0
66,16.5,R12Z2,92.1397577844928,0.0,135.0,0.0,0.0,20.174224696603517,176.79458766127075,0.0,28.631742998885166,0.0,0.0,0.0,85.92630869699084,0.0,0.0,0.0,0.0,0.0,0.0
66,16.5,R12Z3,78.74509605541954,0.0,0.0,0.0,0.0,83.03927545030746,27.447266468465944,0.0,28.631742998885166,0.0,0.0,0.0,155.69861639249598,0.0,0.0,0.0,0.0,0.0,0.0
66,16.5,R12Z4,90.3049328668109,0.0,0.0,0.0,0.0,81.21942123479643,70.13249332589142,0.0,0.0,0.0,0.0,0.0,0.0,0.0,0.0,0.0,0.0,0.0,0.0
66,16.5,R12Z5,111.81289940435299,0.0,0.0,25.264704876415408,67.02427815678053,3.552713678800501e-15,0.0,0.0,0.0,0.0,0.0,0.0,147.40271923443217,0.0,0.0,0.0,0.0,0.0,0.0
66,16.5,R12Z6,84.80137260084017,0.0,0.0,51.276132748496494,77.13705731167467,7.105427357601002e-15,0.0,0.0,0.0,0.0,0.0,0.0,0.0,0.0,0.0,0.0,0.0,0.0,0.0
66,16.5,R12Z7,67.44372677164799,0.0,0.0,0.0,0.0,71.04196027781909,102.8746861860062,0.0,57.26348599777033,0.0,0.0,0.0,0.0,0.0,0.0,0.0,0.0,0.0,0.0
66,16.5,R12Z8,122.41715091839187,0.0,0.0,45.86486793869997,73.78911206281296,0.0,0.0,0.0,0.0,0.0,0.0,0.0,71.19642292645318,0.0,0.0,0.0,0.0,0.0,0.0
66,16.5,R12Z9,72.81520757065385,0.0,0.0,0.0,0.0,26.508572967444294,42.53838922342477,0.0,57.26348599777033,0.0,0.0,0.0,161.53920490830322,0.0,0.0,0.0,0.0,0.0,0.0
67,16.75,R1Z1,92.2161102645733,0.0,0.0,65.07826062916041,80.18005871776856,0.0,0.0,0.0,44.56829150612567,0.0,0.0,0.0,147.5631696216312,0.0,0.0,574.8872221050211,0.0,0.0,0.0
67,16.75,R1Z2,46.25694824010573,0.0,0.0,3.807672990690037,86.56656841675769,22.005941919377534,0.0,0.0,44.56829150612567,0.0,0.9322810770017629,0.0,200.85641902900448,0.0,0.0,0.0,0.0,0.0,0.0
67,16.75,R1Z3,109.10516827252698,0.0,0.0,0.0,0.0,67.65075735226948,102.62677367747143,0.0,22.284145753062834,0.0,0.9322810770017629,0.0,200.85641902900448,0.0,0.0,0.0,0.0,0.0,0.0
67,16.75,R1Z4,105.18144375402103,0.0,0.0,0.0,60.613152247895364,64.89240178536414,6.436328664810482,0.0,44.56829150612567,0.0,0.0,0.0,0.0,0.0,0.0,0.0,0.0,0.0,0.0
67,16.75,R1Z5,99.77298910627351,0.0,0.0,48.73726997467972,55.69453853729644,7.105427357601002e-15,0.0,0.0,44.56829150612567,0.0,0.0,0.0,0.0,0.0,0.0,0.0,0.0,0.0,0.0
67,16.75,R1Z6,88.55464092305516,0.0,0.0,64.24573847435109,110.65690232766677,1.4210854715202004e-14,0.0,0.0,0.0,0.0,0.46614053850088144,0.0,100.42820951450224,0.0,0.0,0.0,0.0,0.0,0.0
67,16.75,R1Z7,96.35242808673826,0.0,0.0,7.72363439112803,54.58462089051295,12.263389603925425,0.0,0.0,22.284145753062834,0.0,0.46614053850088144,0.0,100.42820951450224,0.0,0.0,0.0,0.0,0.0,0.0
67,16.75,R1Z8,90.91412744105034,0.0,0.0,0.0,0.0,21.964513831210287,189.53612491922718,0.0,0.0,0.0,0.0,0.0,0.0,0.0,0.0,0.0,0.0,0.0,0.0
67,16.75,R1Z9,87.02092243109611,0.0,0.0,51.99917329239918,181.9205712650367,0.0,0.0,0.0,0.0,0.0,0.9322810770017629,0.0,200.85641902900448,0.0,0.0,0.0,0.0,0.0,0.0
67,16.75,R1Z10,86.55581130394438,0.0,0.0,67.20121140060348,60.71025376481536,0.0,0.0,0.0,0.0,0.0,0.9322810770017629,0.0,200.85641902900448,0.0,0.0,0.0,0.0,0.0,0.0
67,16.75,R2Z1,139.48714615786403,0.0,135.0,0.0,0.0,102.39479715304599,115.0415285155751,0.0,0.0,0.0,0.0,0.0,72.6023082074551,0.0,0.0,636.7134369942099,0.0,0.0,0.0
67,16.75,R2Z2,92.38635912701221,0.0,135.0,57.82233860402631,55.664771771768294,0.0,0.0,0.0,0.0,0.0,0.0,0.0,78.47054639751792,0.0,0.0,633.4437513265306,0.0,0.0,0.0
67,16.75,R2Z3,103.09340936231492,0.0,0.0,0.0,0.0,89.46219057328034,52.06946205978193,0.0,22.284145753062834,0.0,0.0,0.0,67.92735499961033,0.0,0.0,0.0,0.0,0.0,0.0
67,16.75,R2Z4,84.00482424136504,0.0,0.0,0.0,95.29902153197331,22.54441137366824,46.04850682249362,0.0,44.56829150612567,0.0,0.0,0.0,0.0,0.0,0.0,0.0,0.0,0.0,0.0
67,16.75,R2Z5,87.8662274528998,0.0,0.0,0.0,0.0,33.388768807211456,87.73813285292469,0.0,22.284145753062834,0.0,0.0,0.0,0.0,0.0,0.0,0.0,0.0,0.0,0.0
67,16.75,R2Z6,63.241919113596026,0.0,0.0,48.45265779748854,84.93166793654873,0.0,0.0,0.0,44.56829150612567,0.0,0.0,0.0,164.00957522802545,0.0,0.0,0.0,0.0,0.0,0.0
67,16.75,R2Z7,89.11403311091485,0.0,0.0,0.0,0.0,25.730713288434156,50.880397148763485,0.0,44.56829150612567,0.0,0.0,0.0,83.79910067985723,0.0,0.0,0.0,0.0,0.0,0.0
67,16.75,R2Z8,96.43854519358936,0.0,0.0,0.0,0.0,68.13316684012558,56.25182142562382,0.0,0.0,0.0,0.0,0.0,86.35197213108773,0.0,0.0,0.0,0.0,0.0,0.0
67,16.75,R2Z9,57.09530565981442,0.0,0.0,0.0,0.0,20.13673442947004,188.5216890783972,0.0,22.284145753062834,0.0,0.0,0.0,78.9789581714143,0.0,0.0,0.0,0.0,0.0,0.0
67,16.75,R3Z1,83.94018727518537,0.0,0.0,0.0,0.0,87.22773111704983,44.343419752631796,0.0,0.0,0.0,0.0,0.0,0.0,0.0,0.0,0.0,0.0,0.0,0.0
67,16.75,R3Z2,70.0369806958999,0.0,0.0,68.51273815395278,124.41967326680408,1.4210854715202004e-14,0.0,0.0,44.56829150612567,0.0,0.0,0.0,157.3145387389722,0.0,0.0,0.0,0.0,0.0,0.0
67,16.75,R3Z3,90.63959399141575,0.0,0.0,23.00403505036091,31.627070086165592,-3.552713678800501e-15,0.0,0.0,22.284145753062834,0.0,0.0,0.0,0.0,0.0,0.0,0.0,0.0,0.0,0.0
67,16.75,R4Z1,119.56189980518316,0.0,135.0,0.0,0.0,17.382381496779566,158.54036633900927,0.0,44.56829150612567,0.0,0.0,0.0,77.82912816708401,0.0,0.0,0.0,0.0,0.0,0.0
67,16.75,R4Z2,141.42890423774554,0.0,0.0,75.76879618116683,46.72488014501493,0.0,0.0,0.0,44.56829150612567,0.0,0.0,0.0,153.85704754682982,0.0,0.0,0.0,0.0,0.0,0.0
67,16.75,R4Z3,116.21438283714325,0.0,0.0,0.0,0.0,33.50508316110535,141.3487095467715,0.0,0.0,0.0,0.0,0.0,0.0,0.0,0.0,0.0,0.0,0.0,0.0
67,16.75,R4Z4,115.15893748177993,0.0,0.0,0.0,0.0,22.932341250482633,70.91695766725375,0.0,0.0,0.0,0.0,0.0,0.0,0.0,0.0,0.0,0.0,0.0,0.0
67,16.75,R4Z5,76.20737475019317,0.0,0.0,0.0,0.0,22.740864718346103,91.7594229568006,0.0,44.56829150612567,0.0,0.0,0.0,0.0,0.0,0.0,0.0,0.0,0.0,0.0
67,16.75,R4Z6,60.21889312486974,0.0,0.0,0.0,0.0,48.429931870441244,48.858056363608775,0.0,44.56829150612567,0.0,0.0,0.0,146.43057477383155,0.0,0.0,0.0,0.0,0.0,0.0
67,16.75,R4Z7,137.87501543138077,0.0,0.0,50.26267837526623,164.851174793052,0.0,0.0,0.0,44.56829150612567,0.0,0.0,0.0,0.0,0.0,0.0,0.0,0.0,0.0,0.0
67,16.75,R4Z8,94.70472611441355,0.0,0.0,36.67997326172804,58.46501992429265,0.0,0.0,0.0,44.56829150612567,0.0,0.0,0.0,0.0,0.0,0.0,0.0,0.0,0.0,0.0
67,16.75,R4Z9,145.4320188040856,0.0,0.0,25.67769113311627,118.31826455533903,22.697657296556073,0.0,0.0,0.0,0.0,0.0,0.0,84.75556837109643,0.0,0.0,0.0,0.0,0.0,0.0
67,16.75,R4Z10,83.24629440668362,0.0,0.0,20.99323024469338,116.85097788160552,-3.552713678800501e-15,0.0,0.0,0.0,0.0,0.0,0.0,86.34255091787111,0.0,0.0,0.0,0.0,0.0,0.0
67,16.75,R4Z11,108.87081300977563,0.0,0.0,0.0,0.0,33.92873255164106,123.53219369119834,0.0,22.284145753062834,0.0,0.0,0.0,79.8787731936452,0.0,0.0,0.0,0.0,0.0,0.0
67,16.75,R5Z1,94.58955209696799,0.0,135.0,78.88790393079071,49.202803387289656,0.0,0.0,0.0,0.0,0.0,0.0,0.0,69.73722085603839,0.0,0.0,0.0,0.0,0.0,0.0
67,16.75,R5Z2,117.59322505546861,0.0,135.0,0.0,0.0,21.689800114459818,29.157868755690934,0.0,22.284145753062834,0.0,0.0,0.0,165.92742437339936,0.0,0.0,0.0,0.0,0.0,0.0
67,16.75,R5Z3,155.86265445523657,0.0,0.0,0.0,0.0,67.00237412684127,105.60884953341669,0.0,22.284145753062834,0.0,0.0,0.0,140.73841818382152,0.0,0.0,0.0,0.0,0.0,0.0
67,16.75,R5Z4,123.03795153220098,0.0,0.0,0.0,0.0,63.53355333469082,40.88702962370515,0.0,44.56829150612567,0.0,0.0,0.0,0.0,0.0,0.0,0.0,0.0,0.0,0.0
67,16.75,R5Z5,111.99969254006189,0.0,0.0,0.0,0.0,24.197672009848365,117.4265647901489,0.0,22.284145753062834,0.0,0.0,0.0,77.42864117623964,0.0,0.0,0.0,0.0,0.0,0.0
67,16.75,R5Z6,132.73251013751278,0.0,0.0,25.78473457578272,62.898564030973006,-3.552713678800501e-15,0.0,0.0,44.56829150612567,0.0,0.0,0.0,157.17313303852987,0.0,0.0,0.0,0.0,0.0,0.0
67,16.75,R5Z7,118.00432945173215,0.0,0.0,46.67001610683042,50.70478041560665,-7.105427357601002e-15,0.0,0.0,0.0,0.0,0.0,0.0,85.27206765533364,0.0,0.0,0.0,0.0,0.0,0.0
67,16.75,R5Z8,116.22449370846729,0.0,0.0,0.0,39.224192098876486,50.61482467392457,38.07326282841538,0.0,22.284145753062834,0.0,0.0,0.0,158.71147428485918,0.0,0.0,0.0,0.0,0.0,0.0
67,16.75,R5Z9,111.6089159469006,0.0,0.0,68.48043566642426,201.36021555166369,1.4210854715202004e-14,0.0,0.0,0.0,0.0,0.0,0.0,82.69020180670034,0.0,0.0,0.0,0.0,0.0,0.0
67,16.75,R6Z1,94.47197927107938,0.0,135.0,53.24912713625399,35.26688423326763,0.0,0.0,0.0,0.0,0.0,0.0,0.0,0.0,0.0,0.0,634.5317766484449,0.0,0.0,0.0
67,16.75,R6Z2,118.27846303380073,0.0,135.0,0.0,0.0,59.02365570844317,1.285717329298659,0.0,44.56829150612567,0.0,0.0,0.0,134.7047690926311,0.0,0.0,635.0764899204039,0.0,0.0,0.0
67,16.75,R6Z3,79.83477797188947,0.0,0.0,0.0,0.0,81.78590368070489,36.55858648231305,0.0,22.284145753062834,0.0,0.0,0.0,79.33528010262255,0.0,0.0,0.0,0.0,0.0,0.0
67,16.75,R6Z4,89.11893700621293,0.0,0.0,0.0,0.0,21.509075682088724,155.80067826332512,0.0,22.284145753062834,0.0,0.0,0.0,75.22683697108076,0.0,0.0,0.0,0.0,0.0,0.0
67,16.75,R7Z1,71.43439982958995,0.0,135.0,41.24169310930148,137.7254835724259,5.403475306697125,0.0,0.0,22.284145753062834,0.0,0.0,0.0,0.0,0.0,0.0,633.4437513265306,0.0,0.0,0.0
67,16.75,R7Z2,88.39688473067609,0.0,135.0,42.877436609568214,28.02723776911548,-7.105427357601002e-15,0.0,0.0,0.0,0.0,0.0,0.0,160.3777992795091,0.0,0.0,0.0,0.0,0.0,0.0
67,16.75,R7Z3,77.32092054029192,0.0,0.0,0.0,0.0,26.366035202105135,110.81420465065231,0.0,44.56829150612567,0.0,0.0,0.0,136.96411692888992,0.0,0.0,0.0,0.0,0.0,0.0
67,16.75,R7Z4,110.11140693922046,0.0,0.0,79.33465456972718,123.44403291805568,-1.4210854715202004e-14,0.0,0.0,22.284145753062834,0.0,0.0,0.0,66.82646324523287,0.0,0.0,0.0,0.0,0.0,0.0
67,16.75,R7Z5,124.60261485526766,0.0,0.0,0.0,0.0,21.174558129936386,91.9024122436285,0.0,44.56829150612567,0.0,0.0,0.0,0.0,0.0,0.0,0.0,0.0,0.0,0.0
67,16.75,R7Z6,78.79822026413028,0.0,0.0,39.57791711644812,90.59948778646744,-1.4210854715202004e-14,0.0,0.0,44.56829150612567,0.0,0.0,0.0,0.0,0.0,0.0,0.0,0.0,0.0,0.0
67,16.75,R7Z7,67.72090214775326,0.0,0.0,0.0,0.0,41.77806672562144,67.29924433090433,0.0,0.0,0.0,0.0,0.0,67.12635775477105,0.0,0.0,0.0,0.0,0.0,0.0
67,16.75,R7Z8,98.69588184816195,0.0,0.0,0.0,0.0,59.580907411871465,65.73953328724195,0.0,44.56829150612567,0.0,0.0,0.0,142.58150971935433,0.0,0.0,0.0,0.0,0.0,0.0
67,16.75,R7Z9,124.66459244196781,0.0,0.0,0.0,0.0,48.78417921231136,115.64992343270198,0.0,44.56829150612567,0.0,0.0,0.0,77.95787193483366,0.0,0.0,0.0,0.0,0.0,0.0
67,16.75,R8Z1,117.15459922013675,0.0,135.0,0.0,0.0,52.13758673465519,120.49339255208463,0.0,22.284145753062834,0.0,0.0,0.0,83.01221854268432,0.0,0.0,635.6216708010148,0.0,0.0,0.0
67,16.75,R8Z2,131.30011866535017,0.0,135.0,0.0,0.0,42.62098398524042,162.02668741477953,0.0,22.284145753062834,0.0,0.0,0.0,144.61453683651766,0.0,0.0,0.0,0.0,0.0,0.0
67,16.75,R8Z3,109.79085170532444,0.0,0.0,0.0,87.50670595226161,42.95708917865613,30.6358875513764,0.0,22.284145753062834,0.0,0.0,0.0,169.18875983860684,0.0,0.0,0.0,0.0,0.0,0.0
67,16.75,R8Z4,85.98878295898338,0.0,0.0,0.0,0.0,41.02245230513079,141.2717048675137,0.0,0.0,0.0,0.0,0.0,0.0,0.0,0.0,0.0,0.0,0.0,0.0
67,16.75,R8Z5,92.10038774116767,0.0,0.0,0.0,0.0,36.32742802359145,89.73122335455355,0.0,22.284145753062834,0.0,0.0,0.0,84.19719363459545,0.0,0.0,0.0,0.0,0.0,0.0
67,16.75,R8Z6,98.90859918288517,0.0,0.0,24.64815920299506,92.55504879737765,-3.552713678800501e-15,0.0,0.0,22.284145753062834,0.0,0.0,0.0,0.0,0.0,0.0,0.0,0.0,0.0,0.0
67,16.75,R8Z7,85.43878344045504,0.0,0.0,27.08678082531646,32.93526679008607,21.889486014581095,0.0,0.0,0.0,0.0,0.0,0.0,78.00729860670543,0.0,0.0,0.0,0.0,0.0,0.0
67,16.75,R8Z8,99.9997286059877,0.0,0.0,0.0,0.0,56.59491139103908,157.14770914272083,0.0,22.284145753062834,0.0,0.0,0.0,82.93858067548315,0.0,0.0,0.0,0.0,0.0,0.0
67,16.75,R9Z1,110.98397687085865,0.0,135.0,18.481042687346402,51.51680311549164,-7.105427357601002e-15,0.0,0.0,22.284145753062834,0.0,0.0,0.0,0.0,0.0,0.0,634.5317766484449,0.0,0.0,0.0
67,16.75,R9Z2,104.40596085815967,0.0,135.0,0.0,0.0,22.00392145215084,101.48514919470313,0.0,22.284145753062834,0.0,0.0,0.0,73.75271329238565,0.0,0.0,634.5317766484449,0.0,0.0,0.0
67,16.75,R9Z3,104.58348510141845,0.0,0.0,0.0,0.0,47.90821927770924,45.13883546674653,0.0,44.56829150612567,0.0,0.0,0.0,135.5713781897343,0.0,0.0,0.0,0.0,0.0,0.0
67,16.75,R9Z4,113.58824901024087,0.0,0.0,53.16784434431018,115.209228196209,-7.105427357601002e-15,0.0,0.0,22.284145753062834,0.0,0.0,0.0,71.1082084517265,0.0,0.0,0.0,0.0,0.0,0.0
67,16.75,R9Z5,83.28970339958921,0.0,0.0,0.0,0.0,40.71623030142594,113.60985375946976,0.0,22.284145753062834,0.0,0.0,0.0,148.1009167404539,0.0,0.0,0.0,0.0,0.0,0.0
67,16.75,R9Z6,58.02301259912261,0.0,0.0,0.0,0.0,19.098910205461756,60.956676515262444,0.0,22.284145753062834,0.0,0.0,0.0,157.464802837852,0.0,0.0,0.0,0.0,0.0,0.0
67,16.75,R9Z7,63.07978418868715,0.0,0.0,61.16297927033758,26.32947901313407,-7.105427357601002e-15,0.0,0.0,0.0,0.0,0.0,0.0,75.4683538775661,0.0,0.0,0.0,0.0,0.0,0.0
67,16.75,R9Z8,118.31184720668942,0.0,0.0,37.011904811409586,53.984503933135166,0.0,0.0,0.0,22.284145753062834,0.0,0.0,0.0,70.51703082216723,0.0,0.0,0.0,0.0,0.0,0.0
67,16.75,R9Z9,79.20297605306216,0.0,0.0,0.0,0.0,42.94078173895281,47.2928622545014,0.0,0.0,0.0,0.0,0.0,160.02646487517433,0.0,0.0,0.0,0.0,0.0,0.0
67,16.75,R9Z10,82.40435785806163,0.0,0.0,0.0,0.0,43.82749644265968,96.85189117975864,0.0,0.0,0.0,0.0,0.0,0.0,0.0,0.0,0.0,0.0,0.0,0.0
67,16.75,R9Z11,92.24204791514529,0.0,0.0,9.229993330177848,103.62384254845955,11.9041851198782,0.0,0.0,0.0,0.0,0.0,0.0,158.1530501845957,0.0,0.0,0.0,0.0,0.0,0.0
67,16.75,R10Z1,104.19291749050123,0.0,0.0,25.597237452632214,74.79755380048567,-3.552713678800501e-15,0.0,0.0,0.0,0.0,0.0,0.0,69.3276253749355,0.0,0.0,632.9004384754592,0.0,0.0,0.0
67,16.75,R10Z2,56.03237867921045,0.0,0.0,40.193204559666555,170.097955820639,-7.105427357601002e-15,0.0,0.0,0.0,0.0,0.0,0.0,165.1039228847971,0.0,0.0,634.5317766484449,0.0,0.0,0.0
67,16.75,R10Z3,59.02597596285545,0.0,0.0,0.0,0.0,77.29351040740787,92.60654858690246,0.0,0.0,0.0,0.0,0.0,79.36462512581646,0.0,0.0,0.0,0.0,0.0,0.0
67,16.75,R10Z4,88.81899585235327,0.0,0.0,0.0,0.0,23.795980542898743,43.78749018351864,0.0,44.56829150612567,0.0,0.0,0.0,80.46708888549065,0.0,0.0,0.0,0.0,0.0,0.0
67,16.75,R10Z5,62.084570323636385,0.0,0.0,20.695196879837738,147.17455452955355,-3.552713678800501e-15,0.0,0.0,44.56829150612567,0.0,0.0,0.0,0.0,0.0,0.0,0.0,0.0,0.0,0.0
67,16.75,R10Z6,80.84673398337291,0.0,0.0,0.0,0.0,48.032336101859066,57.93903856945397,0.0,44.56829150612567,0.0,0.0,0.0,68.26856667448457,0.0,0.0,0.0,0.0,0.0,0.0
67,16.75,R10Z7,77.25833497467744,0.0,0.0,0.0,0.0,22.402016856819973,165.98000915531392,0.0,44.56829150612567,0.0,0.0,0.0,82.58958547630992,0.0,0.0,0.0,0.0,0.0,0.0
67,16.75,R10Z8,74.53802938164625,0.0,0.0,0.0,0.0,25.828906498561558,54.11302924058812,0.0,0.0,0.0,0.0,0.0,79.91918614961229,0.0,0.0,0.0,0.0,0.0,0.0
67,16.75,R10Z9,90.09983831136324,0.0,0.0,24.952520020317422,114.5737266703286,-1.4210854715202004e-14,0.0,0.0,22.284145753062834,0.0,0.0,0.0,0.0,0.0,0.0,0.0,0.0,0.0,0.0
67,16.75,R11Z1,99.48817710640057,0.0,135.0,0.0,0.0,49.83385235090115,114.9939031286454,0.0,44.56829150612567,0.0,0.0,0.0,156.0224581370957,0.0,0.0,0.0,0.0,0.0,0.0
67,16.75,R11Z2,103.34311999232314,0.0,135.0,0.0,0.0,27.887777434682185,13.93700724744166,0.0,22.284145753062834,0.0,0.0,0.0,68.33400150338878,0.0,0.0,0.0,0.0,0.0,0.0
67,16.75,R11Z3,92.15317929227812,0.0,0.0,0.0,0.0,25.78884207709801,52.46538841748391,0.0,22.284145753062834,0.0,0.0,0.0,0.0,0.0,0.0,0.0,0.0,0.0,0.0
67,16.75,R11Z4,132.8066663455154,0.0,0.0,0.0,0.0,67.01785835873287,144.8949591524605,0.0,0.0,0.0,0.0,0.0,79.22809788237973,0.0,0.0,0.0,0.0,0.0,0.0
67,16.75,R11Z5,78.8359899056664,0.0,0.0,0.0,33.47214914902365,18.952209880854294,17.761528468084194,0.0,22.284145753062834,0.0,0.0,0.0,86.7507769225039,0.0,0.0,0.0,0.0,0.0,0.0
67,16.75,R11Z6,85.06771330984962,0.0,0.0,29.538613427798296,98.89273356474207,7.105427357601002e-15,0.0,0.0,0.0,0.0,0.0,0.0,0.0,0.0,0.0,0.0,0.0,0.0,0.0
67,16.75,R11Z7,95.51649249315376,0.0,0.0,26.366836969918197,87.79096867528122,-3.552713678800501e-15,0.0,0.0,22.284145753062834,0.0,0.0,0.0,0.0,0.0,0.0,0.0,0.0,0.0,0.0
67,16.75,R11Z8,99.17643250706666,0.0,0.0,0.0,0.0,45.699334659986604,87.67565922708896,0.0,22.284145753062834,0.0,0.0,0.0,155.8716050988124,0.0,0.0,0.0,0.0,0.0,0.0
67,16.75,R12Z1,109.87041857745513,0.0,135.0,0.0,0.0,73.97707286816068,77.7781089704648,0.0,44.56829150612567,0.0,0.0,0.0,134.55919382843007,0.0,0.0,0.0,0.0,0.0,0.0
67,16.75,R12Z2,119.72062309213099,0.0,135.0,0.0,0.0,21.590098929263167,66.86563196350542,0.0,22.284145753062834,0.0,0.0,0.0,85.83022354650804,0.0,0.0,0.0,0.0,0.0,0.0
67,16.75,R12Z3,78.42622079040235,0.0,0.0,0.0,0.0,65.27977859716991,34.73532409001659,0.0,22.284145753062834,0.0,0.0,0.0,155.52450993764066,0.0,0.0,0.0,0.0,0.0,0.0
67,16.75,R12Z4,105.81291301778163,0.0,0.0,0.0,0.0,68.95219385443126,38.03367792174156,0.0,0.0,0.0,0.0,0.0,0.0,0.0,0.0,0.0,0.0,0.0,0.0
67,16.75,R12Z5,92.38243599234409,0.0,0.0,0.0,0.0,23.930979823340046,84.31944736427779,0.0,0.0,0.0,0.0,0.0,147.23788947886615,0.0,0.0,0.0,0.0,0.0,0.0
67,16.75,R12Z6,98.07040377959596,0.0,0.0,0.0,0.0,44.01594198185447,84.4333013032781,0.0,0.0,0.0,0.0,0.0,0.0,0.0,0.0,0.0,0.0,0.0,0.0
67,16.75,R12Z7,72.66214215292798,0.0,0.0,0.0,59.50790920160094,57.76339705440966,26.025412357507747,0.0,44.56829150612567,0.0,0.0,0.0,0.0,0.0,0.0,0.0,0.0,0.0,0.0
67,16.75,R12Z8,130.4791255229399,0.0,0.0,43.03237800069357,144.83575192701758,7.105427357601002e-15,0.0,0.0,0.0,0.0,0.0,0.0,71.1168091374465,0.0,0.0,0.0,0.0,0.0,0.0
67,16.75,R12Z9,81.69722007657334,0.0,0.0,26.89609264688815,139.78836201850484,3.552713678800501e-15,0.0,0.0,44.56829150612567,0.0,0.0,0.0,161.35856734749257,0.0,0.0,0.0,0.0,0.0,0.0
68,17.0,R1Z1,78.62204126886984,0.0,0.0,65.45617744568312,102.7844353727998,0.0,0.0,0.0,50.162366569881115,0.0,0.0,0.0,147.39816044605016,0.0,0.0,574.3941339420512,0.0,0.0,0.0
68,17.0,R1Z2,41.39042452368426,0.0,0.0,0.0,119.0391338111215,20.51751599895445,26.306446862096124,0.0,50.162366569881115,0.0,0.9322810770017629,0.0,200.85641902900448,0.0,0.0,0.0,0.0,0.0,0.0
68,17.0,R1Z3,136.15514778782395,0.0,0.0,56.019131061378445,52.88241094599515,-7.105427357601002e-15,0.0,0.0,25.081183284940558,0.0,0.9322810770017629,0.0,200.85641902900448,0.0,0.0,0.0,0.0,0.0,0.0
68,17.0,R1Z4,122.18401802638515,0.0,0.0,0.0,0.0,48.19926652688536,56.63979051911488,0.0,50.162366569881115,0.0,0.0,0.0,0.0,0.0,0.0,0.0,0.0,0.0,0.0
68,17.0,R1Z5,101.91480632118213,0.0,0.0,0.0,0.0,38.93313902586109,42.77660487350039,0.0,50.162366569881115,0.0,0.0,0.0,0.0,0.0,0.0,0.0,0.0,0.0,0.0
68,17.0,R1Z6,94.42161659468998,0.0,0.0,73.3729901710289,134.1869773323904,0.0,0.0,0.0,0.0,0.0,0.46614053850088144,0.0,100.42820951450224,0.0,0.0,0.0,0.0,0.0,0.0
68,17.0,R1Z7,87.00116677993681,0.0,0.0,20.17811547397389,54.45420457910291,-3.552713678800501e-15,0.0,0.0,25.081183284940558,0.0,0.46614053850088144,0.0,100.42820951450224,0.0,0.0,0.0,0.0,0.0,0.0
68,17.0,R1Z8,121.55579041605513,0.0,0.0,26.355070227746566,122.00209418683794,-3.552713678800501e-15,0.0,0.0,0.0,0.0,0.0,0.0,0.0,0.0,0.0,0.0,0.0,0.0,0.0
68,17.0,R1Z9,94.98685446654083,0.0,0.0,40.94945523963145,131.7572803009277,10.274880943394258,0.0,0.0,0.0,0.0,0.9322810770017629,0.0,200.85641902900448,0.0,0.0,0.0,0.0,0.0,0.0
68,17.0,R1Z10,109.33409569331394,0.0,0.0,70.28572387494683,29.831861564530058,0.0,0.0,0.0,0.0,0.0,0.9322810770017629,0.0,200.85641902900448,0.0,0.0,0.0,0.0,0.0,0.0
68,17.0,R2Z1,135.36734524565483,0.0,135.0,83.87304812279402,106.05942688634738,3.757983383933791,0.0,0.0,0.0,0.0,0.0,0.0,72.52112231904329,0.0,0.0,636.1673196916959,0.0,0.0,0.0
68,17.0,R2Z2,108.9416804116259,0.0,135.0,55.92740314814486,57.464788496099374,0.0,0.0,0.0,0.0,0.0,0.0,0.0,78.38279848452818,0.0,0.0,632.9004384754592,0.0,0.0,0.0
68,17.0,R2Z3,103.056510158414,0.0,0.0,0.0,0.0,70.56800991326652,37.04222694328416,0.0,25.081183284940558,0.0,0.0,0.0,67.85139677184505,0.0,0.0,0.0,0.0,0.0,0.0
68,17.0,R2Z4,80.82359496729518,0.0,0.0,24.492335492450678,135.64063875892217,-7.105427357601002e-15,0.0,0.0,50.162366569881115,0.0,0.0,0.0,0.0,0.0,0.0,0.0,0.0,0.0,0.0
68,17.0,R2Z5,77.38413659860372,0.0,0.0,0.0,0.0,29.558004796431412,14.055074502172298,0.0,25.081183284940558,0.0,0.0,0.0,0.0,0.0,0.0,0.0,0.0,0.0,0.0
68,17.0,R2Z6,52.63395770958336,0.0,0.0,43.65224538286388,86.13522484565841,1.4210854715202004e-14,0.0,0.0,50.162366569881115,0.0,0.0,0.0,163.8261752315008,0.0,0.0,0.0,0.0,0.0,0.0
68,17.0,R2Z7,71.32963900836853,0.0,0.0,0.0,0.0,30.371411452312817,21.085468924277055,0.0,50.162366569881115,0.0,0.0,0.0,83.70539423160817,0.0,0.0,0.0,0.0,0.0,0.0
68,17.0,R2Z8,90.2181746889224,0.0,0.0,0.0,0.0,72.85409612059995,39.47677975158165,0.0,0.0,0.0,0.0,0.0,86.25541099210106,0.0,0.0,0.0,0.0,0.0,0.0
68,17.0,R2Z9,49.18631192651326,0.0,0.0,0.0,0.0,23.5194280543561,125.89864585964223,0.0,25.081183284940558,0.0,0.0,0.0,78.89064173846202,0.0,0.0,0.0,0.0,0.0,0.0
68,17.0,R3Z1,102.85777342223764,0.0,0.0,0.0,0.0,65.04082745002323,63.01962753807747,0.0,0.0,0.0,0.0,0.0,0.0,0.0,0.0,0.0,0.0,0.0,0.0
68,17.0,R3Z2,103.50145449208145,0.0,0.0,0.0,0.0,61.756518831080875,147.14861480969805,0.0,50.162366569881115,0.0,0.0,0.0,157.13862531551572,0.0,0.0,0.0,0.0,0.0,0.0
68,17.0,R3Z3,70.44240807756725,0.0,0.0,0.0,0.0,21.09971048740402,5.423246709395095,0.0,25.081183284940558,0.0,0.0,0.0,0.0,0.0,0.0,0.0,0.0,0.0,0.0
68,17.0,R4Z1,125.62623131433303,0.0,135.0,0.0,0.0,17.559054689909093,143.3868343103417,0.0,50.162366569881115,0.0,0.0,0.0,77.74209750551735,0.0,0.0,0.0,0.0,0.0,0.0
68,17.0,R4Z2,137.64758607051414,0.0,0.0,71.32801517709362,56.5033342768066,0.0,0.0,0.0,50.162366569881115,0.0,0.0,0.0,153.68500038466777,0.0,0.0,0.0,0.0,0.0,0.0
68,17.0,R4Z3,97.6910164298897,0.0,0.0,0.0,0.0,38.70994040747007,122.56105614954724,0.0,0.0,0.0,0.0,0.0,0.0,0.0,0.0,0.0,0.0,0.0,0.0
68,17.0,R4Z4,110.32808798321348,0.0,0.0,0.0,0.0,24.1019166123554,50.948708509803836,0.0,0.0,0.0,0.0,0.0,0.0,0.0,0.0,0.0,0.0,0.0,0.0
68,17.0,R4Z5,65.18810517218083,0.0,0.0,0.0,0.0,23.19421241702465,132.70150112852045,0.0,50.162366569881115,0.0,0.0,0.0,0.0,0.0,0.0,0.0,0.0,0.0,0.0
68,17.0,R4Z6,65.56446063010316,0.0,0.0,0.0,0.0,45.06269105171094,27.47114143813335,0.0,50.162366569881115,0.0,0.0,0.0,146.26683209681232,0.0,0.0,0.0,0.0,0.0,0.0
68,17.0,R4Z7,133.68639135464684,0.0,0.0,0.0,129.62399189727694,46.78746749445635,25.64003997812003,0.0,50.162366569881115,0.0,0.0,0.0,0.0,0.0,0.0,0.0,0.0,0.0,0.0
68,17.0,R4Z8,94.41066271976696,0.0,0.0,0.0,0.0,41.109821577212074,37.6854562085917,0.0,50.162366569881115,0.0,0.0,0.0,0.0,0.0,0.0,0.0,0.0,0.0,0.0
68,17.0,R4Z9,140.13927781072528,0.0,0.0,0.0,0.0,40.75337253670382,86.65465729204281,0.0,0.0,0.0,0.0,0.0,84.66079237449323,0.0,0.0,0.0,0.0,0.0,0.0
68,17.0,R4Z10,76.67656369309088,0.0,0.0,18.123109456039856,164.30428311435173,7.105427357601002e-15,0.0,0.0,0.0,0.0,0.0,0.0,86.24600031394294,0.0,0.0,0.0,0.0,0.0,0.0
68,17.0,R4Z11,103.76646539575034,0.0,0.0,30.978698106042344,100.33170999667638,-1.4210854715202004e-14,0.0,0.0,25.081183284940558,0.0,0.0,0.0,79.78945056290404,0.0,0.0,0.0,0.0,0.0,0.0
68,17.0,R5Z1,100.14728086072175,0.0,135.0,76.70207443278815,37.21164108393619,0.0,0.0,0.0,0.0,0.0,0.0,0.0,69.65923878673021,0.0,0.0,0.0,0.0,0.0,0.0
68,17.0,R5Z2,106.96246625184787,0.0,135.0,0.0,0.0,19.574817905029526,50.04512160607629,0.0,25.081183284940558,0.0,0.0,0.0,165.74187978546223,0.0,0.0,0.0,0.0,0.0,0.0
68,17.0,R5Z3,156.30345865152393,0.0,0.0,63.35009439757792,91.55007028328203,-7.105427357601002e-15,0.0,0.0,25.081183284940558,0.0,0.0,0.0,140.58104063211508,0.0,0.0,0.0,0.0,0.0,0.0
68,17.0,R5Z4,124.64239637710166,0.0,0.0,69.1327575685171,59.37528929870358,1.4210854715202004e-14,0.0,0.0,50.162366569881115,0.0,0.0,0.0,0.0,0.0,0.0,0.0,0.0,0.0,0.0
68,17.0,R5Z5,107.64599704664121,0.0,0.0,25.782496685554776,97.38455666593127,3.552713678800501e-15,0.0,0.0,25.081183284940558,0.0,0.0,0.0,77.34205835018886,0.0,0.0,0.0,0.0,0.0,0.0
68,17.0,R5Z6,136.61665368481502,0.0,0.0,0.0,10.554982223183003,24.832657368884487,87.73263856048193,0.0,50.162366569881115,0.0,0.0,0.0,156.99737773879838,0.0,0.0,0.0,0.0,0.0,0.0
68,17.0,R5Z7,112.09461822427224,0.0,0.0,0.0,0.0,46.36228149762479,40.9227538661664,0.0,0.0,0.0,0.0,0.0,85.17671409509244,0.0,0.0,0.0,0.0,0.0,0.0
68,17.0,R5Z8,111.9865957219762,0.0,0.0,0.0,0.0,47.701873998705416,115.90910813548662,0.0,25.081183284940558,0.0,0.0,0.0,158.53399876983636,0.0,0.0,0.0,0.0,0.0,0.0
68,17.0,R5Z9,118.1549927970182,0.0,0.0,71.64792854156862,103.04781075399318,1.4210854715202004e-14,0.0,0.0,0.0,0.0,0.0,0.0,82.59773535952561,0.0,0.0,0.0,0.0,0.0,0.0
68,17.0,R6Z1,102.94786232682821,0.0,135.0,0.0,0.0,56.851230209121404,43.2630051938898,0.0,0.0,0.0,0.0,0.0,0.0,0.0,0.0,633.9875305840637,0.0,0.0,0.0
68,17.0,R6Z2,76.1879662666607,0.0,135.0,55.023953485843016,52.838900975538756,-7.105427357601002e-15,0.0,0.0,50.162366569881115,0.0,0.0,0.0,134.55413853250013,0.0,0.0,634.5317766484449,0.0,0.0,0.0
68,17.0,R6Z3,78.67488387710024,0.0,0.0,27.72135535411141,82.24011677130038,37.03733205489662,0.0,0.0,25.081183284940558,0.0,0.0,0.0,79.24656522073303,0.0,0.0,0.0,0.0,0.0,0.0
68,17.0,R6Z4,82.7993133673845,0.0,0.0,0.0,0.0,24.148493929288144,170.03843707123502,0.0,25.081183284940558,0.0,0.0,0.0,75.14271626276312,0.0,0.0,0.0,0.0,0.0,0.0
68,17.0,R7Z1,81.83674409794003,0.0,135.0,0.0,0.0,43.460636281079815,133.08449236005234,0.0,25.081183284940558,0.0,0.0,0.0,0.0,0.0,0.0,632.9004384754592,0.0,0.0,0.0
68,17.0,R7Z2,115.59312135466932,0.0,135.0,0.0,0.0,62.498986274563656,39.337145761524674,0.0,0.0,0.0,0.0,0.0,160.19846043426423,0.0,0.0,0.0,0.0,0.0,0.0
68,17.0,R7Z3,83.63247825548403,0.0,0.0,0.0,0.0,23.947058957225,125.01728058023016,0.0,50.162366569881115,0.0,0.0,0.0,136.81095990416233,0.0,0.0,0.0,0.0,0.0,0.0
68,17.0,R7Z4,109.68180408636118,0.0,0.0,0.0,0.0,79.39057053461663,108.38532845587247,0.0,25.081183284940558,0.0,0.0,0.0,66.75173606476251,0.0,0.0,0.0,0.0,0.0,0.0
68,17.0,R7Z5,130.61448868177035,0.0,0.0,15.63283925705585,160.74241282632897,6.9216493787671425,0.0,0.0,50.162366569881115,0.0,0.0,0.0,0.0,0.0,0.0,0.0,0.0,0.0,0.0
68,17.0,R7Z6,75.34814541755924,0.0,0.0,0.0,0.0,45.341040793659275,70.85614736740423,0.0,50.162366569881115,0.0,0.0,0.0,0.0,0.0,0.0,0.0,0.0,0.0,0.0
68,17.0,R7Z7,88.22966606494963,0.0,0.0,0.0,0.0,40.27115704889991,65.70228796301912,0.0,0.0,0.0,0.0,0.0,67.05129522405099,0.0,0.0,0.0,0.0,0.0,0.0
68,17.0,R7Z8,122.37533960658966,0.0,0.0,52.11654256078846,73.94452271443141,0.0,0.0,0.0,50.162366569881115,0.0,0.0,0.0,142.42207117224112,0.0,0.0,0.0,0.0,0.0,0.0
68,17.0,R7Z9,123.12436969266302,0.0,0.0,0.0,0.0,45.53825522372925,92.70564411318662,0.0,50.162366569881115,0.0,0.0,0.0,77.87069730846176,0.0,0.0,0.0,0.0,0.0,0.0
68,17.0,R8Z1,121.02461728017553,0.0,135.0,0.0,0.0,47.93950520328003,47.0936013085743,0.0,25.081183284940558,0.0,0.0,0.0,82.91939200758071,0.0,0.0,635.0764899204039,0.0,0.0,0.0
68,17.0,R8Z2,155.06475132333642,0.0,135.0,0.0,0.0,40.12329544991245,149.3776952910292,0.0,25.081183284940558,0.0,0.0,0.0,144.4528249028311,0.0,0.0,0.0,0.0,0.0,0.0
68,17.0,R8Z3,95.07187852393952,0.0,0.0,0.0,0.0,44.89013570203007,101.9185025152365,0.0,25.081183284940558,0.0,0.0,0.0,168.99956833607857,0.0,0.0,0.0,0.0,0.0,0.0
68,17.0,R8Z4,84.51333697312596,0.0,0.0,46.28327776033743,81.95002968711032,-7.105427357601002e-15,0.0,0.0,0.0,0.0,0.0,0.0,0.0,0.0,0.0,0.0,0.0,0.0,0.0
68,17.0,R8Z5,85.67411560131654,0.0,0.0,34.2170817755642,60.97196797938377,0.0,0.0,0.0,25.081183284940558,0.0,0.0,0.0,84.10304202790722,0.0,0.0,0.0,0.0,0.0,0.0
68,17.0,R8Z6,117.74649683585734,0.0,0.0,0.0,0.0,25.691939232496154,69.04705136081051,0.0,25.081183284940558,0.0,0.0,0.0,0.0,0.0,0.0,0.0,0.0,0.0,0.0
68,17.0,R8Z7,69.22009650424427,0.0,0.0,0.0,18.349534686444173,61.692337672181225,22.72536216161491,0.0,0.0,0.0,0.0,0.0,77.92006871007605,0.0,0.0,0.0,0.0,0.0,0.0
68,17.0,R8Z8,99.90389697073886,0.0,0.0,0.0,0.0,51.67112942202855,63.923019388677375,0.0,25.081183284940558,0.0,0.0,0.0,82.84583648425837,0.0,0.0,0.0,0.0,0.0,0.0
68,17.0,R9Z1,100.00105318690207,0.0,135.0,0.0,0.0,16.861622168538013,33.74004727182705,0.0,25.081183284940558,0.0,0.0,0.0,0.0,0.0,0.0,633.9875305840637,0.0,0.0,0.0
68,17.0,R9Z2,107.72035459973274,0.0,135.0,0.0,0.0,15.05357072323595,82.57587830950524,0.0,25.081183284940558,0.0,0.0,0.0,73.67024098951734,0.0,0.0,633.9875305840637,0.0,0.0,0.0
68,17.0,R9Z3,98.27899820197013,0.0,0.0,0.0,0.0,33.46349970801749,41.27729889051424,0.0,50.162366569881115,0.0,0.0,0.0,135.41977856358886,0.0,0.0,0.0,0.0,0.0,0.0
68,17.0,R9Z4,119.80045186628942,0.0,0.0,45.2853065132968,137.03360579301375,0.0,0.0,0.0,25.081183284940558,0.0,0.0,0.0,71.02869330656019,0.0,0.0,0.0,0.0,0.0,0.0
68,17.0,R9Z5,71.15582317404983,0.0,0.0,0.0,0.0,35.725327921388185,188.64942365492294,0.0,25.081183284940558,0.0,0.0,0.0,147.93530624132458,0.0,0.0,0.0,0.0,0.0,0.0
68,17.0,R9Z6,65.5373206848239,0.0,0.0,17.996442605857858,27.780037687700585,0.0,0.0,0.0,25.081183284940558,0.0,0.0,0.0,157.2887213849669,0.0,0.0,0.0,0.0,0.0,0.0
68,17.0,R9Z7,73.48702837803353,0.0,0.0,0.0,0.0,62.28276713176775,44.01876217952156,0.0,0.0,0.0,0.0,0.0,75.38396309843247,0.0,0.0,0.0,0.0,0.0,0.0
68,17.0,R9Z8,124.2826761878038,0.0,0.0,36.68546593077815,44.330332020654055,7.105427357601002e-15,0.0,0.0,25.081183284940558,0.0,0.0,0.0,70.43817674800884,0.0,0.0,0.0,0.0,0.0,0.0
68,17.0,R9Z9,72.25462934789434,0.0,0.0,36.39354447588508,18.553419742847602,0.0,0.0,0.0,0.0,0.0,0.0,0.0,159.8475189016776,0.0,0.0,0.0,0.0,0.0,0.0
68,17.0,R9Z10,93.56173313300827,0.0,0.0,35.68277454694777,142.23258457091552,7.105427357601002e-15,0.0,0.0,0.0,0.0,0.0,0.0,0.0,0.0,0.0,0.0,0.0,0.0,0.0
68,17.0,R9Z11,82.14924607148185,0.0,0.0,0.0,0.0,16.654875143400414,139.64112795800094,0.0,0.0,0.0,0.0,0.0,157.9761991146878,0.0,0.0,0.0,0.0,0.0,0.0
68,17.0,R10Z1,121.39371729887047,0.0,0.0,25.515659331240414,117.12813291615606,-1.0658141036401503e-14,0.0,0.0,0.0,0.0,0.0,0.0,69.25010132650631,0.0,0.0,632.3575916308067,0.0,0.0,0.0
68,17.0,R10Z2,68.9227454471442,0.0,0.0,0.0,0.0,40.91967718284517,165.09195614336167,0.0,0.0,0.0,0.0,0.0,164.9192991587666,0.0,0.0,633.9875305840637,0.0,0.0,0.0
68,17.0,R10Z3,80.42452120352648,0.0,0.0,69.41245963342809,104.38549651240689,1.4210854715202004e-14,0.0,0.0,0.0,0.0,0.0,0.0,79.27587742951873,0.0,0.0,0.0,0.0,0.0,0.0
68,17.0,R10Z4,99.854487369709,0.0,0.0,0.0,0.0,19.531989313953744,45.664749923957174,0.0,50.162366569881115,0.0,0.0,0.0,80.37710838403865,0.0,0.0,0.0,0.0,0.0,0.0
68,17.0,R10Z5,46.7274897664254,0.0,0.0,0.0,0.0,19.265413724632122,177.7839968380095,0.0,50.162366569881115,0.0,0.0,0.0,0.0,0.0,0.0,0.0,0.0,0.0,0.0
68,17.0,R10Z6,81.67396152542071,0.0,0.0,0.0,0.0,45.75370341207265,49.676929846897366,0.0,50.162366569881115,0.0,0.0,0.0,68.1922268944843,0.0,0.0,0.0,0.0,0.0,0.0
68,17.0,R10Z7,74.07987843902025,0.0,0.0,0.0,0.0,19.89090507310883,99.66309490360273,0.0,50.162366569881115,0.0,0.0,0.0,82.49723154107005,0.0,0.0,0.0,0.0,0.0,0.0
68,17.0,R10Z8,85.37303851844912,0.0,0.0,25.27253619765021,56.32281763000043,3.552713678800501e-15,0.0,0.0,0.0,0.0,0.0,0.0,79.82981832799751,0.0,0.0,0.0,0.0,0.0,0.0
68,17.0,R10Z9,96.09948114509122,0.0,0.0,0.0,0.0,17.522322822435527,31.860161804251874,0.0,25.081183284940558,0.0,0.0,0.0,0.0,0.0,0.0,0.0,0.0,0.0,0.0
68,17.0,R11Z1,78.11399693240222,0.0,135.0,0.0,0.0,54.24247631698299,108.25203037214274,0.0,50.162366569881115,0.0,0.0,0.0,155.8479895535369,0.0,0.0,0.0,0.0,0.0,0.0
68,17.0,R11Z2,102.67680211323396,0.0,135.0,0.0,0.0,22.05959281089512,49.71061528537062,0.0,25.081183284940558,0.0,0.0,0.0,68.25758855237166,0.0,0.0,0.0,0.0,0.0,0.0
68,17.0,R11Z3,86.03648272368838,0.0,0.0,5.29994278195953,33.958898756133124,18.328927316119287,0.0,0.0,25.081183284940558,0.0,0.0,0.0,0.0,0.0,0.0,0.0,0.0,0.0,0.0
68,17.0,R11Z4,136.22881461150783,0.0,0.0,57.881222870337965,122.63267796265124,-7.105427357601002e-15,0.0,0.0,0.0,0.0,0.0,0.0,79.13950285458283,0.0,0.0,0.0,0.0,0.0,0.0
68,17.0,R11Z5,73.45200450161926,0.0,0.0,0.0,0.0,17.18383259406119,21.567711970187528,0.0,25.081183284940558,0.0,0.0,0.0,86.6537698290828,0.0,0.0,0.0,0.0,0.0,0.0
68,17.0,R11Z6,81.91052517983209,0.0,0.0,0.0,0.0,26.46180721894538,57.79476692242327,0.0,0.0,0.0,0.0,0.0,0.0,0.0,0.0,0.0,0.0,0.0,0.0
68,17.0,R11Z7,104.79575238395027,0.0,0.0,0.0,0.0,19.339354685677627,75.3178555630976,0.0,25.081183284940558,0.0,0.0,0.0,0.0,0.0,0.0,0.0,0.0,0.0,0.0
68,17.0,R11Z8,109.37330529645885,0.0,0.0,39.80643541686055,112.7039003311524,-7.105427357601002e-15,0.0,0.0,25.081183284940558,0.0,0.0,0.0,155.69730520325038,0.0,0.0,0.0,0.0,0.0,0.0
68,17.0,R12Z1,115.31749577236445,0.0,135.0,0.0,0.0,64.77829979428057,113.87913342614337,0.0,50.162366569881115,0.0,0.0,0.0,134.4087260545444,0.0,0.0,0.0,0.0,0.0,0.0
68,17.0,R12Z2,101.05352743547449,0.0,135.0,0.0,0.0,19.919191294137214,48.05680663788105,0.0,25.081183284940558,0.0,0.0,0.0,85.73424584107069,0.0,0.0,0.0,0.0,0.0,0.0
68,17.0,R12Z3,95.58627615385508,0.0,0.0,67.62302182469477,80.0,-1.4210854715202004e-14,0.0,0.0,25.081183284940558,0.0,0.0,0.0,155.35059817338905,0.0,0.0,0.0,0.0,0.0,0.0
68,17.0,R12Z4,94.7370629253773,0.0,0.0,69.04682867545063,45.7680479912345,0.0,0.0,0.0,0.0,0.0,0.0,0.0,0.0,0.0,0.0,0.0,0.0,0.0,0.0
68,17.0,R12Z5,91.9602692364161,0.0,0.0,0.0,0.0,20.163562013701576,101.1884209533023,0.0,0.0,0.0,0.0,0.0,147.07324404044476,0.0,0.0,0.0,0.0,0.0,0.0
68,17.0,R12Z6,70.99809347407874,0.0,0.0,41.60563536368613,222.89444107074667,1.4210854715202004e-14,0.0,0.0,0.0,0.0,0.0,0.0,0.0,0.0,0.0,0.0,0.0,0.0,0.0
68,17.0,R12Z7,72.3006838000698,0.0,0.0,0.0,0.0,44.176494158099885,81.84526914338976,0.0,50.162366569881115,0.0,0.0,0.0,0.0,0.0,0.0,0.0,0.0,0.0,0.0
68,17.0,R12Z8,145.8210647694571,0.0,0.0,0.0,0.0,41.27390913706365,60.09813125380772,0.0,0.0,0.0,0.0,0.0,71.03728437475797,0.0,0.0,0.0,0.0,0.0,0.0
68,17.0,R12Z9,80.38977376561775,0.0,0.0,0.0,0.0,29.1856592892627,216.64158843731119,0.0,50.162366569881115,0.0,0.0,0.0,161.1781317805471,0.0,0.0,0.0,0.0,0.0,0.0
69,17.25,R1Z1,73.55263515848773,0.0,0.0,54.61814635685437,145.8009243743493,-7.105427357601002e-15,0.0,0.0,21.1545475062801,0.0,0.0,0.0,147.2333357882461,0.0,0.0,573.9014687071393,0.0,0.0,0.0
69,17.25,R1Z2,45.8661223778803,0.0,0.0,18.281052472847435,126.66706111696259,1.4210854715202004e-14,0.0,0.0,21.1545475062801,0.0,0.9322810770017629,0.0,200.85641902900448,0.0,0.0,0.0,0.0,0.0,0.0
69,17.25,R1Z3,122.09471705359972,0.0,0.0,62.52188692748453,88.52585780918798,7.105427357601002e-15,0.0,0.0,10.57727375314005,0.0,0.9322810770017629,0.0,200.85641902900448,0.0,0.0,0.0,0.0,0.0,0.0
69,17.25,R1Z4,116.69925513189352,0.0,0.0,68.40217144814163,70.9412698941746,0.0,0.0,0.0,21.1545475062801,0.0,0.0,0.0,0.0,0.0,0.0,0.0,0.0,0.0,0.0
69,17.25,R1Z5,99.43597162517774,0.0,0.0,39.39396933481524,34.929884037210456,-7.105427357601002e-15,0.0,0.0,21.1545475062801,0.0,0.0,0.0,0.0,0.0,0.0,0.0,0.0,0.0,0.0
69,17.25,R1Z6,100.49802229077655,0.0,0.0,60.20363729730734,78.0608356910859,-7.105427357601002e-15,0.0,0.0,0.0,0.0,0.46614053850088144,0.0,100.42820951450224,0.0,0.0,0.0,0.0,0.0,0.0
69,17.25,R1Z7,102.3746068566954,0.0,0.0,0.0,6.7490565172604144,24.562011479214682,23.75912444830677,0.0,10.57727375314005,0.0,0.46614053850088144,0.0,100.42820951450224,0.0,0.0,0.0,0.0,0.0,0.0
69,17.25,R1Z8,116.35820024183103,0.0,0.0,23.515615624529573,142.16505123301692,1.0658141036401503e-14,0.0,0.0,0.0,0.0,0.0,0.0,0.0,0.0,0.0,0.0,0.0,0.0,0.0
69,17.25,R1Z9,115.83771780423645,0.0,0.0,45.600895956377485,90.25057730324306,-1.4210854715202004e-14,0.0,0.0,0.0,0.0,0.9322810770017629,0.0,200.85641902900448,0.0,0.0,0.0,0.0,0.0,0.0
69,17.25,R1Z10,103.90366260780529,0.0,0.0,58.17090413979437,47.09035360086009,7.105427357601002e-15,0.0,0.0,0.0,0.0,0.9322810770017629,0.0,200.85641902900448,0.0,0.0,0.0,0.0,0.0,0.0
69,17.25,R2Z1,138.63874888434927,0.0,135.0,85.52008627022246,41.16559625847486,1.4210854715202004e-14,0.0,0.0,0.0,0.0,0.0,0.0,72.44002721491424,0.0,0.0,635.6216708010148,0.0,0.0,0.0
69,17.25,R2Z2,102.82885166903756,0.0,135.0,57.19573836969374,25.577929554358406,-7.105427357601002e-15,0.0,0.0,0.0,0.0,0.0,0.0,78.2951486936567,0.0,0.0,632.3575916308067,0.0,0.0,0.0
69,17.25,R2Z3,110.28821369250119,0.0,0.0,7.924640835939162,28.043422942242625,64.00293412285265,0.0,0.0,10.57727375314005,0.0,0.0,0.0,67.77552348264928,0.0,0.0,0.0,0.0,0.0,0.0
69,17.25,R2Z4,60.25634201754042,0.0,0.0,0.0,0.0,24.892887567194418,143.7303897095519,0.0,21.1545475062801,0.0,0.0,0.0,0.0,0.0,0.0,0.0,0.0,0.0,0.0
69,17.25,R2Z5,82.89615451947205,0.0,0.0,28.398774908075396,103.57488395613579,0.0,0.0,0.0,10.57727375314005,0.0,0.0,0.0,0.0,0.0,0.0,0.0,0.0,0.0,0.0
69,17.25,R2Z6,48.43838070708083,0.0,0.0,0.0,0.0,46.59121793337525,105.53746937639576,0.0,21.1545475062801,0.0,0.0,0.0,163.64298031787254,0.0,0.0,0.0,0.0,0.0,0.0
69,17.25,R2Z7,83.97439747616693,0.0,0.0,26.39226466665133,53.412856657711,0.0,0.0,0.0,21.1545475062801,0.0,0.0,0.0,83.6117925684746,0.0,0.0,0.0,0.0,0.0,0.0
69,17.25,R2Z8,96.66213686502779,0.0,0.0,68.66802447564227,23.853285303339632,0.0,0.0,0.0,0.0,0.0,0.0,0.0,86.1589578304232,0.0,0.0,0.0,0.0,0.0,0.0
69,17.25,R2Z9,62.71888707346814,0.0,0.0,0.0,0.0,15.00888077079689,146.73676887477856,0.0,10.57727375314005,0.0,0.0,0.0,78.80242406336258,0.0,0.0,0.0,0.0,0.0,0.0
69,17.25,R3Z1,92.07924700478962,0.0,0.0,64.44572633142744,28.07040355305776,0.0,0.0,0.0,0.0,0.0,0.0,0.0,0.0,0.0,0.0,0.0,0.0,0.0,0.0
69,17.25,R3Z2,108.46637571971526,0.0,0.0,53.33270858848613,89.57930088979259,-1.4210854715202004e-14,0.0,0.0,21.1545475062801,0.0,0.0,0.0,156.9629086032647,0.0,0.0,0.0,0.0,0.0,0.0
69,17.25,R3Z3,83.12686335962563,0.0,0.0,19.374304002437327,71.86977630125392,0.0,0.0,0.0,10.57727375314005,0.0,0.0,0.0,0.0,0.0,0.0,0.0,0.0,0.0,0.0
69,17.25,R4Z1,140.74836836561263,0.0,135.0,0.0,0.0,18.044081827055606,199.9914667539588,0.0,21.1545475062801,0.0,0.0,0.0,77.65516416401879,0.0,0.0,0.0,0.0,0.0,0.0
69,17.25,R4Z2,149.6373573016165,0.0,0.0,0.0,0.0,65.92633143065596,59.25623096120574,0.0,21.1545475062801,0.0,0.0,0.0,153.51314561035198,0.0,0.0,0.0,0.0,0.0,0.0
69,17.25,R4Z3,136.57573226406114,0.0,0.0,35.87788296743693,160.87988829287812,0.0,0.0,0.0,0.0,0.0,0.0,0.0,0.0,0.0,0.0,0.0,0.0,0.0,0.0
69,17.25,R4Z4,119.44725163589769,0.0,0.0,22.75183904624292,37.61451594809288,0.0,0.0,0.0,0.0,0.0,0.0,0.0,0.0,0.0,0.0,0.0,0.0,0.0,0.0
69,17.25,R4Z5,72.00438185562923,0.0,0.0,0.0,0.0,21.88161721417102,132.81967595987422,0.0,21.1545475062801,0.0,0.0,0.0,0.0,0.0,0.0,0.0,0.0,0.0,0.0
69,17.25,R4Z6,69.52745027368479,0.0,0.0,44.93685269855158,32.45345561305954,0.0,0.0,0.0,21.1545475062801,0.0,0.0,0.0,146.10327252133672,0.0,0.0,0.0,0.0,0.0,0.0
69,17.25,R4Z7,155.12010537667467,0.0,0.0,0.0,20.664107652686,36.985507404356326,85.9277880552152,0.0,21.1545475062801,0.0,0.0,0.0,0.0,0.0,0.0,0.0,0.0,0.0,0.0
69,17.25,R4Z8,85.19600861227586,0.0,0.0,29.533389155787383,33.171624957281864,0.0,0.0,0.0,21.1545475062801,0.0,0.0,0.0,0.0,0.0,0.0,0.0,0.0,0.0,0.0
69,17.25,R4Z9,137.528360379828,0.0,0.0,0.0,0.0,38.21253105989403,174.38692665963407,0.0,0.0,0.0,0.0,0.0,84.56612235900376,0.0,0.0,0.0,0.0,0.0,0.0
69,17.25,R4Z10,73.4650439086707,0.0,0.0,16.871189523249313,161.40604607157096,0.0,0.0,0.0,0.0,0.0,0.0,0.0,86.14955767554301,0.0,0.0,0.0,0.0,0.0,0.0
69,17.25,R4Z11,103.5674163051751,0.0,0.0,35.82498537572067,135.37473027189978,-1.4210854715202004e-14,0.0,0.0,10.57727375314005,0.0,0.0,0.0,79.70022781517363,0.0,0.0,0.0,0.0,0.0,0.0
69,17.25,R5Z1,77.60722116680283,0.0,135.0,0.0,0.0,67.31942762508783,34.54777637246945,0.0,0.0,0.0,0.0,0.0,69.58134391910657,0.0,0.0,0.0,0.0,0.0,0.0
69,17.25,R5Z2,126.40095131295166,0.0,135.0,17.593843161574767,55.32314952855289,0.0,0.0,0.0,10.57727375314005,0.0,0.0,0.0,165.55654267856232,0.0,0.0,0.0,0.0,0.0,0.0
69,17.25,R5Z3,175.43317118314036,0.0,0.0,54.115709827908546,172.2305564406864,-1.4210854715202004e-14,0.0,0.0,10.57727375314005,0.0,0.0,0.0,140.42383906429492,0.0,0.0,0.0,0.0,0.0,0.0
69,17.25,R5Z4,135.02700879846483,0.0,0.0,0.0,0.0,59.23273003510275,42.52202980099247,0.0,21.1545475062801,0.0,0.0,0.0,0.0,0.0,0.0,0.0,0.0,0.0,0.0
69,17.25,R5Z5,111.73649605073128,0.0,0.0,22.243531356922475,99.81488941824024,-3.552713678800501e-15,0.0,0.0,10.57727375314005,0.0,0.0,0.0,77.25557234342425,0.0,0.0,0.0,0.0,0.0,0.0
69,17.25,R5Z6,127.23531211092492,0.0,0.0,22.70225218289029,127.45441292141912,0.0,0.0,0.0,21.1545475062801,0.0,0.0,0.0,156.82181897345407,0.0,0.0,0.0,0.0,0.0,0.0
69,17.25,R5Z7,113.90128232619159,0.0,0.0,0.0,0.0,45.368163656708944,55.433228981498736,0.0,0.0,0.0,0.0,0.0,85.08146716181245,0.0,0.0,0.0,0.0,0.0,0.0
69,17.25,R5Z8,91.17584864070207,0.0,0.0,0.0,0.0,44.371740842262426,46.02193516093849,0.0,10.57727375314005,0.0,0.0,0.0,158.35672171279256,0.0,0.0,0.0,0.0,0.0,0.0
69,17.25,R5Z9,115.01991147923128,0.0,0.0,57.13096200337927,151.8615179447379,0.0,0.0,0.0,0.0,0.0,0.0,0.0,82.50537231086324,0.0,0.0,0.0,0.0,0.0,0.0
69,17.25,R6Z1,110.96574869961833,0.0,135.0,0.0,0.0,47.732935968064496,35.83283915080682,0.0,0.0,0.0,0.0,0.0,0.0,0.0,0.0,633.4437513265306,0.0,0.0,0.0
69,17.25,R6Z2,92.72505638057241,0.0,135.0,0.0,0.0,41.27192146067222,47.643393866889795,0.0,21.1545475062801,0.0,0.0,0.0,134.40367641158474,0.0,0.0,633.9875305840637,0.0,0.0,0.0
69,17.25,R6Z3,77.90354164132138,0.0,0.0,57.14794061626395,105.25139615230958,0.0,0.0,0.0,10.57727375314005,0.0,0.0,0.0,79.1579495422529,0.0,0.0,0.0,0.0,0.0,0.0
69,17.25,R6Z4,71.07914176877985,0.0,0.0,0.0,0.0,20.507018487646278,51.21103599641217,0.0,10.57727375314005,0.0,0.0,0.0,75.05868962052418,0.0,0.0,0.0,0.0,0.0,0.0
69,17.25,R7Z1,86.08274505044727,0.0,135.0,54.832224794834076,124.96178024979909,-7.105427357601002e-15,0.0,0.0,10.57727375314005,0.0,0.0,0.0,0.0,0.0,0.0,632.3575916308067,0.0,0.0,0.0
69,17.25,R7Z2,85.12118264098554,0.0,135.0,44.2368413825201,45.92715048710353,0.0,0.0,0.0,0.0,0.0,0.0,0.0,160.01932213062523,0.0,0.0,0.0,0.0,0.0,0.0
69,17.25,R7Z3,68.14974180634341,0.0,0.0,0.0,0.0,18.188466536021657,118.8647489960034,0.0,21.1545475062801,0.0,0.0,0.0,136.65797414381223,0.0,0.0,0.0,0.0,0.0,0.0
69,17.25,R7Z4,90.04907263886412,0.0,0.0,0.0,126.46699318578737,70.87099850053883,0.6731003069570107,0.0,10.57727375314005,0.0,0.0,0.0,66.67709244627089,0.0,0.0,0.0,0.0,0.0,0.0
69,17.25,R7Z5,141.41494451188288,0.0,0.0,0.0,0.0,18.237308925722466,153.89355505308717,0.0,21.1545475062801,0.0,0.0,0.0,0.0,0.0,0.0,0.0,0.0,0.0,0.0
69,17.25,R7Z6,79.3763765736286,0.0,0.0,0.0,0.0,46.17995076630463,66.84289416596496,0.0,21.1545475062801,0.0,0.0,0.0,0.0,0.0,0.0,0.0,0.0,0.0,0.0
69,17.25,R7Z7,90.21024255814947,0.0,0.0,37.68549851366698,20.33592059027874,0.0,0.0,0.0,0.0,0.0,0.0,0.0,66.9763166303075,0.0,0.0,0.0,0.0,0.0,0.0
69,17.25,R7Z8,98.714045136066,0.0,0.0,0.0,75.94996917447405,41.95961894019134,13.30897577126494,0.0,21.1545475062801,0.0,0.0,0.0,142.26281091367568,0.0,0.0,0.0,0.0,0.0,0.0
69,17.25,R7Z9,142.56282533593355,0.0,0.0,43.00403649779422,72.32623025981096,0.0,0.0,0.0,21.1545475062801,0.0,0.0,0.0,77.78362016314333,0.0,0.0,0.0,0.0,0.0,0.0
69,17.25,R8Z1,152.2599216363549,0.0,135.0,0.0,0.0,39.04732853918031,90.19913949195166,0.0,10.57727375314005,0.0,0.0,0.0,82.82666927364963,0.0,0.0,634.5317766484449,0.0,0.0,0.0
69,17.25,R8Z2,141.2062919675797,0.0,135.0,0.0,0.0,44.63430131405957,130.85590872421477,0.0,10.57727375314005,0.0,0.0,0.0,144.29129379985542,0.0,0.0,0.0,0.0,0.0,0.0
69,17.25,R8Z3,93.88257355189572,0.0,0.0,0.0,0.0,44.25797080053252,19.572110448227996,0.0,10.57727375314005,0.0,0.0,0.0,168.81058839266726,0.0,0.0,0.0,0.0,0.0,0.0
69,17.25,R8Z4,89.09071425466573,0.0,0.0,45.60540687294227,88.95705852409532,0.0,0.0,0.0,0.0,0.0,0.0,0.0,0.0,0.0,0.0,0.0,0.0,0.0,0.0
69,17.25,R8Z5,76.57532889211686,0.0,0.0,0.0,0.0,42.172429429842666,77.82027339673319,0.0,10.57727375314005,0.0,0.0,0.0,84.00899570412285,0.0,0.0,0.0,0.0,0.0,0.0
69,17.25,R8Z6,99.75162071567001,0.0,0.0,0.0,23.40537969764216,19.340850372410017,84.07595379070737,0.0,10.57727375314005,0.0,0.0,0.0,0.0,0.0,0.0,0.0,0.0,0.0,0.0
69,17.25,R8Z7,64.32717143286605,0.0,0.0,47.58706805834305,38.43614785675834,-7.105427357601002e-15,0.0,0.0,0.0,0.0,0.0,0.0,77.83293635630487,0.0,0.0,0.0,0.0,0.0,0.0
69,17.25,R8Z8,81.03133622964216,0.0,0.0,0.0,0.0,45.020304118951586,155.48317064499426,0.0,10.57727375314005,0.0,0.0,0.0,82.75319600212694,0.0,0.0,0.0,0.0,0.0,0.0
69,17.25,R9Z1,125.37934711552022,0.0,135.0,15.85253979891985,41.4423829606272,3.552713678800501e-15,0.0,0.0,10.57727375314005,0.0,0.0,0.0,0.0,0.0,0.0,633.4437513265306,0.0,0.0,0.0
69,17.25,R9Z2,116.8322812108063,0.0,135.0,17.16020635723146,92.99480638783139,0.0,0.0,0.0,10.57727375314005,0.0,0.0,0.0,73.58786090943565,0.0,0.0,633.4437513265306,0.0,0.0,0.0
69,17.25,R9Z3,110.20262913541536,0.0,0.0,36.459612336099624,46.04355632109561,0.0,0.0,0.0,21.1545475062801,0.0,0.0,0.0,135.2683484602952,0.0,0.0,0.0,0.0,0.0,0.0
69,17.25,R9Z4,130.8834969613593,0.0,0.0,43.99440346777129,80.80946540631618,-7.105427357601002e-15,0.0,0.0,10.57727375314005,0.0,0.0,0.0,70.94926707740579,0.0,0.0,0.0,0.0,0.0,0.0
69,17.25,R9Z5,77.89328371672009,0.0,0.0,0.0,69.36327726965186,31.941681765575154,92.54165168778857,0.0,10.57727375314005,0.0,0.0,0.0,147.76988093238873,0.0,0.0,0.0,0.0,0.0,0.0
69,17.25,R9Z6,79.4632267425427,0.0,0.0,0.0,0.0,15.296110396658054,52.122706060998595,0.0,10.57727375314005,0.0,0.0,0.0,157.11283683118236,0.0,0.0,0.0,0.0,0.0,0.0
69,17.25,R9Z7,69.36587971081634,0.0,0.0,53.36229353869336,28.515207859707537,0.0,0.0,0.0,0.0,0.0,0.0,0.0,75.29966668737815,0.0,0.0,0.0,0.0,0.0,0.0
69,17.25,R9Z8,128.60318418808748,0.0,0.0,39.08159385158095,70.85967951567704,0.0,0.0,0.0,10.57727375314005,0.0,0.0,0.0,70.35941085063469,0.0,0.0,0.0,0.0,0.0,0.0
69,17.25,R9Z9,83.59652640227586,0.0,0.0,38.82119732471669,42.00419251086808,0.0,0.0,0.0,0.0,0.0,0.0,0.0,159.6687730304668,0.0,0.0,0.0,0.0,0.0,0.0
69,17.25,R9Z10,94.94264731160868,0.0,0.0,0.0,0.0,34.495763334999026,81.41213676299138,0.0,0.0,0.0,0.0,0.0,0.0,0.0,0.0,0.0,0.0,0.0,0.0
69,17.25,R9Z11,87.3356822281604,0.0,0.0,0.0,31.149845421452497,15.727752737514693,87.9580998662726,0.0,0.0,0.0,0.0,0.0,157.79954580448728,0.0,0.0,0.0,0.0,0.0,0.0
69,17.25,R10Z1,119.41932460264603,0.0,0.0,20.967236168441502,125.12908857734823,3.552713678800501e-15,0.0,0.0,0.0,0.0,0.0,0.0,69.17266396759018,0.0,0.0,631.8152103928735,0.0,0.0,0.0
69,17.25,R10Z2,53.54874534748877,0.0,0.0,36.49218584021429,134.43783586824622,7.105427357601002e-15,0.0,0.0,0.0,0.0,0.0,0.0,164.7348818840403,0.0,0.0,633.4437513265306,0.0,0.0,0.0
69,17.25,R10Z3,78.36794426612181,0.0,0.0,60.55647961194772,94.02642695922479,7.105427357601002e-15,0.0,0.0,0.0,0.0,0.0,0.0,79.18722897332434,0.0,0.0,0.0,0.0,0.0,0.0
69,17.25,R10Z4,85.72485621424609,0.0,0.0,16.98809908260769,57.41728775012747,7.105427357601002e-15,0.0,0.0,21.1545475062801,0.0,0.0,0.0,80.28722850124643,0.0,0.0,0.0,0.0,0.0,0.0
69,17.25,R10Z5,50.62056219609082,0.0,0.0,0.0,0.0,17.354339422811005,178.1947486071692,0.0,21.1545475062801,0.0,0.0,0.0,0.0,0.0,0.0,0.0,0.0,0.0,0.0
69,17.25,R10Z6,95.12500220342991,0.0,0.0,31.003646905671424,45.72579386445714,0.0,0.0,0.0,21.1545475062801,0.0,0.0,0.0,68.11597247971572,0.0,0.0,0.0,0.0,0.0,0.0
69,17.25,R10Z7,75.18101078508477,0.0,0.0,18.594214201030155,108.59522813369546,7.105427357601002e-15,0.0,0.0,21.1545475062801,0.0,0.0,0.0,82.4049808785286,0.0,0.0,0.0,0.0,0.0,0.0
69,17.25,R10Z8,97.4457670557691,0.0,0.0,0.0,0.0,21.079816022147025,66.40896290978515,0.0,0.0,0.0,0.0,0.0,79.74055043992718,0.0,0.0,0.0,0.0,0.0,0.0
69,17.25,R10Z9,89.09676779592516,0.0,0.0,15.198880308301398,69.89980085145567,-3.552713678800501e-15,0.0,0.0,10.57727375314005,0.0,0.0,0.0,0.0,0.0,0.0,0.0,0.0,0.0,0.0
69,17.25,R11Z1,68.3885232242188,0.0,135.0,0.0,0.0,49.65117872295664,122.85871697646246,0.0,21.1545475062801,0.0,0.0,0.0,155.67371606552405,0.0,0.0,0.0,0.0,0.0,0.0
69,17.25,R11Z2,98.82468730001527,0.0,135.0,20.253341680324738,30.497944798248938,0.0,0.0,0.0,10.57727375314005,0.0,0.0,0.0,68.18126104840805,0.0,0.0,0.0,0.0,0.0,0.0
69,17.25,R11Z3,69.13030375603107,0.0,0.0,24.546505479730378,37.7364915758191,0.0,0.0,0.0,10.57727375314005,0.0,0.0,0.0,0.0,0.0,0.0,0.0,0.0,0.0,0.0
69,17.25,R11Z4,119.74758278265246,0.0,0.0,0.0,0.0,61.447265601298746,119.86727199277567,0.0,0.0,0.0,0.0,0.0,79.05100689617116,0.0,0.0,0.0,0.0,0.0,0.0
69,17.25,R11Z5,71.8967430844573,0.0,0.0,0.0,0.0,16.921954464592982,36.5118876911762,0.0,10.57727375314005,0.0,0.0,0.0,86.556871211649,0.0,0.0,0.0,0.0,0.0,0.0
69,17.25,R11Z6,89.05061047505103,0.0,0.0,0.0,0.0,25.237054958312157,79.29527681785649,0.0,0.0,0.0,0.0,0.0,0.0,0.0,0.0,0.0,0.0,0.0,0.0
69,17.25,R11Z7,97.76196383683751,0.0,0.0,0.0,128.31111272262703,18.065256816865734,31.68888727737297,0.0,10.57727375314005,0.0,0.0,0.0,0.0,0.0,0.0,0.0,0.0,0.0,0.0
69,17.25,R11Z8,135.27105717083896,0.0,0.0,36.71770232593512,98.60873198733977,0.0,0.0,0.0,10.57727375314005,0.0,0.0,0.0,155.52320021460275,0.0,0.0,0.0,0.0,0.0,0.0
69,17.25,R12Z1,94.69252830132817,0.0,135.0,0.0,51.61279625659651,55.51732306898434,72.63142513302465,0.0,21.1545475062801,0.0,0.0,0.0,134.2584265378423,0.0,0.0,0.0,0.0,0.0,0.0
69,17.25,R12Z2,143.8691109951519,0.0,135.0,0.0,0.0,16.098704836345746,83.09420985552508,0.0,10.57727375314005,0.0,0.0,0.0,85.6383754605308,0.0,0.0,0.0,0.0,0.0,0.0
69,17.25,R12Z3,96.32182960630068,0.0,0.0,61.31032007444412,15.18791444515725,-7.105427357601002e-15,0.0,0.0,10.57727375314005,0.0,0.0,0.0,155.17688088203278,0.0,0.0,0.0,0.0,0.0,0.0
69,17.25,R12Z4,92.66741471355351,0.0,0.0,6.820807286822593,55.59004682719141,61.595461595104204,0.0,0.0,0.0,0.0,0.0,0.0,0.0,0.0,0.0,0.0,0.0,0.0,0.0
69,17.25,R12Z5,89.84135676176814,0.0,0.0,0.0,0.0,20.714103352187493,90.3281013989889,0.0,0.0,0.0,0.0,0.0,146.90878271305954,0.0,0.0,0.0,0.0,0.0,0.0
69,17.25,R12Z6,82.3632326834729,0.0,0.0,43.70910596788493,58.65871935959763,7.105427357601002e-15,0.0,0.0,0.0,0.0,0.0,0.0,0.0,0.0,0.0,0.0,0.0,0.0,0.0
69,17.25,R12Z7,65.30480040194482,0.0,0.0,0.0,0.0,51.83627425697342,59.567214054746756,0.0,21.1545475062801,0.0,0.0,0.0,0.0,0.0,0.0,0.0,0.0,0.0,0.0
69,17.25,R12Z8,137.4928338740208,0.0,0.0,0.0,0.0,38.78019390379147,64.21119887900383,0.0,0.0,0.0,0.0,0.0,70.95784853883596,0.0,0.0,0.0,0.0,0.0,0.0
69,17.25,R12Z9,85.22351816315884,0.0,0.0,20.765565811908857,115.92754861099749,-7.105427357601002e-15,0.0,0.0,21.1545475062801,0.0,0.0,0.0,160.9978979815917,0.0,0.0,0.0,0.0,0.0,0.0
70,17.5,R1Z1,74.39813055553877,0.0,0.0,50.31587235407832,142.7855629159101,-1.4210854715202004e-14,0.0,0.0,23.579979452222474,0.0,0.0,0.0,147.06869544188623,0.0,0.0,573.4092260375347,0.0,0.0,0.0
70,17.5,R1Z2,50.18418661788797,0.0,0.0,16.19738341363839,136.41680972638835,-7.105427357601002e-15,0.0,0.0,23.579979452222474,0.0,0.0,0.0,200.63181588311704,0.0,0.0,0.0,0.0,0.0,0.0
70,17.5,R1Z3,108.62947966672873,0.0,0.0,42.09169895790964,72.61758552466382,0.0,0.0,0.0,11.789989726111237,0.0,0.0,0.0,200.63181588311704,0.0,0.0,0.0,0.0,0.0,0.0
70,17.5,R1Z4,95.73363251565719,0.0,0.0,52.58060388826769,67.3382932199554,-7.105427357601002e-15,0.0,0.0,23.579979452222474,0.0,0.0,0.0,0.0,0.0,0.0,0.0,0.0,0.0,0.0
70,17.5,R1Z5,103.58474930884154,0.0,0.0,32.006010000766935,32.32149121231774,7.105427357601002e-15,0.0,0.0,23.579979452222474,0.0,0.0,0.0,0.0,0.0,0.0,0.0,0.0,0.0,0.0
70,17.5,R1Z6,112.04052012228028,0.0,0.0,42.99752747618932,61.243068130984696,7.105427357601002e-15,0.0,0.0,0.0,0.0,0.0,0.0,100.31590794155852,0.0,0.0,0.0,0.0,0.0,0.0
70,17.5,R1Z7,94.12486551391818,0.0,0.0,17.073975093737218,35.214401720044364,3.552713678800501e-15,0.0,0.0,11.789989726111237,0.0,0.0,0.0,100.31590794155852,0.0,0.0,0.0,0.0,0.0,0.0
70,17.5,R1Z8,123.5118777010115,0.0,0.0,21.424909290103173,109.71629303767811,-1.0658141036401503e-14,0.0,0.0,0.0,0.0,0.0,0.0,0.0,0.0,0.0,0.0,0.0,0.0,0.0
70,17.5,R1Z9,110.98023489650771,0.0,0.0,42.68199540379234,104.04057173645475,7.105427357601002e-15,0.0,0.0,0.0,0.0,0.0,0.0,200.63181588311704,0.0,0.0,0.0,0.0,0.0,0.0
70,17.5,R1Z10,104.65264229123261,0.0,0.0,47.16053357972694,43.90005295747816,7.105427357601002e-15,0.0,0.0,0.0,0.0,0.0,50.457655509593934,187.5418619235446,0.0,0.0,0.0,0.0,0.0,0.0
70,17.5,R2Z1,125.47604746580281,0.0,135.0,0.0,0.0,70.09705291719317,73.98456438331499,0.0,0.0,0.0,0.0,0.0,72.35902279355048,0.0,0.0,635.0764899204039,0.0,0.0,0.0
70,17.5,R2Z2,94.39395848622517,0.0,135.0,56.53909939787121,40.64927745239561,0.0,0.0,0.0,0.0,0.0,0.0,0.0,78.20759691518066,0.0,0.0,631.8152103928735,0.0,0.0,0.0
70,17.5,R2Z3,103.08543668259658,0.0,0.0,0.0,26.838605983388874,90.44253464608856,21.419567052789205,0.0,11.789989726111237,0.0,0.0,0.0,67.6997350370424,0.0,0.0,0.0,0.0,0.0,0.0
70,17.5,R2Z4,101.24175931650493,0.0,0.0,19.447517514813878,5.655446127280108,0.0,0.0,0.0,23.579979452222474,0.0,0.0,0.0,0.0,0.0,0.0,0.0,0.0,0.0,0.0
70,17.5,R2Z5,78.97199092212512,0.0,0.0,29.5351055608038,112.30929837093157,7.105427357601002e-15,0.0,0.0,11.789989726111237,0.0,0.0,0.0,0.0,0.0,0.0,0.0,0.0,0.0,0.0
70,17.5,R2Z6,52.301006691600065,0.0,0.0,0.0,0.0,49.29208174911847,26.885658120239295,0.0,23.579979452222474,0.0,0.0,0.0,163.45999025781137,0.0,0.0,0.0,0.0,0.0,0.0
70,17.5,R2Z7,85.05689362200512,0.0,0.0,27.000676202282747,49.360299825059215,3.552713678800501e-15,0.0,0.0,23.579979452222474,0.0,0.0,0.0,83.51829557328294,0.0,0.0,0.0,0.0,0.0,0.0
70,17.5,R2Z8,109.81762707926512,0.0,0.0,59.60216253683503,48.10662630690128,0.0,0.0,0.0,0.0,0.0,0.0,0.0,86.062612525311,0.0,0.0,0.0,0.0,0.0,0.0
70,17.5,R2Z9,55.43623865139059,0.0,0.0,0.0,0.0,19.586608416967398,1.7845711338093695,0.0,11.789989726111237,0.0,0.0,0.0,78.71430503568227,0.0,0.0,0.0,0.0,0.0,0.0
70,17.5,R3Z1,103.2629053567219,0.0,0.0,79.38777608365474,28.78847304158143,0.0,0.0,0.0,0.0,0.0,0.0,0.0,0.0,0.0,0.0,0.0,0.0,0.0,0.0
70,17.5,R3Z2,68.07046538167955,0.0,0.0,0.0,0.0,50.758182327794756,86.09322516044524,0.0,23.579979452222474,0.0,0.0,0.0,156.7873883822513,0.0,0.0,0.0,0.0,0.0,0.0
70,17.5,R3Z3,96.80678002423852,0.0,0.0,19.844416588512118,59.376451974508996,-3.552713678800501e-15,0.0,0.0,11.789989726111237,0.0,0.0,0.0,0.0,0.0,0.0,0.0,0.0,0.0,0.0
70,17.5,R4Z1,139.13854369549523,0.0,135.0,13.591555762634272,152.00847141966693,0.0,0.0,0.0,23.579979452222474,0.0,0.0,0.0,77.56832803376236,0.0,0.0,0.0,0.0,0.0,0.0
70,17.5,R4Z2,145.14995696186497,0.0,0.0,0.0,0.0,56.07866401525206,41.1237080074801,0.0,23.579979452222474,0.0,0.0,0.0,153.3414830087491,0.0,0.0,0.0,0.0,0.0,0.0
70,17.5,R4Z3,121.63619111288243,0.0,0.0,0.0,0.0,28.426123952668394,125.28803964216065,0.0,0.0,0.0,0.0,0.0,0.0,0.0,0.0,0.0,0.0,0.0,0.0
70,17.5,R4Z4,134.34510410492243,0.0,0.0,0.0,0.0,20.795281152085327,35.93423243307975,0.0,0.0,0.0,0.0,0.0,0.0,0.0,0.0,0.0,0.0,0.0,0.0
70,17.5,R4Z5,89.48751173024861,0.0,0.0,20.1562573506977,141.441891914606,0.0,0.0,0.0,23.579979452222474,0.0,0.0,0.0,0.0,0.0,0.0,0.0,0.0,0.0,0.0
70,17.5,R4Z6,72.29129188464334,0.0,0.0,0.0,0.0,40.002207613630354,54.76697709296123,0.0,23.579979452222474,0.0,0.0,0.0,145.9398958426556,0.0,0.0,0.0,0.0,0.0,0.0
70,17.5,R4Z7,117.8382931478112,0.0,0.0,40.10520358180152,96.85933494117494,-1.4210854715202004e-14,0.0,0.0,23.579979452222474,0.0,0.0,0.0,0.0,0.0,0.0,0.0,0.0,0.0,0.0
70,17.5,R4Z8,92.87886730318533,0.0,0.0,0.0,0.0,35.695558743992585,38.54884995752661,0.0,23.579979452222474,0.0,0.0,0.0,0.0,0.0,0.0,0.0,0.0,0.0,0.0
70,17.5,R4Z9,135.5907263983894,0.0,0.0,13.825624811592775,164.4382195588401,25.256510577680437,0.0,0.0,0.0,0.0,0.0,0.0,84.47155820611705,0.0,0.0,0.0,0.0,0.0,0.0
70,17.5,R4Z10,70.52533162191857,0.0,0.0,18.72003263024061,161.1897090851959,1.4210854715202004e-14,0.0,0.0,0.0,0.0,0.0,0.0,86.0532228819413,0.0,0.0,0.0,0.0,0.0,0.0
70,17.5,R4Z11,107.85758731661619,0.0,0.0,30.80174409662456,111.18027295155261,-7.105427357601002e-15,0.0,0.0,11.789989726111237,0.0,0.0,0.0,79.61110483876207,0.0,0.0,0.0,0.0,0.0,0.0
70,17.5,R5Z1,89.06090849346886,0.0,135.0,67.96634448681988,58.870843600755656,0.0,0.0,0.0,0.0,0.0,0.0,0.0,69.50353615565615,0.0,0.0,0.0,0.0,0.0,0.0
70,17.5,R5Z2,118.7412138190996,0.0,135.0,0.0,0.0,16.49278402895627,50.36418527792968,0.0,11.789989726111237,0.0,0.0,0.0,165.37141282068868,0.0,0.0,0.0,0.0,0.0,0.0
70,17.5,R5Z3,170.69366645582213,0.0,0.0,0.0,0.0,63.76409774993355,132.04421137861553,0.0,11.789989726111237,0.0,0.0,0.0,140.26681328357105,0.0,0.0,0.0,0.0,0.0,0.0
70,17.5,R5Z4,114.68678659299005,0.0,0.0,0.0,0.0,58.71173081007252,57.45131479802167,0.0,23.579979452222474,0.0,0.0,0.0,0.0,0.0,0.0,0.0,0.0,0.0,0.0
70,17.5,R5Z5,118.78313735344781,0.0,0.0,21.87924916511048,64.62790551600968,-3.552713678800501e-15,0.0,0.0,11.789989726111237,0.0,0.0,0.0,77.16918304767981,0.0,0.0,0.0,0.0,0.0,0.0
70,17.5,R5Z6,161.8515476551658,0.0,0.0,23.529591960296784,120.28192042031449,-3.552713678800501e-15,0.0,0.0,23.579979452222474,0.0,0.0,0.0,156.64645652272682,0.0,0.0,0.0,0.0,0.0,0.0
70,17.5,R5Z7,99.60438870741224,0.0,0.0,38.21147828832815,26.615554732336918,0.0,0.0,0.0,0.0,0.0,0.0,0.0,84.9863267362605,0.0,0.0,0.0,0.0,0.0,0.0
70,17.5,R5Z8,104.07188903783714,0.0,0.0,39.155391000263705,93.8479879683575,7.105427357601002e-15,0.0,0.0,11.789989726111237,0.0,0.0,0.0,158.17964289180662,0.0,0.0,0.0,0.0,0.0,0.0
70,17.5,R5Z9,109.76254449518581,0.0,0.0,0.0,150.41636410954945,54.96329970021515,27.72767291501893,0.0,0.0,0.0,0.0,0.0,82.41311254509017,0.0,0.0,0.0,0.0,0.0,0.0
70,17.5,R6Z1,107.95151078014986,0.0,135.0,38.683057709110315,54.408206387327056,0.0,0.0,0.0,0.0,0.0,0.0,0.0,0.0,0.0,0.0,632.9004384754592,0.0,0.0,0.0
70,17.5,R6Z2,90.48070116070133,0.0,135.0,0.0,0.0,40.68688035804037,62.461573598217505,0.0,23.579979452222474,0.0,0.0,0.0,134.25338254153164,0.0,0.0,633.4437513265306,0.0,0.0,0.0
70,17.5,R6Z3,68.84171656098685,0.0,0.0,0.0,0.0,52.52035649678291,128.25321468816225,0.0,11.789989726111237,0.0,0.0,0.0,79.06943295625014,0.0,0.0,0.0,0.0,0.0,0.0
70,17.5,R6Z4,67.39955238773831,0.0,0.0,0.0,0.0,20.606114924377245,149.36176351480245,0.0,11.789989726111237,0.0,0.0,0.0,74.9747569391767,0.0,0.0,0.0,0.0,0.0,0.0
70,17.5,R7Z1,84.14356430278977,0.0,135.0,41.36715943672522,166.64653135676943,7.105427357601002e-15,0.0,0.0,11.789989726111237,0.0,0.0,0.0,0.0,0.0,0.0,631.8152103928735,0.0,0.0,0.0
70,17.5,R7Z2,86.69720669122704,0.0,135.0,50.11099611105343,34.27423717429448,7.105427357601002e-15,0.0,0.0,0.0,0.0,0.0,0.0,159.840384144341,0.0,0.0,0.0,0.0,0.0,0.0
70,17.5,R7Z3,74.96238806223076,0.0,0.0,0.0,0.0,14.927170723374148,169.148781623118,0.0,23.579979452222474,0.0,0.0,0.0,136.50515945632708,0.0,0.0,0.0,0.0,0.0,0.0
70,17.5,R7Z4,112.43461006850967,0.0,0.0,56.15720006184365,126.141041318532,7.105427357601002e-15,0.0,0.0,11.789989726111237,0.0,0.0,0.0,66.60253229631672,0.0,0.0,0.0,0.0,0.0,0.0
70,17.5,R7Z5,119.45167893316592,0.0,0.0,0.0,47.119332727160526,18.007672382197956,85.00498560803885,0.0,23.579979452222474,0.0,0.0,0.0,0.0,0.0,0.0,0.0,0.0,0.0,0.0
70,17.5,R7Z6,76.19926265142995,0.0,0.0,0.0,0.0,53.47771649218098,84.8248972975394,0.0,23.579979452222474,0.0,0.0,0.0,0.0,0.0,0.0,0.0,0.0,0.0,0.0
70,17.5,R7Z7,101.23005330737126,0.0,0.0,0.0,0.0,31.870644571513154,100.09309267988328,0.0,0.0,0.0,0.0,0.0,66.90142187967994,0.0,0.0,0.0,0.0,0.0,0.0
70,17.5,R7Z8,98.1493563890485,0.0,0.0,33.22928099706638,137.410595877851,0.0,0.0,0.0,23.579979452222474,0.0,0.0,0.0,142.10372874429086,0.0,0.0,0.0,0.0,0.0,0.0
70,17.5,R7Z9,135.40736518446735,0.0,0.0,0.0,0.0,42.98331110753783,69.27493328978444,0.0,23.579979452222474,0.0,0.0,0.0,77.69664038987239,0.0,0.0,0.0,0.0,0.0,0.0
70,17.5,R8Z1,147.29058795303655,0.0,135.0,0.0,0.0,35.47813951160952,98.80177976115662,0.0,11.789989726111237,0.0,0.0,0.0,82.73405022481776,0.0,0.0,633.9875305840637,0.0,0.0,0.0
70,17.5,R8Z2,120.59396554251889,0.0,135.0,36.481809325463246,114.96329597389297,1.4210854715202004e-14,0.0,0.0,11.789989726111237,0.0,0.0,0.0,144.12994332538074,0.0,0.0,0.0,0.0,0.0,0.0
70,17.5,R8Z3,92.25614974296177,0.0,0.0,0.0,0.0,33.782492376570396,93.19912862985794,0.0,11.789989726111237,0.0,0.0,0.0,168.62181977180168,0.0,0.0,0.0,0.0,0.0,0.0
70,17.5,R8Z4,89.35026297155979,0.0,0.0,0.0,0.0,39.18677249869179,90.55341751489438,0.0,0.0,0.0,0.0,0.0,0.0,0.0,0.0,0.0,0.0,0.0,0.0
70,17.5,R8Z5,82.6929267828671,0.0,0.0,44.086455707667156,109.88708521675328,1.4210854715202004e-14,0.0,0.0,11.789989726111237,0.0,0.0,0.0,83.9150545455121,0.0,0.0,0.0,0.0,0.0,0.0
70,17.5,R8Z6,112.97657757281202,0.0,0.0,16.159294282845522,81.99902160809546,0.0,0.0,0.0,11.789989726111237,0.0,0.0,0.0,0.0,0.0,0.0,0.0,0.0,0.0,0.0
70,17.5,R8Z7,81.10068819754987,0.0,0.0,0.0,26.438341087167544,49.36241130803637,38.30127256431571,0.0,0.0,0.0,0.0,0.0,77.74590143631679,0.0,0.0,0.0,0.0,0.0,0.0
70,17.5,R8Z8,85.7121405937386,0.0,0.0,0.0,0.0,53.316664792964254,130.4071649482217,0.0,11.789989726111237,0.0,0.0,0.0,82.66065911311851,0.0,0.0,0.0,0.0,0.0,0.0
70,17.5,R9Z1,106.88954198298654,0.0,135.0,18.48589595088073,29.582267700508353,-3.552713678800501e-15,0.0,0.0,11.789989726111237,0.0,0.0,0.0,0.0,0.0,0.0,632.9004384754592,0.0,0.0,0.0
70,17.5,R9Z2,107.35010193280426,0.0,135.0,17.35692625255757,101.36762493734437,7.105427357601002e-15,0.0,0.0,11.789989726111237,0.0,0.0,0.0,73.50557294901454,0.0,0.0,632.9004384754592,0.0,0.0,0.0
70,17.5,R9Z3,98.7919406823569,0.0,0.0,0.0,4.143733374010878,29.289260550083846,37.04461487550673,0.0,23.579979452222474,0.0,0.0,0.0,135.11708769028817,0.0,0.0,0.0,0.0,0.0,0.0
70,17.5,R9Z4,115.40767845226578,0.0,0.0,0.0,0.0,32.7989667721178,137.48953182323223,0.0,11.789989726111237,0.0,0.0,0.0,70.86992966483501,0.0,0.0,0.0,0.0,0.0,0.0
70,17.5,R9Z5,74.66753117243668,0.0,0.0,29.916586147584695,190.78682952561567,-3.552713678800501e-15,0.0,0.0,11.789989726111237,0.0,0.0,0.0,147.6046406065616,0.0,0.0,0.0,0.0,0.0,0.0
70,17.5,R9Z6,58.597004667675186,0.0,0.0,0.0,0.0,14.190668740045798,47.37392844590113,0.0,11.789989726111237,0.0,0.0,0.0,156.93714895632044,0.0,0.0,0.0,0.0,0.0,0.0
70,17.5,R9Z7,84.05006966337669,0.0,0.0,0.0,0.0,52.66365787678035,58.17919267552983,0.0,0.0,0.0,0.0,0.0,75.21546453887814,0.0,0.0,0.0,0.0,0.0,0.0
70,17.5,R9Z8,151.41188203834238,0.0,0.0,36.60481211320879,45.60208251383816,-7.105427357601002e-15,0.0,0.0,11.789989726111237,0.0,0.0,0.0,70.28073303144308,0.0,0.0,0.0,0.0,0.0,0.0
70,17.5,R9Z9,68.09885339474121,0.0,0.0,0.0,0.0,33.0276653193878,32.318290943154565,0.0,0.0,0.0,0.0,0.0,159.4902270377821,0.0,0.0,0.0,0.0,0.0,0.0
70,17.5,R9Z10,72.85147810479002,0.0,0.0,0.0,0.0,31.95837930382749,129.2655345559358,0.0,0.0,0.0,0.0,0.0,0.0,0.0,0.0,0.0,0.0,0.0,0.0
70,17.5,R9Z11,77.55956508305167,0.0,0.0,18.253779336585012,187.02965283701067,-7.105427357601002e-15,0.0,0.0,0.0,0.0,0.0,0.0,157.6230900328538,0.0,0.0,0.0,0.0,0.0,0.0
70,17.5,R10Z1,115.3800851522783,0.0,0.0,19.574050341107238,115.43529662952335,1.0658141036401503e-14,0.0,0.0,0.0,0.0,0.0,0.0,69.09531320124852,0.0,0.0,631.2732943623025,0.0,0.0,0.0
70,17.5,R10Z2,49.685328466206194,0.0,0.0,0.0,70.87122173501345,35.58092975388176,97.71065871086583,0.0,0.0,0.0,0.0,0.0,164.55067082975876,0.0,0.0,632.9004384754592,0.0,0.0,0.0
70,17.5,R10Z3,68.62049475658392,0.0,0.0,0.0,0.0,66.3203503527874,88.69687475020683,0.0,0.0,0.0,0.0,0.0,79.09867964626027,0.0,0.0,0.0,0.0,0.0,0.0
70,17.5,R10Z4,91.1549595219943,0.0,0.0,0.0,0.0,18.181936901096226,50.98803567402485,0.0,23.579979452222474,0.0,0.0,0.0,80.19744912459947,0.0,0.0,0.0,0.0,0.0,0.0
70,17.5,R10Z5,44.523987891781715,0.0,0.0,13.60741357606895,130.7923766837728,0.0,0.0,0.0,23.579979452222474,0.0,0.0,0.0,0.0,0.0,0.0,0.0,0.0,0.0,0.0
70,17.5,R10Z6,103.34707804762417,0.0,0.0,0.0,0.0,44.696607349468614,60.46484613348068,0.0,23.579979452222474,0.0,0.0,0.0,68.03980333472107,0.0,0.0,0.0,0.0,0.0,0.0
70,17.5,R10Z7,89.66252871871015,0.0,0.0,0.0,0.0,16.465905451524975,155.22044117449695,0.0,23.579979452222474,0.0,0.0,0.0,82.31283337320323,0.0,0.0,0.0,0.0,0.0,0.0
70,17.5,R10Z8,79.50232860618114,0.0,0.0,0.0,0.0,20.586107838070102,57.52540416082557,0.0,0.0,0.0,0.0,0.0,79.65138237365285,0.0,0.0,0.0,0.0,0.0,0.0
70,17.5,R10Z9,104.88542862072737,0.0,0.0,0.0,112.82851931424467,18.32457017262078,4.882561796456045,0.0,11.789989726111237,0.0,0.0,0.0,0.0,0.0,0.0,0.0,0.0,0.0,0.0
70,17.5,R11Z1,81.04592571183304,0.0,135.0,0.0,0.0,40.82190200347031,89.22888952386359,0.0,23.579979452222474,0.0,0.0,0.0,155.49963745489595,0.0,0.0,0.0,0.0,0.0,0.0
70,17.5,R11Z2,114.13217797774162,0.0,135.0,0.0,0.0,22.423716463697936,51.928903987893875,0.0,11.789989726111237,0.0,0.0,0.0,68.10501889594872,0.0,0.0,0.0,0.0,0.0,0.0
70,17.5,R11Z3,104.22714494750603,0.0,0.0,0.0,0.0,23.531814276788772,27.16074217287863,0.0,11.789989726111237,0.0,0.0,0.0,0.0,0.0,0.0,0.0,0.0,0.0,0.0
70,17.5,R11Z4,132.44163536040918,0.0,0.0,0.0,0.0,60.1177498685742,240.0,0.0,0.0,0.0,0.0,0.0,78.96260989636262,0.0,0.0,0.0,0.0,0.0,0.0
70,17.5,R11Z5,78.4923625062216,0.0,0.0,15.299574751318644,79.73484842250586,-1.7763568394002505e-15,0.0,0.0,11.789989726111237,0.0,0.0,0.0,86.46008094890165,0.0,0.0,0.0,0.0,0.0,0.0
70,17.5,R11Z6,93.29598367940635,0.0,0.0,24.598509315671322,58.72548653495325,-3.552713678800501e-15,0.0,0.0,0.0,0.0,0.0,0.0,0.0,0.0,0.0,0.0,0.0,0.0,0.0
70,17.5,R11Z7,87.04179357839863,0.0,0.0,19.037839388086148,49.686112222556595,-3.552713678800501e-15,0.0,0.0,11.789989726111237,0.0,0.0,0.0,0.0,0.0,0.0,0.0,0.0,0.0,0.0
70,17.5,R11Z8,123.12849015844945,0.0,0.0,0.0,106.02649163633926,34.9152994530888,27.900047165931127,0.0,11.789989726111237,0.0,0.0,0.0,155.3492899149193,0.0,0.0,0.0,0.0,0.0,0.0
70,17.5,R12Z1,124.18987299219614,0.0,135.0,0.0,64.427818409787,65.53661235148458,112.68048083324007,0.0,23.579979452222474,0.0,0.0,0.0,134.10829509017398,0.0,0.0,0.0,0.0,0.0,0.0
70,17.5,R12Z2,133.77797213595386,0.0,135.0,18.236442648055686,240.0,7.105427357601002e-15,0.0,0.0,11.789989726111237,0.0,0.0,0.0,85.54261228487472,0.0,0.0,0.0,0.0,0.0,0.0
70,17.5,R12Z3,93.82952171538393,0.0,0.0,58.97410547576029,46.044501703613385,0.0,0.0,0.0,11.789989726111237,0.0,0.0,0.0,155.00335784610695,0.0,0.0,0.0,0.0,0.0,0.0
70,17.5,R12Z4,94.45314715120833,0.0,0.0,0.0,10.74955844787084,51.2873657175993,39.395016455630234,0.0,0.0,0.0,0.0,0.0,0.0,0.0,0.0,0.0,0.0,0.0,0.0
70,17.5,R12Z5,94.47573108602795,0.0,0.0,0.0,0.0,16.89737766696154,110.34704573643948,0.0,0.0,0.0,0.0,0.0,146.74450529083245,0.0,0.0,0.0,0.0,0.0,0.0
70,17.5,R12Z6,85.25563393634482,0.0,0.0,38.343743965815975,94.12062687725336,0.0,0.0,0.0,0.0,0.0,0.0,0.0,0.0,0.0,0.0,0.0,0.0,0.0,0.0
70,17.5,R12Z7,78.9792956011115,0.0,0.0,61.33764078325491,93.2511697320055,7.105427357601002e-15,0.0,0.0,23.579979452222474,0.0,0.0,0.0,0.0,0.0,0.0,0.0,0.0,0.0,0.0
70,17.5,R12Z8,122.32259309468981,0.0,0.0,0.0,0.0,34.8171840065455,89.22958051122032,0.0,0.0,0.0,0.0,0.0,70.87850153024011,0.0,0.0,0.0,0.0,0.0,0.0
70,17.5,R12Z9,87.83488689577833,0.0,0.0,0.0,0.0,23.751078205063198,97.18295189366337,0.0,23.579979452222474,0.0,0.0,0.0,160.81786572500394,0.0,0.0,0.0,0.0,0.0,0.0
71,17.75,R1Z1,69.7634117953714,0.0,0.0,53.50386806668297,98.77392698552808,-1.4210854715202004e-14,0.0,0.0,11.228971429943673,0.0,0.0,0.0,146.90423920086843,0.0,0.0,572.9174055707977,0.0,0.0,0.0
71,17.75,R1Z2,52.30927518009499,0.0,0.0,11.542543611629071,134.19652334785232,8.881784197001252e-15,0.0,0.0,11.228971429943673,0.0,1.8635196517834922,0.0,200.85641902900448,0.0,0.0,0.0,0.0,0.0,0.0
71,17.75,R1Z3,87.13211999702287,0.0,0.0,61.18252527488039,141.1858721210005,-1.4210854715202004e-14,0.0,0.0,5.614485714971837,0.0,1.8635196517834922,0.0,200.85641902900448,0.0,0.0,0.0,0.0,0.0,0.0
71,17.75,R1Z4,111.17649362440879,0.0,0.0,58.95264160252344,86.88065713046342,7.105427357601002e-15,0.0,0.0,11.228971429943673,0.0,0.0,0.0,0.0,0.0,0.0,0.0,0.0,0.0,0.0
71,17.75,R1Z5,118.11498299838776,0.0,0.0,34.67290712369409,22.999367464840713,7.105427357601002e-15,0.0,0.0,11.228971429943673,0.0,0.0,0.0,0.0,0.0,0.0,0.0,0.0,0.0,0.0
71,17.75,R1Z6,121.12875999558848,0.0,0.0,56.810793857076504,70.00141922658852,7.105427357601002e-15,0.0,0.0,0.0,0.0,0.9317598258917461,0.0,100.42820951450224,0.0,0.0,0.0,0.0,0.0,0.0
71,17.75,R1Z7,99.88536256156586,0.0,0.0,16.547785137792676,23.945468482736242,-3.552713678800501e-15,0.0,0.0,5.614485714971837,0.0,0.9317598258917461,0.0,100.42820951450224,0.0,0.0,0.0,0.0,0.0,0.0
71,17.75,R1Z8,105.56572099271591,0.0,0.0,0.0,127.39800541692516,16.169528614479262,30.07013323608753,0.0,0.0,0.0,0.0,0.0,0.0,0.0,0.0,0.0,0.0,0.0,0.0
71,17.75,R1Z9,89.70469193042982,0.0,0.0,37.49294051986607,129.51651491599716,7.105427357601002e-15,0.0,0.0,0.0,0.0,1.8635196517834922,0.0,200.85641902900448,0.0,0.0,0.0,0.0,0.0,0.0
71,17.75,R1Z10,107.65774159149119,0.0,0.0,40.58392481210791,75.7984871012779,0.0,0.0,0.0,0.0,0.0,56.13644633367196,0.0,200.85641902900448,0.0,0.0,0.0,0.0,0.0,0.0
71,17.75,R2Z1,128.53266535341285,0.0,135.0,71.5296096933116,78.41983526146323,0.0,0.0,0.0,0.0,0.0,0.0,0.0,72.27810895354807,0.0,0.0,634.5317766484449,0.0,0.0,0.0
71,17.75,R2Z2,116.69884055855219,0.0,135.0,51.61251786950935,38.56276850618768,7.105427357601002e-15,0.0,0.0,0.0,0.0,0.0,0.0,78.1201430394999,0.0,0.0,631.2732943623025,0.0,0.0,0.0
71,17.75,R2Z3,103.04488956883067,0.0,0.0,72.96760717819348,40.71197356370711,1.4210854715202004e-14,0.0,0.0,5.614485714971837,0.0,0.0,0.0,67.62403134015,0.0,0.0,0.0,0.0,0.0,0.0
71,17.75,R2Z4,89.95799706217821,0.0,0.0,0.0,0.0,24.705395658472813,89.72162109729028,0.0,11.228971429943673,0.0,0.0,0.0,0.0,0.0,0.0,0.0,0.0,0.0,0.0
71,17.75,R2Z5,76.21793518010861,0.0,0.0,0.0,45.08121018543086,20.26429986850087,39.56115737861431,0.0,5.614485714971837,0.0,0.0,0.0,0.0,0.0,0.0,0.0,0.0,0.0,0.0
71,17.75,R2Z6,58.56863303179728,0.0,0.0,36.00203272083186,129.78926549371346,-7.105427357601002e-15,0.0,0.0,11.228971429943673,0.0,0.0,0.0,163.27720482224444,0.0,0.0,0.0,0.0,0.0,0.0
71,17.75,R2Z7,78.62226216932885,0.0,0.0,22.733865824388474,59.86341740723704,3.552713678800501e-15,0.0,0.0,11.228971429943673,0.0,0.0,0.0,83.42490312899065,0.0,0.0,0.0,0.0,0.0,0.0
71,17.75,R2Z8,121.5688685310016,0.0,0.0,45.474381140578124,33.637026904430904,-7.105427357601002e-15,0.0,0.0,0.0,0.0,0.0,0.0,85.96637495615627,0.0,0.0,0.0,0.0,0.0,0.0
71,17.75,R2Z9,63.59593433903234,0.0,0.0,0.0,0.0,17.08258698700247,137.95149405668633,0.0,5.614485714971837,0.0,0.0,0.0,78.62628454511083,0.0,0.0,0.0,0.0,0.0,0.0
71,17.75,R3Z1,111.12747883146872,0.0,0.0,0.0,0.0,70.21946645041442,40.607286511124485,0.0,0.0,0.0,0.0,0.0,0.0,0.0,0.0,0.0,0.0,0.0,0.0
71,17.75,R3Z2,82.33594701555329,0.0,0.0,0.0,0.0,50.269586654035265,188.3278233544001,0.0,11.228971429943673,0.0,0.0,0.0,156.6120644327536,0.0,0.0,0.0,0.0,0.0,0.0
71,17.75,R3Z3,95.94138252555723,0.0,0.0,16.286181209797178,46.16731262837946,0.0,0.0,0.0,5.614485714971837,0.0,0.0,0.0,0.0,0.0,0.0,0.0,0.0,0.0,0.0
71,17.75,R4Z1,146.70201038041557,0.0,135.0,0.0,0.0,14.140183108199036,183.0827491838955,0.0,11.228971429943673,0.0,0.0,0.0,77.48158900604378,0.0,0.0,0.0,0.0,0.0,0.0
71,17.75,R4Z2,149.6271539489866,0.0,0.0,0.0,0.0,55.10027626151955,36.323780297217866,0.0,11.228971429943673,0.0,0.0,0.0,153.1700123649663,0.0,0.0,0.0,0.0,0.0,0.0
71,17.75,R4Z3,134.31122251315543,0.0,0.0,24.983647003054358,194.40975725533096,-1.0658141036401503e-14,0.0,0.0,0.0,0.0,0.0,0.0,0.0,0.0,0.0,0.0,0.0,0.0,0.0
71,17.75,R4Z4,125.2086059462777,0.0,0.0,19.11534811559732,51.9914012957937,0.0,0.0,0.0,0.0,0.0,0.0,0.0,0.0,0.0,0.0,0.0,0.0,0.0,0.0
71,17.75,R4Z5,72.80376991514851,0.0,0.0,0.0,8.614675061527805,20.35663272527492,178.25794837265852,0.0,11.228971429943673,0.0,0.0,0.0,0.0,0.0,0.0,0.0,0.0,0.0,0.0
71,17.75,R4Z6,68.7365408016102,0.0,0.0,0.0,0.0,39.87326990631957,58.271611370422455,0.0,11.228971429943673,0.0,0.0,0.0,145.77670185624876,0.0,0.0,0.0,0.0,0.0,0.0
71,17.75,R4Z7,129.74484985173942,0.0,0.0,35.298802314629484,154.3787268042613,-7.105427357601002e-15,0.0,0.0,11.228971429943673,0.0,0.0,0.0,0.0,0.0,0.0,0.0,0.0,0.0,0.0
71,17.75,R4Z8,107.49671552381776,0.0,0.0,28.699314926082778,51.273038427424964,7.105427357601002e-15,0.0,0.0,11.228971429943673,0.0,0.0,0.0,0.0,0.0,0.0,0.0,0.0,0.0,0.0
71,17.75,R4Z9,133.73600741885812,0.0,0.0,32.103322247666,145.6327497813427,-1.4210854715202004e-14,0.0,0.0,0.0,0.0,0.0,0.0,84.37709979745466,0.0,0.0,0.0,0.0,0.0,0.0
71,17.75,R4Z10,83.6349441868218,0.0,0.0,3.1851615009458385,138.32450650734327,12.242093897716966,0.0,0.0,0.0,0.0,0.0,0.0,85.9569958125428,0.0,0.0,0.0,0.0,0.0,0.0
71,17.75,R4Z11,107.30538446005676,0.0,0.0,30.84948218064477,132.45895723060875,7.105427357601002e-15,0.0,0.0,5.614485714971837,0.0,0.0,0.0,79.52208152210234,0.0,0.0,0.0,0.0,0.0,0.0
71,17.75,R5Z1,75.97335933705259,0.0,135.0,59.493863058298516,45.72304584245798,7.105427357601002e-15,0.0,0.0,0.0,0.0,0.0,0.0,69.42581539897668,0.0,0.0,0.0,0.0,0.0,0.0
71,17.75,R5Z2,97.32746271076223,0.0,135.0,0.0,0.0,16.18091829305947,56.94223739339115,0.0,5.614485714971837,0.0,0.0,0.0,165.18648998008976,0.0,0.0,0.0,0.0,0.0,0.0
71,17.75,R5Z3,151.5288325264559,0.0,0.0,7.04635705123161,149.6960062468541,45.871002701314005,0.0,0.0,5.614485714971837,0.0,0.0,0.0,140.10996309337352,0.0,0.0,0.0,0.0,0.0,0.0
71,17.75,R5Z4,132.16322566331232,0.0,0.0,5.189763504866164,37.75787088631614,42.481883051724665,0.0,0.0,11.228971429943673,0.0,0.0,0.0,0.0,0.0,0.0,0.0,0.0,0.0,0.0
71,17.75,R5Z5,101.46466609699597,0.0,0.0,0.0,0.0,20.28188415285638,102.06521571414643,0.0,5.614485714971837,0.0,0.0,0.0,77.08289035481064,0.0,0.0,0.0,0.0,0.0,0.0
71,17.75,R5Z6,125.23847977325804,0.0,0.0,18.365519036239476,123.02223174681873,-1.0658141036401503e-14,0.0,0.0,11.228971429943673,0.0,0.0,0.0,156.47129016709223,0.0,0.0,0.0,0.0,0.0,0.0
71,17.75,R5Z7,111.59953628715971,0.0,0.0,0.0,0.0,38.893795658351785,46.123055029903796,0.0,0.0,0.0,0.0,0.0,84.89129269933672,0.0,0.0,0.0,0.0,0.0,0.0
71,17.75,R5Z8,97.35063587405482,0.0,0.0,0.0,0.0,39.60584275916681,91.54019682103673,0.0,5.614485714971837,0.0,0.0,0.0,158.00276208520557,0.0,0.0,0.0,0.0,0.0,0.0
71,17.75,R5Z9,98.13089860936931,0.0,0.0,44.05348216184461,185.51307162371882,7.105427357601002e-15,0.0,0.0,0.0,0.0,0.0,0.0,82.32095594671266,0.0,0.0,0.0,0.0,0.0,0.0
71,17.75,R6Z1,96.18835669977568,0.0,135.0,0.0,0.0,41.498953327123644,49.44335539930502,0.0,0.0,0.0,0.0,0.0,0.0,0.0,0.0,632.3575916308067,0.0,0.0,0.0
71,17.75,R6Z2,79.21521162201773,0.0,135.0,26.75061205348964,45.67437009616686,-3.552713678800501e-15,0.0,0.0,11.228971429943673,0.0,0.0,0.0,134.10325673419808,0.0,0.0,632.9004384754592,0.0,0.0,0.0
71,17.75,R6Z3,68.79341909278156,0.0,0.0,0.0,0.0,54.34106950819269,130.86145115051897,0.0,5.614485714971837,0.0,0.0,0.0,78.98101535191684,0.0,0.0,0.0,0.0,0.0,0.0
71,17.75,R6Z4,68.00054237107838,0.0,0.0,0.0,0.0,20.372723301894755,232.78723899996305,0.0,5.614485714971837,0.0,0.0,0.0,74.89091811365103,0.0,0.0,0.0,0.0,0.0,0.0
71,17.75,R7Z1,79.89641390205199,0.0,135.0,4.657948423778578,136.49896518274466,26.93267927816962,0.0,0.0,5.614485714971837,0.0,0.0,0.0,0.0,0.0,0.0,631.2732943623025,0.0,0.0,0.0
71,17.75,R7Z2,79.31254621732472,0.0,135.0,48.63279520729692,63.242489677390736,-7.105427357601002e-15,0.0,0.0,0.0,0.0,0.0,0.0,159.66164625141116,0.0,0.0,0.0,0.0,0.0,0.0
71,17.75,R7Z3,68.40338544358066,0.0,0.0,22.029774368458476,146.39694724954538,-7.105427357601002e-15,0.0,0.0,11.228971429943673,0.0,0.0,0.0,136.35251565040855,0.0,0.0,0.0,0.0,0.0,0.0
71,17.75,R7Z4,69.47646779409217,0.0,0.0,0.0,63.86198207912034,54.76022590918057,108.99203621583175,0.0,5.614485714971837,0.0,0.0,0.0,66.5280555215632,0.0,0.0,0.0,0.0,0.0,0.0
71,17.75,R7Z5,122.82744041726488,0.0,0.0,0.0,0.0,15.566064895803846,191.76803466948112,0.0,11.228971429943673,0.0,0.0,0.0,0.0,0.0,0.0,0.0,0.0,0.0,0.0
71,17.75,R7Z6,71.19510913160092,0.0,0.0,32.98389534626111,66.94531447898014,0.0,0.0,0.0,11.228971429943673,0.0,0.0,0.0,0.0,0.0,0.0,0.0,0.0,0.0,0.0
71,17.75,R7Z7,93.69977199871546,0.0,0.0,39.184560118104685,101.87959452877394,0.0,0.0,0.0,0.0,0.0,0.0,0.0,66.82661087841267,0.0,0.0,0.0,0.0,0.0,0.0
71,17.75,R7Z8,104.14376898666967,0.0,0.0,0.0,14.182202516624244,54.080058330140226,108.53189239997243,0.0,11.228971429943673,0.0,0.0,0.0,141.94482446494249,0.0,0.0,0.0,0.0,0.0,0.0
71,17.75,R7Z9,126.58395122878304,0.0,0.0,0.0,0.0,54.6049651482232,63.09696905420098,0.0,11.228971429943673,0.0,0.0,0.0,77.60975787976486,0.0,0.0,0.0,0.0,0.0,0.0
71,17.75,R8Z1,146.67379124461726,0.0,135.0,0.0,0.0,37.27348931597401,103.11610256110056,0.0,5.614485714971837,0.0,0.0,0.0,82.64153474514161,0.0,0.0,633.4437513265306,0.0,0.0,0.0
71,17.75,R8Z2,131.97114309745282,0.0,135.0,35.747533238991025,214.38392335432673,-7.105427357601002e-15,0.0,0.0,5.614485714971837,0.0,0.0,0.0,143.96877327742334,0.0,0.0,0.0,0.0,0.0,0.0
71,17.75,R8Z3,70.95632299887397,0.0,0.0,0.0,0.0,34.89899666366665,52.23930130010439,0.0,5.614485714971837,0.0,0.0,0.0,168.4332622371752,0.0,0.0,0.0,0.0,0.0,0.0
71,17.75,R8Z4,80.5127128072018,0.0,0.0,0.0,0.0,23.678186985336293,106.22741719524211,0.0,0.0,0.0,0.0,0.0,0.0,0.0,0.0,0.0,0.0,0.0,0.0
71,17.75,R8Z5,75.33856981814621,0.0,0.0,24.000672353096263,128.37819168194432,3.552713678800501e-15,0.0,0.0,5.614485714971837,0.0,0.0,0.0,83.8212184344764,0.0,0.0,0.0,0.0,0.0,0.0
71,17.75,R8Z6,110.70756293403461,0.0,0.0,0.0,0.0,18.857822026639994,128.2708012547345,0.0,5.614485714971837,0.0,0.0,0.0,0.0,0.0,0.0,0.0,0.0,0.0,0.0
71,17.75,R8Z7,65.31047599722659,0.0,0.0,0.0,0.0,42.386659076657814,42.52349048316838,0.0,0.0,0.0,0.0,0.0,77.65896384115868,0.0,0.0,0.0,0.0,0.0,0.0
71,17.75,R8Z8,94.27479695941489,0.0,0.0,0.0,103.90504556545497,40.245552964371264,70.0594488423184,0.0,5.614485714971837,0.0,0.0,0.0,82.56822570139242,0.0,0.0,0.0,0.0,0.0,0.0
71,17.75,R9Z1,137.0916255435985,0.0,135.0,14.9830326264102,42.98234522152791,-1.7763568394002505e-15,0.0,0.0,5.614485714971837,0.0,0.0,0.0,0.0,0.0,0.0,632.3575916308067,0.0,0.0,0.0
71,17.75,R9Z2,108.87437576876708,0.0,135.0,0.0,0.0,13.52280173657555,129.75985406788456,0.0,5.614485714971837,0.0,0.0,0.0,73.42337700524327,0.0,0.0,632.3575916308067,0.0,0.0,0.0
71,17.75,R9Z3,96.85941737628978,0.0,0.0,32.00946637720838,57.29694478955392,7.105427357601002e-15,0.0,0.0,11.228971429943673,0.0,0.0,0.0,134.9659960642147,0.0,0.0,0.0,0.0,0.0,0.0
71,17.75,R9Z4,129.45779093121968,0.0,0.0,0.0,0.0,34.66648913791976,98.31425277405027,0.0,5.614485714971837,0.0,0.0,0.0,70.79068096953071,0.0,0.0,0.0,0.0,0.0,0.0
71,17.75,R9Z5,79.24789236377629,0.0,0.0,21.811520299836218,205.49683919258294,2.737418777238485,0.0,0.0,5.614485714971837,0.0,0.0,0.0,147.43958505698998,0.0,0.0,0.0,0.0,0.0,0.0
71,17.75,R9Z6,72.10227362200659,0.0,0.0,0.0,0.0,16.50276752208482,70.90866318220792,0.0,5.614485714971837,0.0,0.0,0.0,156.76165754044936,0.0,0.0,0.0,0.0,0.0,0.0
71,17.75,R9Z7,70.34150257127412,0.0,0.0,0.0,0.0,47.65361019320624,41.67750845156952,0.0,0.0,0.0,0.0,0.0,75.13135654752548,0.0,0.0,0.0,0.0,0.0,0.0
71,17.75,R9Z8,135.12374859746558,0.0,0.0,30.08211999844042,67.06752686883247,-3.552713678800501e-15,0.0,0.0,5.614485714971837,0.0,0.0,0.0,70.20214319194257,0.0,0.0,0.0,0.0,0.0,0.0
71,17.75,R9Z9,82.52674547222449,0.0,0.0,32.48704146143463,48.57416012496135,7.105427357601002e-15,0.0,0.0,0.0,0.0,0.0,0.0,159.31188070011382,0.0,0.0,0.0,0.0,0.0,0.0
71,17.75,R9Z10,86.09572731732912,0.0,0.0,0.0,0.0,29.0530418766375,107.76036226819397,0.0,0.0,0.0,0.0,0.0,0.0,0.0,0.0,0.0,0.0,0.0,0.0
71,17.75,R9Z11,88.96238380381386,0.0,0.0,15.084072992529741,165.6795056796856,-5.329070518200751e-15,0.0,0.0,0.0,0.0,0.0,0.0,157.4468315788944,0.0,0.0,0.0,0.0,0.0,0.0
71,17.75,R10Z1,111.5785538522054,0.0,0.0,18.75798935389257,85.20302526361093,0.0,0.0,0.0,0.0,0.0,0.0,0.0,69.01804893065113,0.0,0.0,630.7318431400796,0.0,0.0,0.0
71,17.75,R10Z2,58.770856186045755,0.0,0.0,29.789938265762984,126.0096355627803,3.552713678800501e-15,0.0,0.0,0.0,0.0,0.0,0.0,164.3666657653206,0.0,0.0,632.3575916308067,0.0,0.0,0.0
71,17.75,R10Z3,77.00703145148867,0.0,0.0,0.0,0.0,62.49360933151292,114.30717581592644,0.0,0.0,0.0,0.0,0.0,79.01022933747761,0.0,0.0,0.0,0.0,0.0,0.0
71,17.75,R10Z4,108.76878163427288,0.0,0.0,0.0,0.0,16.546551693634385,47.1914393345662,0.0,11.228971429943673,0.0,0.0,0.0,80.10777014170905,0.0,0.0,0.0,0.0,0.0,0.0
71,17.75,R10Z5,56.05520395200474,0.0,0.0,0.0,2.4166425403276293,15.10111078965947,172.12818136572366,0.0,11.228971429943673,0.0,0.0,0.0,0.0,0.0,0.0,0.0,0.0,0.0,0.0
71,17.75,R10Z6,79.33547716622375,0.0,0.0,38.64537023354255,43.67142987561891,0.0,0.0,0.0,11.228971429943673,0.0,0.0,0.0,67.96371936414937,0.0,0.0,0.0,0.0,0.0,0.0
71,17.75,R10Z7,79.32773288788133,0.0,0.0,0.0,0.0,14.279847535744432,155.54673724087405,0.0,11.228971429943673,0.0,0.0,0.0,82.2207889097407,0.0,0.0,0.0,0.0,0.0,0.0
71,17.75,R10Z8,86.58527916750646,0.0,0.0,18.40067140611761,61.24184862936859,3.552713678800501e-15,0.0,0.0,0.0,0.0,0.0,0.0,79.56231401755106,0.0,0.0,0.0,0.0,0.0,0.0
71,17.75,R10Z9,81.36644756721533,0.0,0.0,14.609108758720794,120.57192189363536,5.329070518200751e-15,0.0,0.0,5.614485714971837,0.0,0.0,0.0,0.0,0.0,0.0,0.0,0.0,0.0,0.0
71,17.75,R11Z1,80.01293891440143,0.0,135.0,39.15285100984937,240.0,-2.1316282072803006e-14,0.0,0.0,11.228971429943673,0.0,0.0,0.0,155.32575350373537,0.0,0.0,0.0,0.0,0.0,0.0
71,17.75,R11Z2,113.95437332758696,0.0,135.0,0.0,0.0,18.318016374468982,80.0,0.0,5.614485714971837,0.0,0.0,0.0,68.02886199955128,0.0,0.0,0.0,0.0,0.0,0.0
71,17.75,R11Z3,105.5436937833124,0.0,0.0,0.0,17.573696359763616,19.194034171462118,62.426303640236384,0.0,5.614485714971837,0.0,0.0,0.0,0.0,0.0,0.0,0.0,0.0,0.0,0.0
71,17.75,R11Z4,134.4472788808533,0.0,0.0,0.0,0.0,51.4480038021275,80.71329420370064,0.0,0.0,0.0,0.0,0.0,78.87431174449901,0.0,0.0,0.0,0.0,0.0,0.0
71,17.75,R11Z5,72.8534527843249,0.0,0.0,14.817167613111657,42.16418868028118,0.0,0.0,0.0,5.614485714971837,0.0,0.0,0.0,86.36339891967557,0.0,0.0,0.0,0.0,0.0,0.0
71,17.75,R11Z6,97.44928166742467,0.0,0.0,0.0,0.0,19.88835881881201,160.0,0.0,0.0,0.0,0.0,0.0,0.0,0.0,0.0,0.0,0.0,0.0,0.0
71,17.75,R11Z7,92.65860038271617,0.0,0.0,0.0,0.0,17.10627565439805,106.22730833786811,0.0,5.614485714971837,0.0,0.0,0.0,0.0,0.0,0.0,0.0,0.0,0.0,0.0
71,17.75,R11Z8,84.68920560542247,0.0,0.0,32.269928536494945,240.0,2.1316282072803006e-14,0.0,0.0,5.614485714971837,0.0,0.0,0.0,155.17557408649347,0.0,0.0,0.0,0.0,0.0,0.0
71,17.75,R12Z1,136.81900692823197,0.0,135.0,0.0,0.0,47.35455012610083,144.7300544938622,0.0,11.228971429943673,0.0,0.0,0.0,133.95833152360007,0.0,0.0,0.0,0.0,0.0,0.0
71,17.75,R12Z2,92.86270660233563,0.0,135.0,0.0,0.0,13.964055745815758,72.55950893165917,0.0,5.614485714971837,0.0,0.0,0.0,85.44695619422303,0.0,0.0,0.0,0.0,0.0,0.0
71,17.75,R12Z3,103.40275335046765,0.0,0.0,0.0,0.0,62.8227564405456,34.27897465450724,0.0,5.614485714971837,0.0,0.0,0.0,154.83002884838982,0.0,0.0,0.0,0.0,0.0,0.0
71,17.75,R12Z4,88.55488864932246,0.0,0.0,62.35304875848246,40.14962073179811,0.0,0.0,0.0,0.0,0.0,0.0,0.0,0.0,0.0,0.0,0.0,0.0,0.0,0.0
71,17.75,R12Z5,102.66520428060338,0.0,0.0,0.0,0.0,21.262769703720682,141.08111778984556,0.0,0.0,0.0,0.0,0.0,146.58041156811575,0.0,0.0,0.0,0.0,0.0,0.0
71,17.75,R12Z6,80.46153894366661,0.0,0.0,0.0,0.0,38.10742324475413,146.72019638717538,0.0,0.0,0.0,0.0,0.0,0.0,0.0,0.0,0.0,0.0,0.0,0.0
71,17.75,R12Z7,57.93297159432713,0.0,0.0,52.10780820468766,110.86808542660812,-7.105427357601002e-15,0.0,0.0,11.228971429943673,0.0,0.0,0.0,0.0,0.0,0.0,0.0,0.0,0.0,0.0
71,17.75,R12Z8,144.93686763471658,0.0,0.0,33.347509762785556,63.22979250058058,-7.105427357601002e-15,0.0,0.0,0.0,0.0,0.0,0.0,70.79924324964128,0.0,0.0,0.0,0.0,0.0,0.0
71,17.75,R12Z9,72.31502529999227,0.0,0.0,0.0,41.782366738779245,18.393879969996966,107.31469924602044,0.0,11.228971429943673,0.0,0.0,0.0,160.6380347854136,0.0,0.0,0.0,0.0,0.0,0.0
72,18.0,R1Z1,65.9932426687155,0.0,0.0,39.20143611666094,91.23436028543188,7.105427357601002e-15,0.0,0.0,56.67061770902775,0.0,0.0,0.0,146.73996685932107,0.0,0.0,572.4260069447993,0.0,0.0,0.0
72,18.0,R1Z2,35.571056647514794,0.0,0.0,0.0,0.0,13.378514249975787,193.82681001287457,0.0,56.67061770902775,0.0,0.9322810770017629,0.0,200.85641902900448,0.0,0.0,0.0,0.0,0.0,0.0
72,18.0,R1Z3,114.70317221346393,0.0,0.0,40.24048547439838,101.1794912694962,0.0,0.0,0.0,28.335308854513876,0.0,0.9322810770017629,0.0,200.85641902900448,0.0,0.0,0.0,0.0,0.0,0.0
72,18.0,R1Z4,116.9506174752181,0.0,0.0,47.313066383730046,122.71007843050555,7.105427357601002e-15,0.0,0.0,56.67061770902775,0.0,0.0,0.0,0.0,0.0,0.0,0.0,0.0,0.0,0.0
72,18.0,R1Z5,87.14949188649511,0.0,0.0,0.0,0.0,25.804076053258175,45.646575253296106,0.0,56.67061770902775,0.0,0.0,0.0,0.0,0.0,0.0,0.0,0.0,0.0,0.0
72,18.0,R1Z6,98.58937522589008,0.0,0.0,36.50842193078847,160.0,-7.105427357601002e-15,0.0,0.0,0.0,0.0,0.46614053850088144,0.0,100.42820951450224,0.0,0.0,0.0,0.0,0.0,0.0
72,18.0,R1Z7,100.96406034737558,0.0,0.0,12.090194360014735,60.86224248115306,-1.7763568394002505e-15,0.0,0.0,28.335308854513876,0.0,0.46614053850088144,0.0,100.42820951450224,0.0,0.0,0.0,0.0,0.0,0.0
72,18.0,R1Z8,119.07019975922172,0.0,0.0,0.0,94.73302772706931,22.575498364227382,20.227825012186244,0.0,0.0,0.0,0.0,0.0,0.0,0.0,0.0,0.0,0.0,0.0,0.0
72,18.0,R1Z9,110.11338799572871,0.0,0.0,36.53061851787956,76.33789975007,7.105427357601002e-15,0.0,0.0,0.0,0.0,0.9322810770017629,0.0,200.85641902900448,0.0,0.0,0.0,0.0,0.0,0.0
72,18.0,R1Z10,110.78927585982707,0.0,0.0,51.518758599228605,50.21387608981418,7.105427357601002e-15,0.0,0.0,0.0,0.0,0.9322810770017629,0.0,200.85641902900448,0.0,0.0,0.0,0.0,0.0,0.0
72,18.0,R2Z1,146.7359898075344,0.0,135.0,75.74518255720811,87.04330865550772,1.4210854715202004e-14,0.0,0.0,0.0,0.0,0.0,0.0,72.19728559361644,0.0,0.0,633.9875305840637,0.0,0.0,0.0
72,18.0,R2Z2,121.61111052216168,0.0,135.0,0.0,0.0,43.74197803582988,63.06737748693699,0.0,0.0,0.0,0.0,0.0,78.03278695713685,0.0,0.0,630.7318431400796,0.0,0.0,0.0
72,18.0,R2Z3,91.02568988330594,0.0,0.0,15.033197074519364,32.91107922047439,49.74572973892792,0.0,0.0,28.335308854513876,0.0,0.0,0.0,67.54841229720373,0.0,0.0,0.0,0.0,0.0,0.0
72,18.0,R2Z4,66.86401895886662,0.0,0.0,0.0,0.0,18.605959314864002,135.23129996690068,0.0,56.67061770902775,0.0,0.0,0.0,0.0,0.0,0.0,0.0,0.0,0.0,0.0
72,18.0,R2Z5,78.70166458318556,0.0,0.0,21.204620442497855,0.18500816468224546,0.0,0.0,0.0,28.335308854513876,0.0,0.0,0.0,0.0,0.0,0.0,0.0,0.0,0.0,0.0
72,18.0,R2Z6,52.67240897469621,0.0,0.0,0.0,0.0,27.219466865525256,94.62953297361467,0.0,56.67061770902775,0.0,0.0,0.0,163.094623782355,0.0,0.0,0.0,0.0,0.0,0.0
72,18.0,R2Z7,73.24796056876703,0.0,0.0,16.91020230607358,38.319648195107675,0.0,0.0,0.0,56.67061770902775,0.0,0.0,0.0,83.33161511868603,0.0,0.0,0.0,0.0,0.0,0.0
72,18.0,R2Z8,128.26329244059858,0.0,0.0,59.484094739230315,43.2593839172343,0.0,0.0,0.0,0.0,0.0,0.0,0.0,85.87024500248573,0.0,0.0,0.0,0.0,0.0,0.0
72,18.0,R2Z9,64.63337300683315,0.0,0.0,0.0,0.0,18.813185475044857,130.21866360898218,0.0,28.335308854513876,0.0,0.0,0.0,78.53836248146138,0.0,0.0,0.0,0.0,0.0,0.0
72,18.0,R3Z1,107.33787439510796,0.0,0.0,77.2263300349019,63.515433848994896,-1.4210854715202004e-14,0.0,0.0,0.0,0.0,0.0,0.0,0.0,0.0,0.0,0.0,0.0,0.0,0.0
72,18.0,R3Z2,91.14899067825365,0.0,0.0,0.0,0.0,44.652311870830225,175.902445388456,0.0,56.67061770902775,0.0,0.0,0.0,156.43693653529547,0.0,0.0,0.0,0.0,0.0,0.0
72,18.0,R3Z3,77.44614786435761,0.0,0.0,0.0,0.0,19.822097317161745,65.25483035134923,0.0,28.335308854513876,0.0,0.0,0.0,0.0,0.0,0.0,0.0,0.0,0.0,0.0
72,18.0,R4Z1,126.30124872445725,0.0,135.0,11.348487092046724,133.7918857153991,-7.105427357601002e-15,0.0,0.0,56.67061770902775,0.0,0.0,0.0,77.39494697228034,0.0,0.0,0.0,0.0,0.0,0.0
72,18.0,R4Z2,171.5589954710735,0.0,0.0,47.88911157004766,66.99926619199809,1.7614353791266097,0.0,0.0,56.67061770902775,0.0,0.0,0.0,152.99873346435115,0.0,0.0,0.0,0.0,0.0,0.0
72,18.0,R4Z3,137.28148835230772,0.0,0.0,0.0,137.28148835230772,28.18498927366545,18.24743964455422,0.0,0.0,0.0,0.0,0.0,0.0,0.0,0.0,0.0,0.0,0.0,0.0
72,18.0,R4Z4,130.3108501317015,0.0,0.0,0.0,6.025383498680867,17.881786038623897,37.300248831390164,0.0,0.0,0.0,0.0,0.0,0.0,0.0,0.0,0.0,0.0,0.0,0.0
72,18.0,R4Z5,106.44940766931778,0.0,0.0,19.938767789843098,114.1359448996098,7.105427357601002e-15,0.0,0.0,56.67061770902775,0.0,0.0,0.0,0.0,0.0,0.0,0.0,0.0,0.0,0.0
72,18.0,R4Z6,65.42819721298346,0.0,0.0,0.0,0.0,37.86201025951282,51.153145920167624,0.0,56.67061770902775,0.0,0.0,0.0,145.6136903578247,0.0,0.0,0.0,0.0,0.0,0.0
72,18.0,R4Z7,116.59382561621949,0.0,0.0,0.0,0.0,36.53527693248028,135.7989188874099,0.0,56.67061770902775,0.0,0.0,0.0,0.0,0.0,0.0,0.0,0.0,0.0,0.0
72,18.0,R4Z8,100.6907019284818,0.0,0.0,23.611021360731506,43.13014879000267,7.105427357601002e-15,0.0,0.0,56.67061770902775,0.0,0.0,0.0,0.0,0.0,0.0,0.0,0.0,0.0,0.0
72,18.0,R4Z9,127.95761859544885,0.0,0.0,31.117339247939555,132.75426936574212,7.105427357601002e-15,0.0,0.0,0.0,0.0,0.0,0.0,84.28274701477048,0.0,0.0,0.0,0.0,0.0,0.0
72,18.0,R4Z10,70.54917446444354,0.0,0.0,0.0,0.0,10.701383797256138,213.89686603420685,0.0,0.0,0.0,0.0,0.0,85.86087634688738,0.0,0.0,0.0,0.0,0.0,0.0
72,18.0,R4Z11,126.1094680790933,0.0,0.0,0.0,0.0,23.89917949473913,102.49301537040309,0.0,28.335308854513876,0.0,0.0,0.0,79.43315775375217,0.0,0.0,0.0,0.0,0.0,0.0
72,18.0,R5Z1,70.29687978686525,0.0,135.0,0.0,0.0,55.14486558169414,52.5778008220167,0.0,0.0,0.0,0.0,0.0,69.34818155177484,0.0,0.0,0.0,0.0,0.0,0.0
72,18.0,R5Z2,114.87623834493562,0.0,135.0,15.189017004911769,56.683554862458855,-7.105427357601002e-15,0.0,0.0,28.335308854513876,0.0,0.0,0.0,165.00177392527317,0.0,0.0,0.0,0.0,0.0,0.0
72,18.0,R5Z3,168.63729932750928,0.0,0.0,0.0,0.0,50.838759585276,112.51871997700509,0.0,28.335308854513876,0.0,0.0,0.0,139.9532882973522,0.0,0.0,0.0,0.0,0.0,0.0
72,18.0,R5Z4,128.85161745550326,0.0,0.0,0.0,0.0,52.18398997468985,39.901329027423444,0.0,56.67061770902775,0.0,0.0,0.0,0.0,0.0,0.0,0.0,0.0,0.0,0.0
72,18.0,R5Z5,120.01200182584618,0.0,0.0,20.25443161402282,127.91716411242098,7.105427357601002e-15,0.0,0.0,28.335308854513876,0.0,0.0,0.0,76.99669415679277,0.0,0.0,0.0,0.0,0.0,0.0
72,18.0,R5Z6,138.70937415668268,0.0,0.0,16.853066078133338,125.94372311693229,1.4210854715202004e-14,0.0,0.0,56.67061770902775,0.0,0.0,0.0,156.29631968727142,0.0,0.0,0.0,0.0,0.0,0.0
72,18.0,R5Z7,104.88422716540614,0.0,0.0,35.45953401597374,58.221521480509004,0.0,0.0,0.0,0.0,0.0,0.0,0.0,84.79636493207443,0.0,0.0,0.0,0.0,0.0,0.0
72,18.0,R5Z8,96.9663681372235,0.0,0.0,0.0,64.27293551285976,39.26559801037836,53.35668007756692,0.0,28.335308854513876,0.0,0.0,0.0,157.8260790715643,0.0,0.0,0.0,0.0,0.0,0.0
72,18.0,R5Z9,107.5672388987932,0.0,0.0,0.0,0.0,48.53012400665039,162.4131716352567,0.0,0.0,0.0,0.0,0.0,82.2289024003661,0.0,0.0,0.0,0.0,0.0,0.0
72,18.0,R6Z1,100.05184455614757,0.0,135.0,0.0,0.0,32.0842600515325,46.939167838737944,0.0,0.0,0.0,0.0,0.0,0.0,0.0,0.0,631.8152103928735,0.0,0.0,0.0
72,18.0,R6Z2,85.28792949019487,0.0,135.0,40.26446977234073,35.911149660432585,7.105427357601002e-15,0.0,0.0,56.67061770902775,0.0,0.0,0.0,133.95329880165178,0.0,0.0,632.3575916308067,0.0,0.0,0.0
72,18.0,R6Z3,59.38083022974745,0.0,0.0,23.354976339539178,73.80619329715182,27.933543297963787,0.0,0.0,28.335308854513876,0.0,0.0,0.0,78.892696618569,0.0,0.0,0.0,0.0,0.0,0.0
72,18.0,R6Z4,90.08092424333391,0.0,0.0,0.0,0.0,18.53486245101961,103.63413880293147,0.0,28.335308854513876,0.0,0.0,0.0,74.807173038995,0.0,0.0,0.0,0.0,0.0,0.0
72,18.0,R7Z1,74.27435537569221,0.0,135.0,34.468007000376986,161.3471137653792,7.105427357601002e-15,0.0,0.0,28.335308854513876,0.0,0.0,0.0,0.0,0.0,0.0,630.7318431400796,0.0,0.0,0.0
72,18.0,R7Z2,74.02023867093435,0.0,135.0,0.0,0.0,30.970984794896843,59.461406864596796,0.0,0.0,0.0,0.0,0.0,159.48310822808588,0.0,0.0,0.0,0.0,0.0,0.0
72,18.0,R7Z3,66.81686204200453,0.0,0.0,0.0,10.146244332976778,23.824121877836014,229.85375566702322,0.0,56.67061770902775,0.0,0.0,0.0,136.20004253497217,0.0,0.0,0.0,0.0,0.0,0.0
72,18.0,R7Z4,90.21426232380061,0.0,0.0,0.0,0.0,47.993485534314765,136.11815420546918,0.0,28.335308854513876,0.0,0.0,0.0,66.4536620287779,0.0,0.0,0.0,0.0,0.0,0.0
72,18.0,R7Z5,133.39084621056426,0.0,0.0,0.0,126.45734604330622,14.890494045937865,20.819963154890587,0.0,56.67061770902775,0.0,0.0,0.0,0.0,0.0,0.0,0.0,0.0,0.0,0.0
72,18.0,R7Z6,68.69787157549358,0.0,0.0,0.0,0.0,31.692137161457254,110.48087956343804,0.0,56.67061770902775,0.0,0.0,0.0,0.0,0.0,0.0,0.0,0.0,0.0,0.0
72,18.0,R7Z7,90.68466252365101,0.0,0.0,0.0,0.0,31.65366308548652,159.19601651717477,0.0,0.0,0.0,0.0,0.0,66.75188353285485,0.0,0.0,0.0,0.0,0.0,0.0
72,18.0,R7Z8,86.43486614031559,0.0,0.0,0.0,0.0,31.481139045411574,145.70201348260966,0.0,56.67061770902775,0.0,0.0,0.0,141.78609787670902,0.0,0.0,0.0,0.0,0.0,0.0
72,18.0,R7Z9,130.41120601462123,0.0,0.0,0.0,0.0,40.637882843105864,112.3124335731839,0.0,56.67061770902775,0.0,0.0,0.0,77.5229725240584,0.0,0.0,0.0,0.0,0.0,0.0
72,18.0,R8Z1,151.7165448852694,0.0,135.0,0.0,0.0,33.07167674431639,76.67997078472973,0.0,28.335308854513876,0.0,0.0,0.0,82.5491227188073,0.0,0.0,632.9004384754592,0.0,0.0,0.0
72,18.0,R8Z2,127.0794061934007,0.0,135.0,0.0,0.0,38.52879950537699,138.8233642146334,0.0,28.335308854513876,0.0,0.0,0.0,143.80778345422533,0.0,0.0,0.0,0.0,0.0,0.0
72,18.0,R8Z3,73.10557717696742,0.0,0.0,37.14284240525399,95.4005264503273,-7.105427357601002e-15,0.0,0.0,28.335308854513876,0.0,0.0,0.0,168.24491555274543,0.0,0.0,0.0,0.0,0.0,0.0
72,18.0,R8Z4,95.26531448308162,0.0,0.0,0.0,0.0,23.161417572053164,77.50589469066595,0.0,0.0,0.0,0.0,0.0,0.0,0.0,0.0,0.0,0.0,0.0,0.0
72,18.0,R8Z5,83.27311889239272,0.0,0.0,0.0,51.79611874851153,25.546822586100756,3.0017201696993894,0.0,28.335308854513876,0.0,0.0,0.0,83.72748725354869,0.0,0.0,0.0,0.0,0.0,0.0
72,18.0,R8Z6,123.54843807198213,0.0,0.0,14.85467811053752,108.67741925798384,-7.105427357601002e-15,0.0,0.0,28.335308854513876,0.0,0.0,0.0,0.0,0.0,0.0,0.0,0.0,0.0,0.0
72,18.0,R8Z7,49.96706779258223,0.0,0.0,0.0,0.0,41.442959217030975,55.89897280813496,0.0,0.0,0.0,0.0,0.0,77.57212346199925,0.0,0.0,0.0,0.0,0.0,0.0
72,18.0,R8Z8,90.30720735360761,0.0,0.0,0.0,0.0,38.15726346865564,53.707421407324986,0.0,28.335308854513876,0.0,0.0,0.0,82.47589565123755,0.0,0.0,0.0,0.0,0.0,0.0
72,18.0,R9Z1,111.8481623415442,0.0,135.0,0.0,0.0,14.31568934506316,42.502077785137196,0.0,28.335308854513876,0.0,0.0,0.0,0.0,0.0,0.0,631.8152103928735,0.0,0.0,0.0
72,18.0,R9Z2,115.59489962056232,0.0,135.0,0.0,0.0,15.811712568621404,116.66465520124919,0.0,28.335308854513876,0.0,0.0,0.0,73.3412729752263,0.0,0.0,631.8152103928735,0.0,0.0,0.0
72,18.0,R9Z3,84.07820490908489,0.0,0.0,26.142148317415014,43.59988521564703,3.552713678800501e-15,0.0,0.0,56.67061770902775,0.0,0.0,0.0,134.81507339293339,0.0,0.0,0.0,0.0,0.0,0.0
72,18.0,R9Z4,122.54249278006864,0.0,0.0,36.3490646966701,181.03394295306018,7.105427357601002e-15,0.0,0.0,28.335308854513876,0.0,0.0,0.0,70.7115208922868,0.0,0.0,0.0,0.0,0.0,0.0
72,18.0,R9Z5,89.51684683663792,0.0,0.0,0.0,61.18153798212405,19.13654426755336,99.77223542227588,0.0,28.335308854513876,0.0,0.0,0.0,147.27471407705204,0.0,0.0,0.0,0.0,0.0,0.0
72,18.0,R9Z6,88.5764928463751,0.0,0.0,0.0,0.0,11.282058901918115,62.65330644323956,0.0,28.335308854513876,0.0,0.0,0.0,156.58636236388332,0.0,0.0,0.0,0.0,0.0,0.0
72,18.0,R9Z7,68.84297641770621,0.0,0.0,0.0,0.0,42.300899962842486,57.379256982671095,0.0,0.0,0.0,0.0,0.0,75.04734260803109,0.0,0.0,0.0,0.0,0.0,0.0
72,18.0,R9Z8,151.1558379805146,0.0,0.0,26.014170239881494,66.93761308851337,1.46268659675221,0.0,0.0,28.335308854513876,0.0,0.0,0.0,70.12364123375185,0.0,0.0,0.0,0.0,0.0,0.0
72,18.0,R9Z9,75.61852970871455,0.0,0.0,0.0,0.0,28.127935333585366,37.87050583816221,0.0,0.0,0.0,0.0,0.0,159.13373379420227,0.0,0.0,0.0,0.0,0.0,0.0
72,18.0,R9Z10,90.72487844054073,0.0,0.0,0.0,0.0,23.762968931859767,136.993398093303,0.0,0.0,0.0,0.0,0.0,0.0,0.0,0.0,0.0,0.0,0.0,0.0
72,18.0,R9Z11,89.30687787276541,0.0,0.0,13.479523681805773,182.76507949287304,-8.881784197001252e-15,0.0,0.0,0.0,0.0,0.0,0.0,157.270770221963,0.0,0.0,0.0,0.0,0.0,0.0
72,18.0,R10Z1,135.06696432702373,0.0,0.0,0.0,0.0,21.091177404426013,153.8915181767301,0.0,0.0,0.0,0.0,0.0,68.94087105907612,0.0,0.0,630.1908563275326,0.0,0.0,0.0
72,18.0,R10Z2,49.011691498569256,0.0,0.0,27.81055182328012,220.7259287050765,7.105427357601002e-15,0.0,0.0,0.0,0.0,0.0,0.0,164.18286646038231,0.0,0.0,631.8152103928735,0.0,0.0,0.0
72,18.0,R10Z3,62.015035362504804,0.0,0.0,0.0,0.0,60.46486798875075,100.37356751133444,0.0,0.0,0.0,0.0,0.0,78.92187793625143,0.0,0.0,0.0,0.0,0.0,0.0
72,18.0,R10Z4,94.3296224756356,0.0,0.0,0.0,0.0,16.083319140392724,38.19137394823514,0.0,56.67061770902775,0.0,0.0,0.0,80.01819144031212,0.0,0.0,0.0,0.0,0.0,0.0
72,18.0,R10Z5,58.470799360311304,0.0,0.0,0.0,0.0,13.22661161499841,240.0,0.0,56.67061770902775,0.0,0.0,0.0,0.0,0.0,0.0,0.0,0.0,0.0,0.0
72,18.0,R10Z6,106.94820864991864,0.0,0.0,32.57550921084456,64.23034357137689,-7.105427357601002e-15,0.0,0.0,56.67061770902775,0.0,0.0,0.0,67.88772047275624,0.0,0.0,0.0,0.0,0.0,0.0
72,18.0,R10Z7,99.16461600376846,0.0,0.0,0.0,0.0,13.538827381970332,128.30391884783975,0.0,56.67061770902775,0.0,0.0,0.0,82.1288473729168,0.0,0.0,0.0,0.0,0.0,0.0
72,18.0,R10Z8,84.20151301955715,0.0,0.0,18.738830947606218,77.29092841271611,0.0,0.0,0.0,0.0,0.0,0.0,0.0,79.47334526012317,0.0,0.0,0.0,0.0,0.0,0.0
72,18.0,R10Z9,77.86527774745504,0.0,0.0,0.0,0.0,11.628521375459203,86.0113592480772,0.0,28.335308854513876,0.0,0.0,0.0,0.0,0.0,0.0,0.0,0.0,0.0,0.0
72,18.0,R11Z1,90.42944636266236,0.0,135.0,0.0,0.0,36.045941835490524,68.44510058355979,0.0,56.67061770902775,0.0,0.0,0.0,155.1520639943688,0.0,0.0,0.0,0.0,0.0,0.0
72,18.0,R11Z2,117.67752691001873,0.0,135.0,0.0,0.0,17.868115453372116,44.18949295576853,0.0,28.335308854513876,0.0,0.0,0.0,67.95279026388006,0.0,0.0,0.0,0.0,0.0,0.0
72,18.0,R11Z3,90.92761783439492,0.0,0.0,0.0,0.0,20.343942088946303,19.84622780103969,0.0,28.335308854513876,0.0,0.0,0.0,0.0,0.0,0.0,0.0,0.0,0.0,0.0
72,18.0,R11Z4,126.2538419372727,0.0,0.0,0.0,0.0,54.81761957314604,146.09879435669944,0.0,0.0,0.0,0.0,0.0,78.78611233004582,0.0,0.0,0.0,0.0,0.0,0.0
72,18.0,R11Z5,66.39776482090952,0.0,0.0,0.0,0.0,14.41837479121811,51.72650733361435,0.0,28.335308854513876,0.0,0.0,0.0,86.2668250029411,0.0,0.0,0.0,0.0,0.0,0.0
72,18.0,R11Z6,115.77258755120033,0.0,0.0,19.333317383153137,45.46198726480487,-3.552713678800501e-15,0.0,0.0,0.0,0.0,0.0,0.0,0.0,0.0,0.0,0.0,0.0,0.0,0.0
72,18.0,R11Z7,88.62057638940318,0.0,0.0,0.0,38.520660258473484,17.77378775425187,20.668116520658074,0.0,28.335308854513876,0.0,0.0,0.0,0.0,0.0,0.0,0.0,0.0,0.0,0.0
72,18.0,R11Z8,109.00802380928403,0.0,0.0,32.63130698564356,129.33331597781893,7.105427357601002e-15,0.0,0.0,28.335308854513876,0.0,0.0,0.0,155.0020525118622,0.0,0.0,0.0,0.0,0.0,0.0
72,18.0,R12Z1,151.37161610152674,0.0,135.0,0.0,0.0,42.16865298786479,85.55477433503094,0.0,56.67061770902775,0.0,0.0,0.0,133.80853565039132,0.0,0.0,0.0,0.0,0.0,0.0
72,18.0,R12Z2,132.2936374265154,0.0,135.0,0.0,96.09212428514161,19.506350739227152,33.981016200699116,0.0,28.335308854513876,0.0,0.0,0.0,85.35140706883035,0.0,0.0,0.0,0.0,0.0,0.0
72,18.0,R12Z3,108.09565961525041,0.0,0.0,47.81904906848032,50.323714029391475,0.0,0.0,0.0,28.335308854513876,0.0,0.0,0.0,154.65689367190254,0.0,0.0,0.0,0.0,0.0,0.0
72,18.0,R12Z4,112.10963757923994,0.0,0.0,0.0,0.0,55.32941591487813,30.054692483696613,0.0,0.0,0.0,0.0,0.0,0.0,0.0,0.0,0.0,0.0,0.0,0.0
72,18.0,R12Z5,89.94004655126663,0.0,0.0,0.0,0.0,13.586793359051688,62.01701334444812,0.0,0.0,0.0,0.0,0.0,146.4165013394916,0.0,0.0,0.0,0.0,0.0,0.0
72,18.0,R12Z6,100.98351439194631,0.0,0.0,0.0,0.0,24.285584771345764,162.66796770108976,0.0,0.0,0.0,0.0,0.0,0.0,0.0,0.0,0.0,0.0,0.0,0.0
72,18.0,R12Z7,65.17001051957533,0.0,0.0,0.0,0.0,51.74871200764247,64.7450082911972,0.0,56.67061770902775,0.0,0.0,0.0,0.0,0.0,0.0,0.0,0.0,0.0,0.0
72,18.0,R12Z8,122.01075151028179,0.0,0.0,0.0,89.26749003820328,29.263244486978085,21.215300154828967,0.0,0.0,0.0,0.0,0.0,70.72007359782137,0.0,0.0,0.0,0.0,0.0,0.0
72,18.0,R12Z9,88.1799215973622,0.0,0.0,16.390482535664404,141.03608510323383,-1.4210854715202004e-14,0.0,0.0,56.67061770902775,0.0,0.0,0.0,160.45840493770248,0.0,0.0,0.0,0.0,0.0,0.0
73,18.25,R1Z1,66.50866015608689,0.0,0.0,36.420952062408304,60.785313980405064,0.0,0.0,0.0,34.16095667413566,0.0,0.0,0.0,146.5758782116027,0.0,0.0,571.9350297977214,0.0,0.0,0.0
73,18.25,R1Z2,37.665553828348884,0.0,0.0,14.751020860198423,97.47840835619515,-3.552713678800501e-15,0.0,0.0,34.16095667413566,0.0,0.0,0.0,200.63181588311704,0.0,0.0,0.0,0.0,0.0,0.0
73,18.25,R1Z3,103.67562863750653,0.0,0.0,45.73574545947284,50.22678981408738,0.0,0.0,0.0,17.08047833706783,0.0,0.0,0.0,200.63181588311704,0.0,0.0,0.0,0.0,0.0,0.0
73,18.25,R1Z4,107.13614730027187,0.0,0.0,50.327774474563476,9.78267455974077,0.0,0.0,0.0,34.16095667413566,0.0,0.0,0.0,0.0,0.0,0.0,0.0,0.0,0.0,0.0
73,18.25,R1Z5,112.76850244930617,0.0,0.0,22.68285895554503,63.86923914754287,-3.552713678800501e-15,0.0,0.0,34.16095667413566,0.0,0.0,0.0,0.0,0.0,0.0,0.0,0.0,0.0,0.0
73,18.25,R1Z6,93.7780861596771,0.0,0.0,43.77422597144135,73.63727460589666,7.105427357601002e-15,0.0,0.0,0.0,0.0,0.0,0.0,100.31590794155852,0.0,0.0,0.0,0.0,0.0,0.0
73,18.25,R1Z7,75.85728241889821,0.0,0.0,14.42011974401452,40.659386763880356,0.0,0.0,0.0,17.08047833706783,0.0,0.0,0.0,100.31590794155852,0.0,0.0,0.0,0.0,0.0,0.0
73,18.25,R1Z8,148.74500934024954,0.0,0.0,20.616332643565244,166.12291725265536,1.0658141036401503e-14,0.0,0.0,0.0,0.0,0.0,0.0,0.0,0.0,0.0,0.0,0.0,0.0,0.0
73,18.25,R1Z9,108.58590785827712,0.0,0.0,40.20816820956854,53.01571581863122,7.105427357601002e-15,0.0,0.0,0.0,0.0,0.0,0.0,200.63181588311704,0.0,0.0,0.0,0.0,0.0,0.0
73,18.25,R1Z10,107.51031291081881,0.0,0.0,40.45273318309925,48.1616115931103,-7.105427357601002e-15,0.0,0.0,0.0,0.0,0.0,0.0,200.63181588311704,0.0,0.0,0.0,0.0,0.0,0.0
73,18.25,R2Z1,148.18895824000631,0.0,135.0,58.049158052193256,59.39202366953186,-7.105427357601002e-15,0.0,0.0,0.0,0.0,0.0,0.0,72.11655261257829,0.0,0.0,633.4437513265306,0.0,0.0,0.0
73,18.25,R2Z2,116.55993424632939,0.0,135.0,0.0,0.0,38.66375550434064,51.98244109297745,0.0,0.0,0.0,0.0,0.0,77.94552855873631,0.0,0.0,630.1908563275326,0.0,0.0,0.0
73,18.25,R2Z3,95.07678013145184,0.0,0.0,0.0,0.0,53.25288020589212,15.571902179541643,0.0,17.08047833706783,0.0,0.0,0.0,67.47287781354123,0.0,0.0,0.0,0.0,0.0,0.0
73,18.25,R2Z4,84.26521346489676,0.0,0.0,0.0,81.93647798282603,22.245797820385967,105.72402593429729,0.0,34.16095667413566,0.0,0.0,0.0,0.0,0.0,0.0,0.0,0.0,0.0,0.0
73,18.25,R2Z5,82.50428724166733,0.0,0.0,22.94428588134879,100.81906580946837,0.0,0.0,0.0,17.08047833706783,0.0,0.0,0.0,0.0,0.0,0.0,0.0,0.0,0.0,0.0
73,18.25,R2Z6,59.60467715536709,0.0,0.0,0.0,0.0,41.214602819493656,82.99707515049143,0.0,34.16095667413566,0.0,0.0,0.0,162.91224690958228,0.0,0.0,0.0,0.0,0.0,0.0
73,18.25,R2Z7,78.1401322631842,0.0,0.0,19.97489243967084,47.525870978512984,-3.552713678800501e-15,0.0,0.0,34.16095667413566,0.0,0.0,0.0,83.23843142558815,0.0,0.0,0.0,0.0,0.0,0.0
73,18.25,R2Z8,115.5241384585045,0.0,0.0,51.68892768983427,6.283184625382125,0.0,0.0,0.0,0.0,0.0,0.0,0.0,85.77422254396079,0.0,0.0,0.0,0.0,0.0,0.0
73,18.25,R2Z9,49.65499973466143,0.0,0.0,0.0,0.0,17.62813918430994,166.39546678714416,0.0,17.08047833706783,0.0,0.0,0.0,78.45053873467022,0.0,0.0,0.0,0.0,0.0,0.0
73,18.25,R3Z1,108.48868717646,0.0,0.0,48.837667019557514,76.87301273137933,0.0,0.0,0.0,0.0,0.0,0.0,0.0,0.0,0.0,0.0,0.0,0.0,0.0,0.0
73,18.25,R3Z2,89.93288501449075,0.0,0.0,0.0,0.0,30.84027635134012,167.63679436972004,0.0,34.16095667413566,0.0,0.0,0.0,156.2620044706461,0.0,0.0,0.0,0.0,0.0,0.0
73,18.25,R3Z3,80.4323742076104,0.0,0.0,21.74619861764797,37.33656179246268,3.552713678800501e-15,0.0,0.0,17.08047833706783,0.0,0.0,0.0,0.0,0.0,0.0,0.0,0.0,0.0,0.0
73,18.25,R4Z1,162.47730798331438,0.0,135.0,14.82372955618547,196.83254966039806,1.2434497875801753e-14,0.0,0.0,34.16095667413566,0.0,0.0,0.0,77.30840182401076,0.0,0.0,0.0,0.0,0.0,0.0
73,18.25,R4Z2,142.908845510557,0.0,0.0,0.0,0.0,57.94184990256917,45.28091331374969,0.0,34.16095667413566,0.0,0.0,0.0,152.82764609249114,0.0,0.0,0.0,0.0,0.0,0.0
73,18.25,R4Z3,122.57530241828219,0.0,0.0,29.41587990344064,219.52022430530127,1.0658141036401503e-14,0.0,0.0,0.0,0.0,0.0,0.0,0.0,0.0,0.0,0.0,0.0,0.0,0.0
73,18.25,R4Z4,138.00076177953272,0.0,0.0,17.67055136228992,52.07959362811338,-7.105427357601002e-15,0.0,0.0,0.0,0.0,0.0,0.0,0.0,0.0,0.0,0.0,0.0,0.0,0.0
73,18.25,R4Z5,90.85098757538829,0.0,0.0,0.0,0.0,15.571986778926199,173.46770505743214,0.0,34.16095667413566,0.0,0.0,0.0,0.0,0.0,0.0,0.0,0.0,0.0,0.0
73,18.25,R4Z6,69.47844953356856,0.0,0.0,38.02341229317664,47.54432696306268,7.105427357601002e-15,0.0,0.0,34.16095667413566,0.0,0.0,0.0,145.45086114332037,0.0,0.0,0.0,0.0,0.0,0.0
73,18.25,R4Z7,136.06798719018806,0.0,0.0,35.200371355973516,126.99336672515787,0.0,0.0,0.0,34.16095667413566,0.0,0.0,0.0,0.0,0.0,0.0,0.0,0.0,0.0,0.0
73,18.25,R4Z8,84.7715588585596,0.0,0.0,28.153731752207115,58.377997214659096,-3.552713678800501e-15,0.0,0.0,34.16095667413566,0.0,0.0,0.0,0.0,0.0,0.0,0.0,0.0,0.0,0.0
73,18.25,R4Z9,146.89629263167043,0.0,0.0,0.0,0.0,33.14241545860449,194.19431605807546,0.0,0.0,0.0,0.0,0.0,84.18849973995066,0.0,0.0,0.0,0.0,0.0,0.0
73,18.25,R4Z10,81.82021317096842,0.0,0.0,0.0,93.11065533484185,14.33018964168109,56.316514072837435,0.0,0.0,0.0,0.0,0.0,85.76486436464957,0.0,0.0,0.0,0.0,0.0,0.0
73,18.25,R4Z11,99.83321692378601,0.0,0.0,0.0,0.0,24.610314194070575,86.02228916746486,0.0,17.08047833706783,0.0,0.0,0.0,79.34433342239392,0.0,0.0,0.0,0.0,0.0,0.0
73,18.25,R5Z1,62.41768750697213,0.0,135.0,0.0,0.0,55.060737841411786,29.681567913352865,0.0,0.0,0.0,0.0,0.0,69.27063451686604,0.0,0.0,0.0,0.0,0.0,0.0
73,18.25,R5Z2,117.28545124555856,0.0,135.0,0.0,0.0,13.631602791260523,80.0,0.0,17.08047833706783,0.0,0.0,0.0,164.8172644250054,0.0,0.0,0.0,0.0,0.0,0.0
73,18.25,R5Z3,154.39328774376077,0.0,0.0,0.0,0.0,48.89747777714312,161.03497107753634,0.0,17.08047833706783,0.0,0.0,0.0,139.79678869937652,0.0,0.0,0.0,0.0,0.0,0.0
73,18.25,R5Z4,110.75312300204234,0.0,0.0,54.99994636962919,63.98534400286206,0.0,0.0,0.0,34.16095667413566,0.0,0.0,0.0,0.0,0.0,0.0,0.0,0.0,0.0,0.0
73,18.25,R5Z5,116.3171270455834,0.0,0.0,20.155573985624955,113.93444051690278,-3.552713678800501e-15,0.0,0.0,17.08047833706783,0.0,0.0,0.0,76.910594345723,0.0,0.0,0.0,0.0,0.0,0.0
73,18.25,R5Z6,148.06456925969152,0.0,0.0,0.0,0.0,18.055911238394327,158.56641809239255,0.0,34.16095667413566,0.0,0.0,0.0,156.12154486423069,0.0,0.0,0.0,0.0,0.0,0.0
73,18.25,R5Z7,114.88964935586783,0.0,0.0,0.0,0.0,37.836474037910925,61.679437394858915,0.0,0.0,0.0,0.0,0.0,84.70154331564,0.0,0.0,0.0,0.0,0.0,0.0
73,18.25,R5Z8,90.82453086921902,0.0,0.0,9.143986203533842,117.91831141434956,20.264455004988406,0.0,0.0,17.08047833706783,0.0,0.0,0.0,157.6495936297053,0.0,0.0,0.0,0.0,0.0,0.0
73,18.25,R5Z9,108.69283846973549,0.0,0.0,48.08494585226117,149.66020459585127,0.0,0.0,0.0,0.0,0.0,0.0,0.0,82.13695179081489,0.0,0.0,0.0,0.0,0.0,0.0
73,18.25,R6Z1,117.46516396777331,0.0,135.0,0.0,0.0,32.280491110916344,43.78949002819872,0.0,0.0,0.0,0.0,0.0,0.0,0.0,0.0,631.2732943623025,0.0,0.0,0.0
73,18.25,R6Z2,83.44754951558534,0.0,135.0,0.0,0.0,34.8496381903258,38.668389593485436,0.0,34.16095667413566,0.0,0.0,0.0,133.80350855617047,0.0,0.0,631.8152103928735,0.0,0.0,0.0
73,18.25,R6Z3,65.81803281809633,0.0,0.0,27.26767104799444,138.3212359131854,-3.552713678800501e-15,0.0,0.0,17.08047833706783,0.0,0.0,0.0,78.8044766456464,0.0,0.0,0.0,0.0,0.0,0.0
73,18.25,R6Z4,68.89598184302272,0.0,0.0,0.0,0.0,15.46809832337037,155.57280184994926,0.0,17.08047833706783,0.0,0.0,0.0,74.72352161037385,0.0,0.0,0.0,0.0,0.0,0.0
73,18.25,R7Z1,58.129472275089455,0.0,135.0,26.99789728802446,85.202773960609,-3.552713678800501e-15,0.0,0.0,17.08047833706783,0.0,0.0,0.0,0.0,0.0,0.0,630.1908563275326,0.0,0.0,0.0
73,18.25,R7Z2,66.94417689079721,0.0,135.0,0.0,0.0,20.700888850913,51.50448399765797,0.0,0.0,0.0,0.0,0.0,159.30476985086548,0.0,0.0,0.0,0.0,0.0,0.0
73,18.25,R7Z3,56.76673424967593,0.0,0.0,0.0,0.0,11.428974064972513,110.67132593070943,0.0,34.16095667413566,0.0,0.0,0.0,136.04773991914718,0.0,0.0,0.0,0.0,0.0,0.0
73,18.25,R7Z4,98.67636584782775,0.0,0.0,0.0,104.20166508630018,31.475730212510353,92.83589075993856,0.0,17.08047833706783,0.0,0.0,0.0,66.37935172483263,0.0,0.0,0.0,0.0,0.0,0.0
73,18.25,R7Z5,132.95821685193096,0.0,0.0,0.0,0.0,12.5537928380412,139.78060008363346,0.0,34.16095667413566,0.0,0.0,0.0,0.0,0.0,0.0,0.0,0.0,0.0,0.0
73,18.25,R7Z6,70.94541248972669,0.0,0.0,0.8160507964261754,50.789024757713285,25.18344072889746,0.0,0.0,34.16095667413566,0.0,0.0,0.0,0.0,0.0,0.0,0.0,0.0,0.0,0.0
73,18.25,R7Z7,117.8711985204376,0.0,0.0,31.975014491199154,50.68742820443159,3.552713678800501e-15,0.0,0.0,0.0,0.0,0.0,0.0,66.67723974946037,0.0,0.0,0.0,0.0,0.0,0.0
73,18.25,R7Z8,94.05962051405318,0.0,0.0,0.0,0.0,35.8122477008626,64.6329643166174,0.0,34.16095667413566,0.0,0.0,0.0,141.6275487808914,0.0,0.0,0.0,0.0,0.0,0.0
73,18.25,R7Z9,140.16512426940085,0.0,0.0,21.354876783158765,45.37476186156247,0.0,0.0,0.0,34.16095667413566,0.0,0.0,0.0,77.4362842141123,0.0,0.0,0.0,0.0,0.0,0.0
73,18.25,R8Z1,159.41558020985235,0.0,135.0,0.0,0.0,31.904246380044878,75.55264504765051,0.0,17.08047833706783,0.0,0.0,0.0,82.45681403013046,0.0,0.0,632.3575916308067,0.0,0.0,0.0
73,18.25,R8Z2,105.10865629577302,0.0,135.0,0.0,0.0,29.000040517921224,105.32138897487917,0.0,17.08047833706783,0.0,0.0,0.0,143.64697365425448,0.0,0.0,0.0,0.0,0.0,0.0
73,18.25,R8Z3,91.03390560181829,0.0,0.0,29.622989547819856,125.32920636241454,1.0658141036401503e-14,0.0,0.0,17.08047833706783,0.0,0.0,0.0,168.05677948273387,0.0,0.0,0.0,0.0,0.0,0.0
73,18.25,R8Z4,100.90704676471955,0.0,0.0,0.0,0.0,31.548508083266913,75.12808419518018,0.0,0.0,0.0,0.0,0.0,0.0,0.0,0.0,0.0,0.0,0.0,0.0
73,18.25,R8Z5,74.76746549232546,0.0,0.0,28.789527558639563,125.03203077770364,1.0658141036401503e-14,0.0,0.0,17.08047833706783,0.0,0.0,0.0,83.63386088539323,0.0,0.0,0.0,0.0,0.0,0.0
73,18.25,R8Z6,140.6768029336852,0.0,0.0,18.840276680007406,89.95269839246788,0.0,0.0,0.0,17.08047833706783,0.0,0.0,0.0,0.0,0.0,0.0,0.0,0.0,0.0,0.0
73,18.25,R8Z7,90.00433291451311,0.0,0.0,34.15347551163716,40.9415744449631,0.0,0.0,0.0,0.0,0.0,0.0,0.0,77.48538019012892,0.0,0.0,0.0,0.0,0.0,0.0
73,18.25,R8Z8,97.90560386376485,0.0,0.0,0.0,0.0,39.923652347716725,210.29837769147113,0.0,17.08047833706783,0.0,0.0,0.0,82.38366884707214,0.0,0.0,0.0,0.0,0.0,0.0
73,18.25,R9Z1,126.10953443255913,0.0,135.0,12.794005682142625,59.57096040305446,1.7763568394002505e-15,0.0,0.0,17.08047833706783,0.0,0.0,0.0,0.0,0.0,0.0,631.2732943623025,0.0,0.0,0.0
73,18.25,R9Z2,103.73048295256575,0.0,135.0,10.639924457363406,137.3761829136168,-5.329070518200751e-15,0.0,0.0,17.08047833706783,0.0,0.0,0.0,73.25926075618318,0.0,0.0,631.2732943623025,0.0,0.0,0.0
73,18.25,R9Z3,96.03356315755128,0.0,0.0,0.0,0.0,28.42915714581583,78.28160311603912,0.0,34.16095667413566,0.0,0.0,0.0,134.66431948751438,0.0,0.0,0.0,0.0,0.0,0.0
73,18.25,R9Z4,128.01873118932596,0.0,0.0,0.0,0.0,31.958864938187887,81.94581520888391,0.0,17.08047833706783,0.0,0.0,0.0,70.63244933400816,0.0,0.0,0.0,0.0,0.0,0.0
73,18.25,R9Z5,72.4828916462151,0.0,0.0,27.155044508466688,240.0,-2.4868995751603507e-14,0.0,0.0,17.08047833706783,0.0,0.0,0.0,147.11002746035695,0.0,0.0,0.0,0.0,0.0,0.0
73,18.25,R9Z6,84.67164417815661,0.0,0.0,0.0,0.0,11.604313739991118,53.70641779760453,0.0,17.08047833706783,0.0,0.0,0.0,156.41126320718215,0.0,0.0,0.0,0.0,0.0,0.0
73,18.25,R9Z7,70.83157246821652,0.0,0.0,37.429488821682625,64.8441056490155,-7.105427357601002e-15,0.0,0.0,0.0,0.0,0.0,0.0,74.96342261522358,0.0,0.0,0.0,0.0,0.0,0.0
73,18.25,R9Z8,123.56524025223044,0.0,0.0,26.413772320216715,52.414852002192696,3.552713678800501e-15,0.0,0.0,17.08047833706783,0.0,0.0,0.0,70.04522705859966,0.0,0.0,0.0,0.0,0.0,0.0
73,18.25,R9Z9,78.5991704047901,0.0,0.0,31.55763350624011,74.62353946687921,0.0,0.0,0.0,0.0,0.0,0.0,0.0,158.95578609703742,0.0,0.0,0.0,0.0,0.0,0.0
73,18.25,R9Z10,95.5329756900027,0.0,0.0,0.0,3.4719387162786006,26.619210686965435,115.9206671924733,0.0,0.0,0.0,0.0,0.0,0.0,0.0,0.0,0.0,0.0,0.0,0.0
73,18.25,R9Z11,90.07427321775995,0.0,0.0,0.0,0.0,13.819701235139643,186.06307678612708,0.0,0.0,0.0,0.0,0.0,157.09490574166034,0.0,0.0,0.0,0.0,0.0,0.0
73,18.25,R10Z1,115.30217547304547,0.0,0.0,0.0,0.0,18.23146972718565,160.0,0.0,0.0,0.0,0.0,0.0,68.86377948990972,0.0,0.0,629.6503335263313,0.0,0.0,0.0
73,18.25,R10Z2,54.17094522451625,0.0,0.0,0.0,0.0,23.632424552018012,175.52726282698114,0.0,0.0,0.0,0.0,0.0,163.99927268485806,0.0,0.0,631.2732943623025,0.0,0.0,0.0
73,18.25,R10Z3,83.36805005343948,0.0,0.0,49.297491505329646,128.7189386689802,-7.105427357601002e-15,0.0,0.0,0.0,0.0,0.0,0.0,78.83362533198058,0.0,0.0,0.0,0.0,0.0,0.0
73,18.25,R10Z4,94.03333931796139,0.0,0.0,0.0,0.0,12.863465797914245,47.97245021281029,0.0,34.16095667413566,0.0,0.0,0.0,79.92871290827118,0.0,0.0,0.0,0.0,0.0,0.0
73,18.25,R10Z5,50.839724145212706,0.0,0.0,0.0,0.0,13.53116119412245,200.12709578067742,0.0,34.16095667413566,0.0,0.0,0.0,0.0,0.0,0.0,0.0,0.0,0.0,0.0
73,18.25,R10Z6,99.36786052273774,0.0,0.0,0.0,0.0,32.58532810129508,64.70623717091294,0.0,34.16095667413566,0.0,0.0,0.0,67.81180656540381,0.0,0.0,0.0,0.0,0.0,0.0
73,18.25,R10Z7,94.08075412380123,0.0,0.0,0.0,0.0,16.4694275556383,135.9947162309185,0.0,34.16095667413566,0.0,0.0,0.0,82.03700864763611,0.0,0.0,0.0,0.0,0.0,0.0
73,18.25,R10Z8,65.59038088025835,0.0,0.0,16.75108360186978,67.81805491213727,0.0,0.0,0.0,0.0,0.0,0.0,0.0,79.38447598999521,0.0,0.0,0.0,0.0,0.0,0.0
73,18.25,R10Z9,78.15737223875998,0.0,0.0,14.671356134338282,87.24019450569784,7.105427357601002e-15,0.0,0.0,17.08047833706783,0.0,0.0,0.0,0.0,0.0,0.0,0.0,0.0,0.0,0.0
73,18.25,R11Z1,82.61786450019477,0.0,135.0,0.0,15.773149854204085,34.756318953874484,146.48481824883683,0.0,34.16095667413566,0.0,0.0,0.0,154.97856870936607,0.0,0.0,0.0,0.0,0.0,0.0
73,18.25,R11Z2,101.69112602859616,0.0,135.0,0.0,0.0,18.742490460885595,49.96522871532795,0.0,17.08047833706783,0.0,0.0,0.0,67.87680359370601,0.0,0.0,0.0,0.0,0.0,0.0
73,18.25,R11Z3,93.95311636707842,0.0,0.0,0.0,0.0,17.92340928431323,47.71897226011018,0.0,17.08047833706783,0.0,0.0,0.0,0.0,0.0,0.0,0.0,0.0,0.0,0.0
73,18.25,R11Z4,155.57684259671683,0.0,0.0,38.10068809090723,84.8503028190428,0.0,0.0,0.0,0.0,0.0,0.0,0.0,78.69801154259221,0.0,0.0,0.0,0.0,0.0,0.0
73,18.25,R11Z5,54.533809340163266,0.0,0.0,14.604577849880457,63.57154636937183,0.0,0.0,0.0,17.08047833706783,0.0,0.0,0.0,86.1703590778039,0.0,0.0,0.0,0.0,0.0,0.0
73,18.25,R11Z6,93.11487982594193,0.0,0.0,20.05590704357384,96.29275610065508,3.552713678800501e-15,0.0,0.0,0.0,0.0,0.0,0.0,0.0,0.0,0.0,0.0,0.0,0.0,0.0
73,18.25,R11Z7,71.01216821531449,0.0,0.0,18.589169684344697,107.79638807087866,0.0,0.0,0.0,17.08047833706783,0.0,0.0,0.0,0.0,0.0,0.0,0.0,0.0,0.0,0.0
73,18.25,R11Z8,105.3191311795742,0.0,0.0,0.0,0.0,35.22735660011661,176.3261634432943,0.0,17.08047833706783,0.0,0.0,0.0,154.82872497380552,0.0,0.0,0.0,0.0,0.0,0.0
73,18.25,R12Z1,108.43190492905984,0.0,135.0,0.0,0.0,41.15899909318004,185.74608223627376,0.0,34.16095667413566,0.0,0.0,0.0,133.6589072830284,0.0,0.0,0.0,0.0,0.0,0.0
73,18.25,R12Z2,131.9645727935601,0.0,135.0,0.0,0.0,14.26181865359198,125.00832049109248,0.0,17.08047833706783,0.0,0.0,0.0,85.25596478908518,0.0,0.0,0.0,0.0,0.0,0.0
73,18.25,R12Z3,91.38556213574553,0.0,0.0,64.81220794031199,51.06061885228443,0.0,0.0,0.0,17.08047833706783,0.0,0.0,0.0,154.48395209990892,0.0,0.0,0.0,0.0,0.0,0.0
73,18.25,R12Z4,91.24198648633224,0.0,0.0,0.0,0.0,44.11718142480732,29.548071082411486,0.0,0.0,0.0,0.0,0.0,0.0,0.0,0.0,0.0,0.0,0.0,0.0
73,18.25,R12Z5,87.11207044656851,0.0,0.0,0.0,0.0,13.384271118445875,105.44032158023926,0.0,0.0,0.0,0.0,0.0,146.25277439977185,0.0,0.0,0.0,0.0,0.0,0.0
73,18.25,R12Z6,76.87451712931349,0.0,0.0,27.787668512953957,136.17909021937731,0.0,0.0,0.0,0.0,0.0,0.0,0.0,0.0,0.0,0.0,0.0,0.0,0.0,0.0
73,18.25,R12Z7,71.72702606180889,0.0,0.0,0.0,0.0,38.419891743220184,121.82173295507191,0.0,34.16095667413566,0.0,0.0,0.0,0.0,0.0,0.0,0.0,0.0,0.0,0.0
73,18.25,R12Z8,126.7205833670063,0.0,0.0,24.306778613980214,130.40047337804754,3.552713678800501e-15,0.0,0.0,0.0,0.0,0.0,0.0,70.64099247567327,0.0,0.0,0.0,0.0,0.0,0.0
73,18.25,R12Z9,100.47874249767511,0.0,0.0,0.0,0.0,15.801380592300593,146.28500931481224,0.0,34.16095667413566,0.0,0.0,0.0,160.27897595700418,0.0,0.0,0.0,0.0,0.0,0.0
74,18.5,R1Z1,65.06601116456538,0.0,0.0,59.50051770596522,123.54331052572522,-7.105427357601002e-15,0.0,0.0,57.17542060173058,0.0,0.0,0.0,146.4119730523019,0.0,0.0,571.4444737680561,0.0,0.0,0.0
74,18.5,R1Z2,33.85723670209277,0.0,0.0,12.40219892249327,73.59748590734084,0.0,0.0,0.0,57.17542060173058,0.0,0.0,0.0,200.4074638946155,0.0,0.0,0.0,0.0,0.0,0.0
74,18.5,R1Z3,118.781210562578,0.0,0.0,32.385733572652754,101.83453017460107,0.0,0.0,0.0,28.58771030086529,0.0,0.0,0.0,200.4074638946155,0.0,0.0,0.0,0.0,0.0,0.0
74,18.5,R1Z4,120.59256096260061,0.0,0.0,53.08617029792107,91.51210377281943,-1.4210854715202004e-14,0.0,0.0,57.17542060173058,0.0,0.0,0.0,0.0,0.0,0.0,0.0,0.0,0.0,0.0
74,18.5,R1Z5,141.4123664645137,0.0,0.0,33.143188947729186,21.895342016209955,0.0,0.0,0.0,57.17542060173058,0.0,0.0,0.0,0.0,0.0,0.0,0.0,0.0,0.0,0.0
74,18.5,R1Z6,114.7228266875346,0.0,0.0,42.498960302537284,81.17344603789634,0.0,0.0,0.0,0.0,0.0,0.0,0.0,100.20373194730774,0.0,0.0,0.0,0.0,0.0,0.0
74,18.5,R1Z7,91.63278456070067,0.0,0.0,17.831001767156714,23.01539052679523,0.0,0.0,0.0,28.58771030086529,0.0,0.0,0.0,100.20373194730774,0.0,0.0,0.0,0.0,0.0,0.0
74,18.5,R1Z8,141.41188628256134,0.0,0.0,17.984260845489445,154.09193550827572,3.552713678800501e-15,0.0,0.0,0.0,0.0,0.0,0.0,0.0,0.0,0.0,0.0,0.0,0.0,0.0
74,18.5,R1Z9,120.77046575828575,0.0,0.0,40.06761333049407,100.3182873713768,0.0,0.0,0.0,0.0,0.0,0.0,0.0,200.4074638946155,0.0,0.0,0.0,0.0,0.0,0.0
74,18.5,R1Z10,113.42457718574045,0.0,0.0,39.54190306462938,38.82734317300982,0.0,0.0,0.0,0.0,0.0,0.0,0.0,200.4074638946155,0.0,0.0,0.0,0.0,0.0,0.0
74,18.5,R2Z1,135.8486260739139,0.0,135.0,61.33285435112492,90.11620820739245,7.105427357601002e-15,0.0,0.0,0.0,0.0,0.0,0.0,72.0359099093695,0.0,0.0,632.9004384754592,0.0,0.0,0.0
74,18.5,R2Z2,131.62633273015985,0.0,135.0,39.991754120820374,57.69907100343487,-7.105427357601002e-15,0.0,0.0,0.0,0.0,0.0,0.0,77.85836773506546,0.0,0.0,629.6503335263313,0.0,0.0,0.0
74,18.5,R2Z3,112.93695831937765,0.0,0.0,0.0,0.0,52.75003424803735,33.24908777833749,0.0,28.58771030086529,0.0,0.0,0.0,67.397427794606,0.0,0.0,0.0,0.0,0.0,0.0
74,18.5,R2Z4,97.34296707039965,0.0,0.0,0.0,122.35088269717687,11.147094733612741,12.29162567146443,0.0,57.17542060173058,0.0,0.0,0.0,0.0,0.0,0.0,0.0,0.0,0.0,0.0
74,18.5,R2Z5,84.37573228024416,0.0,0.0,0.0,0.0,19.687803458106558,88.67302649247024,0.0,28.58771030086529,0.0,0.0,0.0,0.0,0.0,0.0,0.0,0.0,0.0,0.0
74,18.5,R2Z6,61.054469551418606,0.0,0.0,0.0,0.0,22.599472113234057,4.028764820111537,0.0,57.17542060173058,0.0,0.0,0.0,162.73007397562097,0.0,0.0,0.0,0.0,0.0,0.0
74,18.5,R2Z7,79.42889186037058,0.0,0.0,19.074351062826395,41.53764067924962,-3.552713678800501e-15,0.0,0.0,57.17542060173058,0.0,0.0,0.0,83.14535193304664,0.0,0.0,0.0,0.0,0.0,0.0
74,18.5,R2Z8,105.06822732524117,0.0,0.0,0.0,0.0,55.743925048803945,42.84267028746516,0.0,0.0,0.0,0.0,0.0,85.67830746037743,0.0,0.0,0.0,0.0,0.0,0.0
74,18.5,R2Z9,62.06171023602913,0.0,0.0,12.488865618597899,101.24271349904646,-1.7763568394002505e-15,0.0,0.0,28.58771030086529,0.0,0.0,0.0,78.36281319479676,0.0,0.0,0.0,0.0,0.0,0.0
74,18.5,R3Z1,105.34565101341997,0.0,0.0,0.0,0.0,49.07756827353267,73.34900181903897,0.0,0.0,0.0,0.0,0.0,0.0,0.0,0.0,0.0,0.0,0.0,0.0
74,18.5,R3Z2,91.99094911286502,0.0,0.0,0.0,0.0,39.84744600077861,211.17852695296864,0.0,57.17542060173058,0.0,0.0,0.0,156.08726801981993,0.0,0.0,0.0,0.0,0.0,0.0
74,18.5,R3Z3,91.80634927661364,0.0,0.0,0.0,0.0,18.328097157728294,27.081377493882513,0.0,28.58771030086529,0.0,0.0,0.0,0.0,0.0,0.0,0.0,0.0,0.0,0.0
74,18.5,R4Z1,139.01797532767014,0.0,135.0,10.567033396843726,184.24616685381253,5.329070518200751e-15,0.0,0.0,57.17542060173058,0.0,0.0,0.0,77.22195345289501,0.0,0.0,0.0,0.0,0.0,0.0
74,18.5,R4Z2,162.98791132498053,0.0,0.0,0.0,0.0,45.832986772549795,56.30343710916668,0.0,57.17542060173058,0.0,0.0,0.0,152.65675003521358,0.0,0.0,0.0,0.0,0.0,0.0
74,18.5,R4Z3,140.21366287373678,0.0,0.0,17.544342092777242,134.27016229261153,0.0,0.0,0.0,0.0,0.0,0.0,0.0,0.0,0.0,0.0,0.0,0.0,0.0,0.0
74,18.5,R4Z4,122.60805424721784,0.0,0.0,0.0,0.0,14.059261878910004,39.14533286621564,0.0,0.0,0.0,0.0,0.0,0.0,0.0,0.0,0.0,0.0,0.0,0.0
74,18.5,R4Z5,67.14363200892952,0.0,0.0,0.0,55.29176800434833,16.350459981848974,63.55464701106004,0.0,57.17542060173058,0.0,0.0,0.0,0.0,0.0,0.0,0.0,0.0,0.0,0.0
74,18.5,R4Z6,73.41338282894885,0.0,0.0,0.0,0.0,29.698111130182436,68.91248522724176,0.0,57.17542060173058,0.0,0.0,0.0,145.2882140089009,0.0,0.0,0.0,0.0,0.0,0.0
74,18.5,R4Z7,129.88443858326212,0.0,0.0,0.0,0.0,26.30318156948094,141.71096669454397,0.0,57.17542060173058,0.0,0.0,0.0,0.0,0.0,0.0,0.0,0.0,0.0,0.0
74,18.5,R4Z8,93.340070815433,0.0,0.0,0.0,0.0,24.340238258972004,40.514663402694715,0.0,57.17542060173058,0.0,0.0,0.0,0.0,0.0,0.0,0.0,0.0,0.0,0.0
74,18.5,R4Z9,129.0921051666072,0.0,0.0,32.062661254490735,141.13173630290183,-7.105427357601002e-15,0.0,0.0,0.0,0.0,0.0,0.0,84.09435785501341,0.0,0.0,0.0,0.0,0.0,0.0
74,18.5,R4Z10,74.90145620486685,0.0,0.0,13.733338006501356,157.31852178286607,-1.2434497875801753e-14,0.0,0.0,0.0,0.0,0.0,0.0,85.66895974563847,0.0,0.0,0.0,0.0,0.0,0.0
74,18.5,R4Z11,90.59121804654777,0.0,0.0,0.0,0.0,27.98460125028416,102.0907381400324,0.0,28.58771030086529,0.0,0.0,0.0,79.2556084168344,0.0,0.0,0.0,0.0,0.0,0.0
74,18.5,R5Z1,65.06557880496659,0.0,135.0,11.371894214125554,46.53621859364545,44.01033210123567,0.0,0.0,0.0,0.0,0.0,0.0,69.19317419717439,0.0,0.0,0.0,0.0,0.0,0.0
74,18.5,R5Z2,102.68371171935591,0.0,135.0,0.0,0.0,16.53450089211287,28.088657613496302,0.0,28.58771030086529,0.0,0.0,0.0,164.63296124831146,0.0,0.0,0.0,0.0,0.0,0.0
74,18.5,R5Z3,147.65181892442538,0.0,0.0,0.0,0.0,41.8642128377348,164.3020078159193,0.0,28.58771030086529,0.0,0.0,0.0,139.6404641035352,0.0,0.0,0.0,0.0,0.0,0.0
74,18.5,R5Z4,120.29116311668977,0.0,0.0,0.0,0.0,44.925222763944674,48.6943346281475,0.0,57.17542060173058,0.0,0.0,0.0,0.0,0.0,0.0,0.0,0.0,0.0,0.0
74,18.5,R5Z5,120.44884211082417,0.0,0.0,18.329292826990965,116.1154618383663,1.0658141036401503e-14,0.0,0.0,28.58771030086529,0.0,0.0,0.0,76.82459081381882,0.0,0.0,0.0,0.0,0.0,0.0
74,18.5,R5Z6,152.18081444991185,0.0,0.0,18.347508160149538,63.36699151328386,3.552713678800501e-15,0.0,0.0,57.17542060173058,0.0,0.0,0.0,155.94696547918127,0.0,0.0,0.0,0.0,0.0,0.0
74,18.5,R5Z7,105.534269502512,0.0,0.0,7.324589953731937,62.411631795007175,26.029220436123737,0.0,0.0,0.0,0.0,0.0,0.0,84.60682773133264,0.0,0.0,0.0,0.0,0.0,0.0
74,18.5,R5Z8,89.43306015108662,0.0,0.0,29.072326086707733,121.87787334528508,1.0658141036401503e-14,0.0,0.0,28.58771030086529,0.0,0.0,0.0,157.47330553869838,0.0,0.0,0.0,0.0,0.0,0.0
74,18.5,R5Z9,119.778268424645,0.0,0.0,0.0,0.0,41.92490120411931,240.0,0.0,0.0,0.0,0.0,0.0,82.04510400295229,0.0,0.0,0.0,0.0,0.0,0.0
74,18.5,R6Z1,110.39928344970293,0.0,135.0,0.0,54.30301258640431,35.25625815178335,5.424037164272505,0.0,0.0,0.0,0.0,0.0,0.0,0.0,0.0,630.7318431400796,0.0,0.0,0.0
74,18.5,R6Z2,80.44294547897105,0.0,135.0,0.0,0.0,29.796684476687734,47.88070787975772,0.0,57.17542060173058,0.0,0.0,0.0,133.65388581024197,0.0,0.0,631.2732943623025,0.0,0.0,0.0
74,18.5,R6Z3,82.36945948385097,0.0,0.0,0.0,0.0,47.930927706096654,155.54596310748815,0.0,28.58771030086529,0.0,0.0,0.0,78.71635532271239,0.0,0.0,0.0,0.0,0.0,0.0
74,18.5,R6Z4,88.00884759294861,0.0,0.0,0.0,0.0,13.125750050138853,115.79854445571827,0.0,28.58771030086529,0.0,0.0,0.0,74.63996372307001,0.0,0.0,0.0,0.0,0.0,0.0
74,18.5,R7Z1,62.64118273362629,0.0,135.0,0.0,0.0,19.143081663025107,155.36749770234343,0.0,28.58771030086529,0.0,0.0,0.0,0.0,0.0,0.0,629.6503335263313,0.0,0.0,0.0
74,18.5,R7Z2,94.17243828675338,0.0,135.0,48.18622426640546,77.43181263291433,0.0,0.0,0.0,0.0,0.0,0.0,0.0,159.12663089650022,0.0,0.0,0.0,0.0,0.0,0.0
74,18.5,R7Z3,74.04547984930589,0.0,0.0,15.652978411322124,166.57614097857137,3.552713678800501e-15,0.0,0.0,57.17542060173058,0.0,0.0,0.0,135.89560761227625,0.0,0.0,0.0,0.0,0.0,0.0
74,18.5,R7Z4,97.03094054312238,0.0,0.0,0.0,0.0,35.396539449668595,210.04377474218978,0.0,28.58771030086529,0.0,0.0,0.0,66.30512451670336,0.0,0.0,0.0,0.0,0.0,0.0
74,18.5,R7Z5,128.24226930646716,0.0,0.0,0.0,0.0,13.075527263449967,187.40519435311884,0.0,57.17542060173058,0.0,0.0,0.0,0.0,0.0,0.0,0.0,0.0,0.0,0.0
74,18.5,R7Z6,60.95780686925355,0.0,0.0,0.0,0.0,19.333277989368,115.07443312221993,0.0,57.17542060173058,0.0,0.0,0.0,0.0,0.0,0.0,0.0,0.0,0.0,0.0
74,18.5,R7Z7,113.44087834422993,0.0,0.0,0.0,0.0,36.28750125402018,102.41662895222872,0.0,0.0,0.0,0.0,0.0,66.60267943478775,0.0,0.0,0.0,0.0,0.0,0.0
74,18.5,R7Z8,91.34949220416345,0.0,0.0,0.0,0.0,34.180137197358725,104.82731916200082,0.0,57.17542060173058,0.0,0.0,0.0,141.46917697901276,0.0,0.0,0.0,0.0,0.0,0.0
74,18.5,R7Z9,114.74558462849052,0.0,0.0,27.66681756864827,160.0,7.105427357601002e-15,0.0,0.0,57.17542060173058,0.0,0.0,0.0,77.34969284140735,0.0,0.0,0.0,0.0,0.0,0.0
74,18.5,R8Z1,154.98613869388498,0.0,135.0,0.0,0.0,29.50610899862074,137.16833120535955,0.0,28.58771030086529,0.0,0.0,0.0,82.3646085635561,0.0,0.0,631.8152103928735,0.0,0.0,0.0
74,18.5,R8Z2,123.34230856521503,0.0,135.0,0.0,0.0,31.022799868367894,230.2969041772859,0.0,28.58771030086529,0.0,0.0,0.0,143.48634367620386,0.0,0.0,0.0,0.0,0.0,0.0
74,18.5,R8Z3,71.82305143659313,0.0,0.0,0.0,43.23534113572784,36.1993744233159,56.64375517443225,0.0,28.58771030086529,0.0,0.0,0.0,167.86885379162572,0.0,0.0,0.0,0.0,0.0,0.0
74,18.5,R8Z4,95.13756574099202,0.0,0.0,0.0,0.0,26.842414936318434,135.8139914512074,0.0,0.0,0.0,0.0,0.0,0.0,0.0,0.0,0.0,0.0,0.0,0.0
74,18.5,R8Z5,81.67044063437449,0.0,0.0,0.0,0.0,35.19647662173007,82.05712580627733,0.0,28.58771030086529,0.0,0.0,0.0,83.54033921280552,0.0,0.0,0.0,0.0,0.0,0.0
74,18.5,R8Z6,134.74558653185744,0.0,0.0,0.0,0.0,14.323930058441983,160.0,0.0,28.58771030086529,0.0,0.0,0.0,0.0,0.0,0.0,0.0,0.0,0.0,0.0
74,18.5,R8Z7,78.48989886122767,0.0,0.0,26.911710590991973,50.2952126092533,-3.552713678800501e-15,0.0,0.0,0.0,0.0,0.0,0.0,77.39873391695966,0.0,0.0,0.0,0.0,0.0,0.0
74,18.5,R8Z8,102.1615851787887,0.0,0.0,0.0,110.87643378988398,30.627438930185363,3.232651384737295,0.0,28.58771030086529,0.0,0.0,0.0,82.29154517344372,0.0,0.0,0.0,0.0,0.0,0.0
74,18.5,R9Z1,137.57082597012052,0.0,135.0,0.0,0.0,12.038012141334194,50.760919921033405,0.0,28.58771030086529,0.0,0.0,0.0,0.0,0.0,0.0,630.7318431400796,0.0,0.0,0.0
74,18.5,R9Z2,118.53405165433114,0.0,135.0,0.0,0.0,13.58019169696168,116.28447708508386,0.0,28.58771030086529,0.0,0.0,0.0,73.17734024544835,0.0,0.0,630.7318431400796,0.0,0.0,0.0
74,18.5,R9Z3,84.91723891457056,0.0,0.0,0.0,0.0,22.350326608261906,74.44895086738052,0.0,57.17542060173058,0.0,0.0,0.0,134.51373415923908,0.0,0.0,0.0,0.0,0.0,0.0
74,18.5,R9Z4,122.80682467158923,0.0,0.0,24.34153783166812,203.07148316183824,3.552713678800501e-15,0.0,0.0,28.58771030086529,0.0,0.0,0.0,70.55346619571044,0.0,0.0,0.0,0.0,0.0,0.0
74,18.5,R9Z5,76.54034277800021,0.0,0.0,0.0,47.95263247713492,23.377006901633376,141.72657954644714,0.0,28.58771030086529,0.0,0.0,0.0,146.94552500074468,0.0,0.0,0.0,0.0,0.0,0.0
74,18.5,R9Z6,78.36176242212625,0.0,0.0,0.0,0.0,11.219779803218557,76.24962591172374,0.0,28.58771030086529,0.0,0.0,0.0,156.23635985115106,0.0,0.0,0.0,0.0,0.0,0.0
74,18.5,R9Z7,60.41303695397806,0.0,0.0,0.0,0.0,32.709205933854335,53.38659503703695,0.0,0.0,0.0,0.0,0.0,74.8795964640492,0.0,0.0,0.0,0.0,0.0,0.0
74,18.5,R9Z8,140.97861093798693,0.0,0.0,0.0,0.0,23.54466933041615,80.0,0.0,28.58771030086529,0.0,0.0,0.0,69.96690056832459,0.0,0.0,0.0,0.0,0.0,0.0
74,18.5,R9Z9,64.22888159660329,0.0,0.0,19.971690936281497,46.767649050902385,3.552713678800501e-15,0.0,0.0,0.0,0.0,0.0,0.0,158.77803738585857,0.0,0.0,0.0,0.0,0.0,0.0
74,18.5,R9Z10,90.42363393979237,0.0,0.0,1.229882999999404,179.300090318106,20.420012693226337,0.0,0.0,0.0,0.0,0.0,0.0,0.0,0.0,0.0,0.0,0.0,0.0,0.0
74,18.5,R9Z11,88.39739711104816,0.0,0.0,0.0,0.0,10.093183352445344,175.38268198403824,0.0,0.0,0.0,0.0,0.0,156.91923791783356,0.0,0.0,0.0,0.0,0.0,0.0
74,18.5,R10Z1,132.0171148550512,0.0,0.0,0.0,0.0,16.638963662659123,119.17629419387028,0.0,0.0,0.0,0.0,0.0,68.78677412664622,0.0,0.0,629.1102743384873,0.0,0.0,0.0
74,18.5,R10Z2,59.39601645884147,0.0,0.0,23.443346714509516,198.384296362219,3.552713678800501e-15,0.0,0.0,0.0,0.0,0.0,0.0,163.8158842089192,0.0,0.0,630.7318431400796,0.0,0.0,0.0
74,18.5,R10Z3,91.95222671919774,0.0,0.0,0.0,0.0,54.73537123392528,160.0,0.0,0.0,0.0,0.0,0.0,78.7454714141876,0.0,0.0,0.0,0.0,0.0,0.0
74,18.5,R10Z4,101.57332163897058,0.0,0.0,14.094337559437164,58.309376190052504,0.0,0.0,0.0,57.17542060173058,0.0,0.0,0.0,79.8393344335741,0.0,0.0,0.0,0.0,0.0,0.0
74,18.5,R10Z5,46.68037618803412,0.0,0.0,0.0,0.0,13.194269115045156,240.0,0.0,57.17542060173058,0.0,0.0,0.0,0.0,0.0,0.0,0.0,0.0,0.0,0.0
74,18.5,R10Z6,90.11910083540737,0.0,0.0,0.0,0.0,27.56295878517879,48.907555481177226,0.0,57.17542060173058,0.0,0.0,0.0,67.73597754706061,0.0,0.0,0.0,0.0,0.0,0.0
74,18.5,R10Z7,96.08723873188737,0.0,0.0,0.0,95.42515917612077,12.423717306381086,80.6738645033176,0.0,57.17542060173058,0.0,0.0,0.0,81.94527261893198,0.0,0.0,0.0,0.0,0.0,0.0
74,18.5,R10Z8,88.83324486672203,0.0,0.0,0.0,0.0,12.949020310779208,71.51131811162722,0.0,0.0,0.0,0.0,0.0,79.29570609591777,0.0,0.0,0.0,0.0,0.0,0.0
74,18.5,R10Z9,80.60029800116796,0.0,0.0,12.931624781135312,101.89824411055368,3.552713678800501e-15,0.0,0.0,28.58771030086529,0.0,0.0,0.0,0.0,0.0,0.0,0.0,0.0,0.0,0.0
74,18.5,R11Z1,80.55687749136565,0.0,135.0,32.53199481905543,85.08882951017398,0.0,0.0,0.0,57.17542060173058,0.0,0.0,0.0,154.8052674315402,0.0,0.0,0.0,0.0,0.0,0.0
74,18.5,R11Z2,105.41808999003186,0.0,135.0,0.0,0.0,17.928498505338833,53.700485554770424,0.0,28.58771030086529,0.0,0.0,0.0,67.80090189390657,0.0,0.0,0.0,0.0,0.0,0.0
74,18.5,R11Z3,80.7093424125497,0.0,0.0,17.536941583658873,34.58469052802554,1.1828531054461813,0.0,0.0,28.58771030086529,0.0,0.0,0.0,0.0,0.0,0.0,0.0,0.0,0.0,0.0
74,18.5,R11Z4,157.85549400046202,0.0,0.0,0.0,0.0,40.786182686224926,129.24378333203077,0.0,0.0,0.0,0.0,0.0,78.61000927185074,0.0,0.0,0.0,0.0,0.0,0.0
74,18.5,R11Z5,51.93130493562475,0.0,0.0,0.0,39.97717503587293,14.232613836968234,21.913731424567494,0.0,28.58771030086529,0.0,0.0,0.0,86.07400102350476,0.0,0.0,0.0,0.0,0.0,0.0
74,18.5,R11Z6,97.82820985530014,0.0,0.0,0.0,0.0,19.512407805501308,49.21259507288486,0.0,0.0,0.0,0.0,0.0,0.0,0.0,0.0,0.0,0.0,0.0,0.0
74,18.5,R11Z7,114.87556839037794,0.0,0.0,16.318579939407385,160.0,3.552713678800501e-15,0.0,0.0,28.58771030086529,0.0,0.0,0.0,0.0,0.0,0.0,0.0,0.0,0.0,0.0
74,18.5,R11Z8,97.92689775062654,0.0,0.0,0.0,0.0,21.253277770543637,173.9313404504976,0.0,28.58771030086529,0.0,0.0,0.0,154.65559125534648,0.0,0.0,0.0,0.0,0.0,0.0
74,18.5,R12Z1,145.9448282192603,0.0,135.0,31.426050010841664,87.56567239021058,7.105427357601002e-15,0.0,0.0,57.17542060173058,0.0,0.0,0.0,133.50944623420173,0.0,0.0,0.0,0.0,0.0,0.0
74,18.5,R12Z2,130.44454995999533,0.0,135.0,0.0,0.0,15.561339740428128,131.8798142845459,0.0,28.58771030086529,0.0,0.0,0.0,85.16062923550982,0.0,0.0,0.0,0.0,0.0,0.0
74,18.5,R12Z3,117.15973986798389,0.0,0.0,52.38660936393693,49.271998366422366,0.0,0.0,0.0,28.58771030086529,0.0,0.0,0.0,154.3112039159151,0.0,0.0,0.0,0.0,0.0,0.0
74,18.5,R12Z4,127.10665262188213,0.0,0.0,0.0,0.0,49.330321105877395,56.05576225294201,0.0,0.0,0.0,0.0,0.0,0.0,0.0,0.0,0.0,0.0,0.0,0.0
74,18.5,R12Z5,89.29013289942482,0.0,0.0,0.0,0.0,16.077037739594203,53.15470527282345,0.0,0.0,0.0,0.0,0.0,146.0892305439979,0.0,0.0,0.0,0.0,0.0,0.0
74,18.5,R12Z6,81.3130122814709,0.0,0.0,0.0,0.0,28.24704861463295,152.47546856254314,0.0,0.0,0.0,0.0,0.0,0.0,0.0,0.0,0.0,0.0,0.0,0.0
74,18.5,R12Z7,58.0813509233806,0.0,0.0,0.0,0.0,48.96017515496869,65.0402749983213,0.0,57.17542060173058,0.0,0.0,0.0,0.0,0.0,0.0,0.0,0.0,0.0,0.0
74,18.5,R12Z8,113.57888836396388,0.0,0.0,27.647905530524753,85.5294570978362,3.552713678800501e-15,0.0,0.0,0.0,0.0,0.0,0.0,70.56199978420068,0.0,0.0,0.0,0.0,0.0,0.0
74,18.5,R12Z9,63.728517401251494,0.0,0.0,0.0,87.21176160503653,19.35386628150104,48.82620430516651,0.0,57.17542060173058,0.0,0.0,0.0,160.09974761870367,0.0,0.0,0.0,0.0,0.0,0.0
75,18.75,R1Z1,55.66564030124729,0.0,0.0,47.289202872820596,168.85359920162833,0.0,0.0,0.0,42.040248233205695,0.0,0.0,0.0,146.24825117623686,0.0,0.0,570.9543384946056,0.0,0.0,0.0
75,18.75,R1Z2,48.77779550546896,0.0,0.0,15.241842080488524,98.286448131085,1.7763568394002505e-15,0.0,0.0,42.040248233205695,0.0,0.0,80.21202780867314,179.37439454154935,0.0,0.0,0.0,0.0,0.0,0.0
75,18.75,R1Z3,110.56851066349088,0.0,0.0,59.839781762716584,39.829925750271244,7.105427357601002e-15,0.0,0.0,21.020124116602847,0.0,0.0,0.0,200.18336278264877,0.0,0.0,0.0,0.0,0.0,0.0
75,18.75,R1Z4,110.71849861393981,0.0,0.0,37.66438043016771,132.3471829483913,1.4210854715202004e-14,0.0,0.0,42.040248233205695,0.0,0.0,0.0,0.0,0.0,0.0,0.0,0.0,0.0,0.0
75,18.75,R1Z5,141.3358375932493,0.0,0.0,25.20185945081829,24.943294147674948,-3.552713678800501e-15,0.0,0.0,42.040248233205695,0.0,0.0,0.0,0.0,0.0,0.0,0.0,0.0,0.0,0.0
75,18.75,R1Z6,127.45687804926634,0.0,0.0,42.924353434654286,37.65485519955745,-7.105427357601002e-15,0.0,0.0,0.0,0.0,0.0,35.7857655752848,90.80797569676504,0.0,0.0,0.0,0.0,0.0,0.0
75,18.75,R1Z7,100.92114168994932,0.0,0.0,11.213301023343554,37.49971833054934,-1.7763568394002505e-15,0.0,0.0,21.020124116602847,0.0,0.0,0.0,100.09168139132439,0.0,0.0,0.0,0.0,0.0,0.0
75,18.75,R1Z8,119.40057147435807,0.0,0.0,17.7429031951945,104.62829057051951,-3.552713678800501e-15,0.0,0.0,0.0,0.0,0.0,0.0,0.0,0.0,0.0,0.0,0.0,0.0,0.0
75,18.75,R1Z9,124.53110172917908,0.0,0.0,27.56212923204319,93.99302418954261,-3.552713678800501e-15,0.0,0.0,0.0,0.0,0.0,34.46262070901573,191.24291333347747,0.0,0.0,0.0,0.0,0.0,0.0
75,18.75,R1Z10,114.55996054627292,0.0,0.0,36.77670846862028,36.4890012944193,7.105427357601002e-15,0.0,0.0,0.0,0.0,0.0,0.0,200.18336278264877,0.0,0.0,0.0,0.0,0.0,0.0
75,18.75,R2Z1,143.22484353568913,0.0,135.0,43.7102643281907,62.08994336092451,-7.105427357601002e-15,0.0,0.0,0.0,0.0,0.0,0.0,71.95535738303889,0.0,0.0,632.3575916308067,0.0,0.0,0.0
75,18.75,R2Z2,125.33892804244282,0.0,135.0,26.216702155628937,32.783635047368364,-3.552713678800501e-15,0.0,0.0,0.0,0.0,0.0,0.0,77.7713043770135,0.0,0.0,629.1102743384873,0.0,0.0,0.0
75,18.75,R2Z3,119.57814585928382,0.0,0.0,0.0,0.0,54.19436109096739,34.305500593343304,0.0,21.020124116602847,0.0,0.0,0.0,67.32206214594727,0.0,0.0,0.0,0.0,0.0,0.0
75,18.75,R2Z4,93.85951286644674,0.0,0.0,0.0,0.0,16.42714744568609,137.27037110627458,0.0,42.040248233205695,0.0,0.0,0.0,0.0,0.0,0.0,0.0,0.0,0.0,0.0
75,18.75,R2Z5,81.42752911588117,0.0,0.0,0.0,0.0,15.589893275842469,89.463580305347,0.0,21.020124116602847,0.0,0.0,0.0,0.0,0.0,0.0,0.0,0.0,0.0,0.0
75,18.75,R2Z6,50.62557007658141,0.0,0.0,32.65484571540574,69.05701946745006,5.95838477456109,0.0,0.0,42.040248233205695,0.0,0.0,0.0,162.54810475242107,0.0,0.0,0.0,0.0,0.0,0.0
75,18.75,R2Z7,75.08719876562027,0.0,0.0,16.40581173781277,52.34538115712493,-3.552713678800501e-15,0.0,0.0,42.040248233205695,0.0,0.0,0.0,83.0523765245416,0.0,0.0,0.0,0.0,0.0,0.0
75,18.75,R2Z8,103.0631784362984,0.0,0.0,0.0,0.0,30.149220096032735,48.10278319667407,0.0,0.0,0.0,0.0,0.0,85.58249963166605,0.0,0.0,0.0,0.0,0.0,0.0
75,18.75,R2Z9,63.68898454919922,0.0,0.0,12.874410041723095,112.10143510221572,-7.105427357601002e-15,0.0,0.0,21.020124116602847,0.0,0.0,0.0,78.27518575202332,0.0,0.0,0.0,0.0,0.0,0.0
75,18.75,R3Z1,116.29051996160601,0.0,0.0,59.44533855458162,47.3705201613247,0.0,0.0,0.0,0.0,0.0,0.0,0.0,0.0,0.0,0.0,0.0,0.0,0.0,0.0
75,18.75,R3Z2,79.87016451764413,0.0,0.0,0.0,0.0,52.628211807813244,126.89357218407665,0.0,42.040248233205695,0.0,0.0,0.0,155.9127269640762,0.0,0.0,0.0,0.0,0.0,0.0
75,18.75,R3Z3,95.67206657774305,0.0,0.0,11.12586320419539,47.303982871255485,0.0,0.0,0.0,21.020124116602847,0.0,0.0,0.0,0.0,0.0,0.0,0.0,0.0,0.0,0.0
75,18.75,R4Z1,157.4514091936735,0.0,135.0,0.0,0.0,9.629886164577417,112.82228307455529,0.0,42.040248233205695,0.0,0.0,0.0,77.13560175071422,0.0,0.0,0.0,0.0,0.0,0.0
75,18.75,R4Z2,128.8365791398506,0.0,0.0,38.367126961778396,55.78674867659929,0.0,0.0,0.0,42.040248233205695,0.0,0.0,0.0,152.48604507858528,0.0,0.0,0.0,0.0,0.0,0.0
75,18.75,R4Z3,112.91111665598255,0.0,0.0,23.354234555058838,150.40497010731053,-1.4210854715202004e-14,0.0,0.0,0.0,0.0,0.0,0.0,0.0,0.0,0.0,0.0,0.0,0.0,0.0
75,18.75,R4Z4,135.71496432607077,0.0,0.0,0.0,0.0,11.98674212715491,71.27300587045086,0.0,0.0,0.0,0.0,0.0,0.0,0.0,0.0,0.0,0.0,0.0,0.0
75,18.75,R4Z5,69.90443129346558,0.0,0.0,13.216094823674382,155.7412102297207,7.105427357601002e-15,0.0,0.0,42.040248233205695,0.0,0.0,0.0,0.0,0.0,0.0,0.0,0.0,0.0,0.0
75,18.75,R4Z6,68.83423653373755,0.0,0.0,0.0,0.0,27.077736287899192,62.209366066085025,0.0,42.040248233205695,0.0,0.0,0.0,145.12574875095933,0.0,0.0,0.0,0.0,0.0,0.0
75,18.75,R4Z7,129.40296140649644,0.0,0.0,0.0,0.0,25.80896702380355,233.6903962410259,0.0,42.040248233205695,0.0,0.0,0.0,0.0,0.0,0.0,0.0,0.0,0.0,0.0
75,18.75,R4Z8,95.98930243864288,0.0,0.0,21.407101222075042,62.02394208813588,7.105427357601002e-15,0.0,0.0,42.040248233205695,0.0,0.0,0.0,0.0,0.0,0.0,0.0,0.0,0.0,0.0
75,18.75,R4Z9,134.42556833975132,0.0,0.0,0.0,131.53621786985863,25.149363005395756,63.17850166640741,0.0,0.0,0.0,0.0,0.0,84.00032124210888,0.0,0.0,0.0,0.0,0.0,0.0
75,18.75,R4Z10,78.1919510015971,0.0,0.0,10.848118502331346,173.6480822725977,8.881784197001252e-15,0.0,0.0,0.0,0.0,0.0,0.0,85.5731623697976,0.0,0.0,0.0,0.0,0.0,0.0
75,18.75,R4Z11,100.30141471570117,0.0,0.0,0.0,0.0,18.847123655347744,96.34055962986652,0.0,21.020124116602847,0.0,0.0,0.0,79.16698262600482,0.0,0.0,0.0,0.0,0.0,0.0
75,18.75,R5Z1,68.4195745881043,0.0,135.0,0.0,0.0,51.843345584855065,64.25701542236011,0.0,0.0,0.0,0.0,0.0,69.11580049573257,0.0,0.0,0.0,0.0,0.0,0.0
75,18.75,R5Z2,98.68426463542782,0.0,135.0,11.506042641740777,50.30473573969549,0.0,0.0,0.0,21.020124116602847,0.0,0.0,0.0,164.4488641644747,0.0,0.0,0.0,0.0,0.0,0.0
75,18.75,R5Z3,152.48951027287038,0.0,0.0,0.0,34.333710669915504,40.59334126414939,124.69975992751624,0.0,21.020124116602847,0.0,0.0,0.0,139.48431431413613,0.0,0.0,0.0,0.0,0.0,0.0
75,18.75,R5Z4,114.53101858027128,0.0,0.0,0.0,0.0,37.57545400184866,63.19508901557222,0.0,42.040248233205695,0.0,0.0,0.0,0.0,0.0,0.0,0.0,0.0,0.0,0.0
75,18.75,R5Z5,116.49687942732182,0.0,0.0,15.634131836018014,117.44208764290715,-1.2434497875801753e-14,0.0,0.0,21.020124116602847,0.0,0.0,0.0,76.73868345341823,0.0,0.0,0.0,0.0,0.0,0.0
75,18.75,R5Z6,162.35589545491487,0.0,0.0,0.0,0.0,16.148802358497342,91.48626353335334,0.0,42.040248233205695,0.0,0.0,0.0,155.77258131357905,0.0,0.0,0.0,0.0,0.0,0.0
75,18.75,R5Z7,91.66092723783011,0.0,0.0,0.0,0.0,24.934342562043884,49.33179212911442,0.0,0.0,0.0,0.0,0.0,84.51221806058436,0.0,0.0,0.0,0.0,0.0,0.0
75,18.75,R5Z8,101.65808424281224,0.0,0.0,31.313680896025488,144.08154602682333,-3.552713678800501e-15,0.0,0.0,21.020124116602847,0.0,0.0,0.0,157.29721457786044,0.0,0.0,0.0,0.0,0.0,0.0
75,18.75,R5Z9,101.8050271003547,0.0,0.0,44.831933468533464,87.86079390541732,1.4210854715202004e-14,0.0,0.0,0.0,0.0,0.0,0.0,81.95335892180024,0.0,0.0,0.0,0.0,0.0,0.0
75,18.75,R6Z1,141.57581884249078,0.0,135.0,30.6037605310497,72.00426433788331,3.552713678800501e-15,0.0,0.0,0.0,0.0,0.0,0.0,0.0,0.0,0.0,630.1908563275326,0.0,0.0,0.0
75,18.75,R6Z2,110.31091362089228,0.0,135.0,0.0,0.0,38.87821415415742,52.15445000537237,0.0,42.040248233205695,0.0,0.0,0.0,133.50443037656365,0.0,0.0,630.7318431400796,0.0,0.0,0.0
75,18.75,R6Z3,69.51383615282018,0.0,0.0,42.34484498428876,58.08238132056828,7.105427357601002e-15,0.0,0.0,21.020124116602847,0.0,0.0,0.0,78.62833253945388,0.0,0.0,0.0,0.0,0.0,0.0
75,18.75,R6Z4,90.85595404431416,0.0,0.0,15.878229012562599,76.2120940371554,3.552713678800501e-15,0.0,0.0,21.020124116602847,0.0,0.0,0.0,74.55649927248302,0.0,0.0,0.0,0.0,0.0,0.0
75,18.75,R7Z1,71.78787859605607,0.0,135.0,0.0,177.21039866637776,25.002044722378646,27.481115443886267,0.0,21.020124116602847,0.0,0.0,0.0,0.0,0.0,0.0,629.1102743384873,0.0,0.0,0.0
75,18.75,R7Z2,78.40240030124816,0.0,135.0,0.0,0.0,39.831207363694965,48.66166432522711,0.0,0.0,0.0,0.0,0.0,158.94869114199,0.0,0.0,0.0,0.0,0.0,0.0
75,18.75,R7Z3,64.80105091414994,0.0,0.0,0.0,0.0,14.416885232614208,171.49233962952178,0.0,42.040248233205695,0.0,0.0,0.0,135.74364542391524,0.0,0.0,0.0,0.0,0.0,0.0
75,18.75,R7Z4,99.19226440872087,0.0,0.0,0.0,42.828427408637396,52.69929408142515,92.26344446845835,0.0,21.020124116602847,0.0,0.0,0.0,66.23098031147008,0.0,0.0,0.0,0.0,0.0,0.0
75,18.75,R7Z5,136.80684833860442,0.0,0.0,0.0,0.0,12.809909470535423,99.79813721426744,0.0,42.040248233205695,0.0,0.0,0.0,0.0,0.0,0.0,0.0,0.0,0.0,0.0
75,18.75,R7Z6,70.54431993390973,0.0,0.0,27.216105702503384,74.02363905469282,-3.552713678800501e-15,0.0,0.0,42.040248233205695,0.0,0.0,0.0,0.0,0.0,0.0,0.0,0.0,0.0,0.0
75,18.75,R7Z7,97.09629382569514,0.0,0.0,0.0,0.0,23.445970198890322,135.38356201620746,0.0,0.0,0.0,0.0,0.0,66.52820249549995,0.0,0.0,0.0,0.0,0.0,0.0
75,18.75,R7Z8,85.29076750580398,0.0,0.0,0.0,0.0,40.16706192170559,132.21795445018057,0.0,42.040248233205695,0.0,0.0,0.0,141.31098227281817,0.0,0.0,0.0,0.0,0.0,0.0
75,18.75,R7Z9,140.8016555359793,0.0,0.0,34.71918890944819,66.16588505043511,-7.105427357601002e-15,0.0,0.0,42.040248233205695,0.0,0.0,0.0,77.26319829754566,0.0,0.0,0.0,0.0,0.0,0.0
75,18.75,R8Z1,139.02321430361113,0.0,135.0,0.0,0.0,35.327443105763244,132.24002692412046,0.0,21.020124116602847,0.0,0.0,0.0,82.27250620365845,0.0,0.0,631.2732943623025,0.0,0.0,0.0
75,18.75,R8Z2,113.48597914734358,0.0,135.0,31.21004457562134,140.360029323304,7.105427357601002e-15,0.0,0.0,21.020124116602847,0.0,0.0,0.0,143.3258933189917,0.0,0.0,0.0,0.0,0.0,0.0
75,18.75,R8Z3,83.9298027234299,0.0,0.0,0.0,0.0,34.31483473807545,79.32042963203736,0.0,21.020124116602847,0.0,0.0,0.0,167.68113824416955,0.0,0.0,0.0,0.0,0.0,0.0
75,18.75,R8Z4,113.55830761574497,0.0,0.0,0.0,0.0,28.23761042844519,96.19049684084358,0.0,0.0,0.0,0.0,0.0,0.0,0.0,0.0,0.0,0.0,0.0,0.0
75,18.75,R8Z5,57.86009298340262,0.0,0.0,0.0,93.2019245374084,19.570517593343617,12.075940019564285,0.0,21.020124116602847,0.0,0.0,0.0,83.44692211871211,0.0,0.0,0.0,0.0,0.0,0.0
75,18.75,R8Z6,155.8417077690546,0.0,0.0,0.0,0.0,15.329426008057895,126.19295069639314,0.0,21.020124116602847,0.0,0.0,0.0,0.0,0.0,0.0,0.0,0.0,0.0,0.0
75,18.75,R8Z7,63.52708358431876,0.0,0.0,0.0,0.0,40.11525320778652,39.90766158734641,0.0,0.0,0.0,0.0,0.0,77.31218453402487,0.0,0.0,0.0,0.0,0.0,0.0
75,18.75,R8Z8,92.84610650280396,0.0,0.0,22.560116424225868,149.36197469619395,7.105427357601002e-15,0.0,0.0,21.020124116602847,0.0,0.0,0.0,82.1995245150289,0.0,0.0,0.0,0.0,0.0,0.0
75,18.75,R9Z1,127.28804851269389,0.0,135.0,0.0,12.382552594559371,8.17133663443805,51.40937809989961,0.0,21.020124116602847,0.0,0.0,0.0,0.0,0.0,0.0,630.1908563275326,0.0,0.0,0.0
75,18.75,R9Z2,119.88726769412243,0.0,135.0,10.437754315618534,112.78066497736145,3.552713678800501e-15,0.0,0.0,21.020124116602847,0.0,0.0,0.0,73.09551134047106,0.0,0.0,630.1908563275326,0.0,0.0,0.0
75,18.75,R9Z3,97.10551848041109,0.0,0.0,0.0,0.0,20.752339270388696,51.987574575931255,0.0,42.040248233205695,0.0,0.0,0.0,134.36331721959988,0.0,0.0,0.0,0.0,0.0,0.0
75,18.75,R9Z4,142.49196877920582,0.0,0.0,27.339779092506916,167.09002095788793,0.0,0.0,0.0,21.020124116602847,0.0,0.0,0.0,70.47457137852001,0.0,0.0,0.0,0.0,0.0,0.0
75,18.75,R9Z5,87.63548656003184,0.0,0.0,0.0,0.0,14.251038213622934,167.84537100485247,0.0,21.020124116602847,0.0,0.0,0.0,146.78120649228575,0.0,0.0,0.0,0.0,0.0,0.0
75,18.75,R9Z6,80.60664258213522,0.0,0.0,9.84856763671705,69.75562298824802,5.329070518200751e-15,0.0,0.0,21.020124116602847,0.0,0.0,0.0,156.0616520768404,0.0,0.0,0.0,0.0,0.0,0.0
75,18.75,R9Z7,65.50162213273877,0.0,0.0,36.45736210155414,75.21009118998441,-7.105427357601002e-15,0.0,0.0,0.0,0.0,0.0,0.0,74.79586404957169,0.0,0.0,0.0,0.0,0.0,0.0
75,18.75,R9Z8,146.79063848711505,0.0,0.0,21.09046866281443,74.42453017074152,0.0,0.0,0.0,21.020124116602847,0.0,0.0,0.0,69.888661664875,0.0,0.0,0.0,0.0,0.0,0.0
75,18.75,R9Z9,87.21318826300836,0.0,0.0,19.16685445756916,61.30118195251603,0.0,0.0,0.0,0.0,0.0,0.0,0.0,158.60048743815415,0.0,0.0,0.0,0.0,0.0,0.0
75,18.75,R9Z10,109.37579695476116,0.0,0.0,0.0,0.0,22.023400854151657,140.5013729871369,0.0,0.0,0.0,0.0,0.0,0.0,0.0,0.0,0.0,0.0,0.0,0.0
75,18.75,R9Z11,93.48494680517348,0.0,0.0,0.0,21.93468122049542,10.016350264869041,218.0653187795046,0.0,0.0,0.0,0.0,0.0,156.743766530576,0.0,0.0,0.0,0.0,0.0,0.0
75,18.75,R10Z1,136.63297064056056,0.0,0.0,0.0,0.0,14.444318093076767,136.27625796593432,0.0,0.0,0.0,0.0,0.0,68.70985487288783,0.0,0.0,628.5706783663535,0.0,0.0,0.0
75,18.75,R10Z2,69.4649607353418,0.0,0.0,0.0,0.0,22.11256677759444,240.0,0.0,0.0,0.0,0.0,0.0,163.63270080299407,0.0,0.0,630.1908563275326,0.0,0.0,0.0
75,18.75,R10Z3,69.73795569589404,0.0,0.0,37.566987089161245,114.32280294871472,1.4210854715202004e-14,0.0,0.0,0.0,0.0,0.0,0.0,78.65741607251859,0.0,0.0,0.0,0.0,0.0,0.0
75,18.75,R10Z4,107.85271676353705,0.0,0.0,0.0,0.0,14.836473322960213,51.96800076032113,0.0,42.040248233205695,0.0,0.0,0.0,79.750055904334,0.0,0.0,0.0,0.0,0.0,0.0
75,18.75,R10Z5,56.04262328177543,0.0,0.0,0.0,0.0,16.272144108774917,228.66888747979897,0.0,42.040248233205695,0.0,0.0,0.0,0.0,0.0,0.0,0.0,0.0,0.0,0.0
75,18.75,R10Z6,114.9929542315924,0.0,0.0,0.0,46.205239820661006,32.59856753335733,23.6701165872025,0.0,42.040248233205695,0.0,0.0,0.0,67.66023332280143,0.0,0.0,0.0,0.0,0.0,0.0
75,18.75,R10Z7,104.98475488328627,0.0,0.0,12.523624748342598,180.3697626046016,1.2434497875801753e-14,0.0,0.0,42.040248233205695,0.0,0.0,0.0,81.85363917196628,0.0,0.0,0.0,0.0,0.0,0.0
75,18.75,R10Z8,86.41082626564888,0.0,0.0,0.0,0.0,15.702854040280087,67.39224422984776,0.0,0.0,0.0,0.0,0.0,79.20703546676582,0.0,0.0,0.0,0.0,0.0,0.0
75,18.75,R10Z9,67.49841691359775,0.0,0.0,0.0,0.0,13.84794488400902,123.20188593454701,0.0,21.020124116602847,0.0,0.0,0.0,0.0,0.0,0.0,0.0,0.0,0.0,0.0
75,18.75,R11Z1,82.7740069589182,0.0,135.0,0.0,0.0,34.50088201560804,147.4209028262455,0.0,42.040248233205695,0.0,0.0,0.0,154.63215994394702,0.0,0.0,0.0,0.0,0.0,0.0
75,18.75,R11Z2,131.17094401062744,0.0,135.0,16.957297720015617,68.71509066493566,0.0,0.0,0.0,21.020124116602847,0.0,0.0,0.0,67.72508506946554,0.0,0.0,0.0,0.0,0.0,0.0
75,18.75,R11Z3,77.17072466497794,0.0,0.0,14.810171062987429,45.16298929221512,-3.552713678800501e-15,0.0,0.0,21.020124116602847,0.0,0.0,0.0,0.0,0.0,0.0,0.0,0.0,0.0,0.0
75,18.75,R11Z4,150.10526722605206,0.0,0.0,0.0,0.0,44.43725040542532,228.51646161348333,0.0,0.0,0.0,0.0,0.0,78.52210540765735,0.0,0.0,0.0,0.0,0.0,0.0
75,18.75,R11Z5,48.64245947857261,0.0,0.0,9.639863241746546,56.42104654530939,0.0,0.0,0.0,21.020124116602847,0.0,0.0,0.0,85.9777507194196,0.0,0.0,0.0,0.0,0.0,0.0
75,18.75,R11Z6,117.34323710291076,0.0,0.0,0.0,0.0,17.822043017501546,101.21561380665662,0.0,0.0,0.0,0.0,0.0,0.0,0.0,0.0,0.0,0.0,0.0,0.0
75,18.75,R11Z7,111.73234667432591,0.0,0.0,0.0,0.0,16.253227265828734,88.72881412582609,0.0,21.020124116602847,0.0,0.0,0.0,0.0,0.0,0.0,0.0,0.0,0.0,0.0
75,18.75,R11Z8,103.00891515904466,0.0,0.0,27.69847518576492,190.43297630676798,-1.4210854715202004e-14,0.0,0.0,21.020124116602847,0.0,0.0,0.0,154.4826511397507,0.0,0.0,0.0,0.0,0.0,0.0
75,18.75,R12Z1,133.57941688082747,0.0,135.0,0.0,0.0,36.922814132239964,153.69261389878392,0.0,42.040248233205695,0.0,0.0,0.0,133.3601523168111,0.0,0.0,0.0,0.0,0.0,0.0
75,18.75,R12Z2,124.79802030763607,0.0,135.0,11.148665151090796,166.25788508826162,-5.329070518200751e-15,0.0,0.0,21.020124116602847,0.0,0.0,0.0,85.06540028876012,0.0,0.0,0.0,0.0,0.0,0.0
75,18.75,R12Z3,101.76163040258476,0.0,0.0,0.0,0.0,49.08403382229989,32.80614029712075,0.0,21.020124116602847,0.0,0.0,0.0,154.13864890366932,0.0,0.0,0.0,0.0,0.0,0.0
75,18.75,R12Z4,126.01240813016571,0.0,0.0,50.08913910480256,42.54874714676931,-7.105427357601002e-15,0.0,0.0,0.0,0.0,0.0,0.0,0.0,0.0,0.0,0.0,0.0,0.0,0.0
75,18.75,R12Z5,84.82698107642098,0.0,0.0,0.0,0.0,19.374797316970756,104.69931594463904,0.0,0.0,0.0,0.0,0.0,145.92586956744023,0.0,0.0,0.0,0.0,0.0,0.0
75,18.75,R12Z6,94.27661219911516,0.0,0.0,0.0,27.644809179798848,31.20772066033233,72.19126806122543,0.0,0.0,0.0,0.0,0.0,0.0,0.0,0.0,0.0,0.0,0.0,0.0
75,18.75,R12Z7,60.1967110218599,0.0,0.0,0.0,0.0,38.4368333289796,121.79054097369935,0.0,42.040248233205695,0.0,0.0,0.0,0.0,0.0,0.0,0.0,0.0,0.0,0.0
75,18.75,R12Z8,128.67254583957268,0.0,0.0,30.59758398627949,116.0020955592471,0.0,0.0,0.0,0.0,0.0,0.0,0.0,70.483095424518,0.0,0.0,0.0,0.0,0.0,0.0
75,18.75,R12Z9,74.50991069619177,0.0,0.0,15.714150646628227,64.20106410485599,-3.552713678800501e-15,0.0,0.0,42.040248233205695,0.0,0.0,0.0,159.92071969843715,0.0,0.0,0.0,0.0,0.0,0.0
76,19.0,R1Z1,54.01689884806415,0.0,0.0,29.25285340023862,132.47308500120977,1.0658141036401503e-14,0.0,0.0,72.86182074957598,0.0,0.0,0.0,146.08471237845527,0.0,0.0,570.464623616482,0.0,0.0,0.0
76,19.0,R1Z2,41.92823724889409,0.0,0.0,9.463274941505205,162.35363744342675,-5.329070518200751e-15,0.0,0.0,72.86182074957598,0.0,90.0,0.0,200.85641902900448,0.0,0.0,0.0,0.0,0.0,0.0
76,19.0,R1Z3,106.69638814676877,0.0,0.0,25.76141639570868,73.51955787990762,7.105427357601002e-15,0.0,0.0,36.43091037478799,0.0,3.72287395640129,0.0,200.85641902900448,0.0,0.0,0.0,0.0,0.0,0.0
76,19.0,R1Z4,121.14737180830477,0.0,0.0,31.684260581099664,105.68022936669632,-3.552713678800501e-15,0.0,0.0,72.86182074957598,0.0,0.0,0.0,0.0,0.0,0.0,0.0,0.0,0.0,0.0
76,19.0,R1Z5,117.94643157770135,0.0,0.0,37.68603639041058,41.69933683414345,-7.105427357601002e-15,0.0,0.0,72.86182074957598,0.0,0.0,0.0,0.0,0.0,0.0,0.0,0.0,0.0,0.0
76,19.0,R1Z6,132.59350760739457,0.0,0.0,32.51045448838062,78.43218248956583,0.0,0.0,0.0,0.0,0.0,0.0,0.0,90.70643173261512,0.0,0.0,0.0,0.0,0.0,0.0
76,19.0,R1Z7,89.80001140667646,0.0,0.0,14.083694039417619,21.08600501018481,-1.7763568394002505e-15,0.0,0.0,36.43091037478799,0.0,0.0,0.0,99.97975613333993,0.0,0.0,0.0,0.0,0.0,0.0
76,19.0,R1Z8,112.06496257733644,0.0,0.0,16.729618363798323,124.78514031519222,3.552713678800501e-15,0.0,0.0,0.0,0.0,0.0,0.0,0.0,0.0,0.0,0.0,0.0,0.0,0.0
76,19.0,R1Z9,128.26604561990362,0.0,0.0,24.24661372825537,130.9388107124472,3.552713678800501e-15,0.0,0.0,0.0,0.0,40.79132805154873,0.0,200.85641902900448,0.0,0.0,0.0,0.0,0.0,0.0
76,19.0,R1Z10,104.29137009266981,0.0,0.0,49.481395038339045,39.741044087733144,0.0,0.0,0.0,0.0,0.0,3.72287395640129,0.0,200.85641902900448,0.0,0.0,0.0,0.0,0.0,0.0
76,19.0,R2Z1,129.1767269221477,0.0,135.0,33.99629012658612,90.73601369133922,0.0,0.0,0.0,0.0,0.0,0.0,0.0,71.8748949327482,0.0,0.0,631.8152103928735,0.0,0.0,0.0
76,19.0,R2Z2,137.19486464812536,0.0,135.0,33.54816772398627,52.22793896625949,0.0,0.0,0.0,0.0,0.0,0.0,0.0,77.68433837559174,0.0,0.0,628.5706783663535,0.0,0.0,0.0
76,19.0,R2Z3,134.4766881711384,0.0,0.0,0.0,0.0,49.493622438901184,53.41628440213621,0.0,36.43091037478799,0.0,0.0,0.0,67.2467807732199,0.0,0.0,0.0,0.0,0.0,0.0
76,19.0,R2Z4,72.99415180074931,0.0,0.0,0.0,0.0,11.464451580621832,129.47956182272986,0.0,72.86182074957598,0.0,0.0,0.0,0.0,0.0,0.0,0.0,0.0,0.0,0.0
76,19.0,R2Z5,84.06713096749621,0.0,0.0,0.0,0.0,17.213162349823815,79.62849841545057,0.0,36.43091037478799,0.0,0.0,0.0,0.0,0.0,0.0,0.0,0.0,0.0,0.0
76,19.0,R2Z6,54.033633130678254,0.0,0.0,0.0,0.0,27.916114669030677,98.18094918329663,0.0,72.86182074957598,0.0,0.0,0.0,162.36633901218772,0.0,0.0,0.0,0.0,0.0,0.0
76,19.0,R2Z7,88.3868707408875,0.0,0.0,0.0,0.0,15.117025419134482,19.86906125133048,0.0,72.86182074957598,0.0,0.0,0.0,82.95950508368341,0.0,0.0,0.0,0.0,0.0,0.0
76,19.0,R2Z8,114.01945217518028,0.0,0.0,35.741182108539064,51.6085163815887,-7.105427357601002e-15,0.0,0.0,0.0,0.0,0.0,0.0,85.48679893789135,0.0,0.0,0.0,0.0,0.0,0.0
76,19.0,R2Z9,58.5175802873412,0.0,0.0,0.0,0.0,17.074273150751583,122.8302458270687,0.0,36.43091037478799,0.0,0.0,0.0,78.18765629665508,0.0,0.0,0.0,0.0,0.0,0.0
76,19.0,R3Z1,111.12264261984586,0.0,0.0,42.58189052292535,79.14776539759471,0.0,0.0,0.0,0.0,0.0,0.0,0.0,0.0,0.0,0.0,0.0,0.0,0.0,0.0
76,19.0,R3Z2,102.99239746775109,0.0,0.0,30.346087787323427,167.7314925653598,3.552713678800501e-15,0.0,0.0,72.86182074957598,0.0,0.0,0.0,155.73838108491879,0.0,0.0,0.0,0.0,0.0,0.0
76,19.0,R3Z3,109.16185601412076,0.0,0.0,0.0,0.0,15.021485972973467,49.52556801929012,0.0,36.43091037478799,0.0,0.0,0.0,0.0,0.0,0.0,0.0,0.0,0.0,0.0
76,19.0,R4Z1,140.7658451806967,0.0,135.0,0.0,0.0,10.529697728517242,188.18495928242805,0.0,72.86182074957598,0.0,0.0,0.0,77.04934660937056,0.0,0.0,0.0,0.0,0.0,0.0
76,19.0,R4Z2,140.5220504580301,0.0,0.0,0.0,0.0,33.10501227151092,48.43434761556398,0.0,72.86182074957598,0.0,0.0,0.0,152.31553100891227,0.0,0.0,0.0,0.0,0.0,0.0
76,19.0,R4Z3,129.307437973708,0.0,0.0,22.990966759466033,157.6960960018522,7.105427357601002e-15,0.0,0.0,0.0,0.0,0.0,0.0,0.0,0.0,0.0,0.0,0.0,0.0,0.0
76,19.0,R4Z4,134.73004890827778,0.0,0.0,12.958485959926037,52.15895207923239,7.105427357601002e-15,0.0,0.0,0.0,0.0,0.0,0.0,0.0,0.0,0.0,0.0,0.0,0.0,0.0
76,19.0,R4Z5,64.52237445723745,0.0,0.0,0.0,0.0,12.05346431752962,118.15809057422426,0.0,72.86182074957598,0.0,0.0,0.0,0.0,0.0,0.0,0.0,0.0,0.0,0.0
76,19.0,R4Z6,68.07144576631455,0.0,0.0,0.0,0.0,15.613492903176388,55.95984074740503,0.0,72.86182074957598,0.0,0.0,0.0,144.96346516611644,0.0,0.0,0.0,0.0,0.0,0.0
76,19.0,R4Z7,108.2312667883472,0.0,0.0,16.660005319231715,167.38946633562182,-3.552713678800501e-15,0.0,0.0,72.86182074957598,0.0,0.0,0.0,0.0,0.0,0.0,0.0,0.0,0.0,0.0
76,19.0,R4Z8,87.37000319403136,0.0,0.0,0.0,14.508182444455372,21.196495850991724,41.41576842462941,0.0,72.86182074957598,0.0,0.0,0.0,0.0,0.0,0.0,0.0,0.0,0.0,0.0
76,19.0,R4Z9,135.80889389736052,0.0,0.0,0.0,0.0,26.60935698103778,157.80885388798794,0.0,0.0,0.0,0.0,0.0,83.90638978351902,0.0,0.0,0.0,0.0,0.0,0.0
76,19.0,R4Z10,83.23128938282692,0.0,0.0,0.0,0.0,8.191180545045672,190.94526259081587,0.0,0.0,0.0,0.0,0.0,85.4774721172047,0.0,0.0,0.0,0.0,0.0,0.0
76,19.0,R4Z11,112.0923088877808,0.0,0.0,0.0,76.34299273866505,19.233946299893372,42.22497885466994,0.0,36.43091037478799,0.0,0.0,0.0,79.07845593896054,0.0,0.0,0.0,0.0,0.0,0.0
76,19.0,R5Z1,73.07196260267916,0.0,135.0,44.528228719027375,54.26562736761522,7.105427357601002e-15,0.0,0.0,0.0,0.0,0.0,0.0,69.0385133156817,0.0,0.0,0.0,0.0,0.0,0.0
76,19.0,R5Z2,126.58445936652382,0.0,135.0,12.42048713898663,24.834945787017382,0.0,0.0,0.0,36.43091037478799,0.0,0.0,0.0,164.26497294303647,0.0,0.0,0.0,0.0,0.0,0.0
76,19.0,R5Z3,146.2872424768351,0.0,0.0,0.0,0.0,41.095592477948934,177.15105177572516,0.0,36.43091037478799,0.0,0.0,0.0,139.3283391357059,0.0,0.0,0.0,0.0,0.0,0.0
76,19.0,R5Z4,114.23466194089832,0.0,0.0,0.0,0.0,45.239586589816106,56.6757140589879,0.0,72.86182074957598,0.0,0.0,0.0,0.0,0.0,0.0,0.0,0.0,0.0,0.0
76,19.0,R5Z5,95.31569046571083,0.0,0.0,15.156571244700444,160.0,-7.105427357601002e-15,0.0,0.0,36.43091037478799,0.0,0.0,0.0,76.65287215697961,0.0,0.0,0.0,0.0,0.0,0.0
76,19.0,R5Z6,141.8385001474992,0.0,0.0,13.698434528776318,50.018604736433616,0.0,0.0,0.0,72.86182074957598,0.0,0.0,0.0,155.5983921491243,0.0,0.0,0.0,0.0,0.0,0.0
76,19.0,R5Z7,105.25477266030792,0.0,0.0,27.297016294489183,78.57376371147961,-3.552713678800501e-15,0.0,0.0,0.0,0.0,0.0,0.0,84.41771418495969,0.0,0.0,0.0,0.0,0.0,0.0
76,19.0,R5Z8,116.22888192800815,0.0,0.0,0.0,0.0,32.87961913285792,59.37767226764815,0.0,36.43091037478799,0.0,0.0,0.0,157.12132052675514,0.0,0.0,0.0,0.0,0.0,0.0
76,19.0,R5Z9,117.17448978918037,0.0,0.0,41.188874064904184,131.64907138397777,0.0,0.0,0.0,0.0,0.0,0.0,0.0,81.86171643250934,0.0,0.0,0.0,0.0,0.0,0.0
76,19.0,R6Z1,130.15047236906145,0.0,135.0,0.0,0.0,26.664017988125906,45.843688554100595,0.0,0.0,0.0,0.0,0.0,0.0,0.0,0.0,629.6503335263313,0.0,0.0,0.0
76,19.0,R6Z2,107.64266179272525,0.0,135.0,29.361957417386265,48.14816743983833,0.0,0.0,0.0,72.86182074957598,0.0,0.0,0.0,133.35514206804234,0.0,0.0,630.1908563275326,0.0,0.0,0.0
76,19.0,R6Z3,63.768491212364324,0.0,0.0,0.0,0.0,56.46997737710893,98.02881556991743,0.0,36.43091037478799,0.0,0.0,0.0,78.54040818568109,0.0,0.0,0.0,0.0,0.0,0.0
76,19.0,R6Z4,77.50646542213663,0.0,0.0,0.0,0.0,14.20434714678265,139.96400942776717,0.0,36.43091037478799,0.0,0.0,0.0,74.47312815412941,0.0,0.0,0.0,0.0,0.0,0.0
76,19.0,R7Z1,71.56667833914791,0.0,135.0,0.0,0.0,25.08519915104252,127.25216712016004,0.0,36.43091037478799,0.0,0.0,0.0,0.0,0.0,0.0,628.5706783663535,0.0,0.0,0.0
76,19.0,R7Z2,76.48890949209986,0.0,135.0,0.0,0.0,33.952387325385665,80.0,0.0,0.0,0.0,0.0,0.0,158.77095036458408,0.0,0.0,0.0,0.0,0.0,0.0
76,19.0,R7Z3,54.498356320833956,0.0,0.0,0.0,7.585757602668451,14.074068066929735,155.72324123070658,0.0,72.86182074957598,0.0,0.0,0.0,135.59185316383298,0.0,0.0,0.0,0.0,0.0,0.0
76,19.0,R7Z4,95.05174807756346,0.0,0.0,0.0,0.0,34.598671540045,217.48328288993375,0.0,36.43091037478799,0.0,0.0,0.0,66.15691901631666,0.0,0.0,0.0,0.0,0.0,0.0
76,19.0,R7Z5,134.06025876071843,0.0,0.0,0.0,0.0,13.97588402192746,202.6590492762749,0.0,72.86182074957598,0.0,0.0,0.0,0.0,0.0,0.0,0.0,0.0,0.0,0.0
76,19.0,R7Z6,68.70565995707733,0.0,0.0,0.0,0.0,26.88853942466729,84.36611221042608,0.0,72.86182074957598,0.0,0.0,0.0,0.0,0.0,0.0,0.0,0.0,0.0,0.0
76,19.0,R7Z7,105.37575743762339,0.0,0.0,0.0,0.0,18.957481887833247,115.78911451045633,0.0,0.0,0.0,0.0,0.0,66.45380883836437,0.0,0.0,0.0,0.0,0.0,0.0
76,19.0,R7Z8,87.15465858616864,0.0,0.0,21.24958016529291,99.72570845845505,7.105427357601002e-15,0.0,0.0,72.86182074957598,0.0,0.0,0.0,141.15296446427436,0.0,0.0,0.0,0.0,0.0,0.0
76,19.0,R7Z9,140.05641586315198,0.0,0.0,0.0,0.0,31.507922526433124,119.82481045037268,0.0,72.86182074957598,0.0,0.0,0.0,77.17680047425056,0.0,0.0,0.0,0.0,0.0,0.0
76,19.0,R8Z1,155.54210874529957,0.0,135.0,0.0,0.0,24.888128797929816,123.26395147051281,0.0,36.43091037478799,0.0,0.0,0.0,82.1805068351408,0.0,0.0,630.7318431400796,0.0,0.0,0.0
76,19.0,R8Z2,130.94158837157363,0.0,135.0,0.0,0.0,25.722393490698455,183.5699672217914,0.0,36.43091037478799,0.0,0.0,0.0,143.16562238176104,0.0,0.0,0.0,0.0,0.0,0.0
76,19.0,R8Z3,69.49249372539721,0.0,0.0,0.0,0.0,30.60819663197841,68.40243817631497,0.0,36.43091037478799,0.0,0.0,0.0,167.49363260537694,0.0,0.0,0.0,0.0,0.0,0.0
76,19.0,R8Z4,102.14613981088388,0.0,0.0,0.0,42.09902421592068,29.729418410072967,117.90097578407932,0.0,0.0,0.0,0.0,0.0,0.0,0.0,0.0,0.0,0.0,0.0,0.0
76,19.0,R8Z5,80.21034930591284,0.0,0.0,25.5060531761589,111.38208470053837,3.552713678800501e-15,0.0,0.0,36.43091037478799,0.0,0.0,0.0,83.35360948617046,0.0,0.0,0.0,0.0,0.0,0.0
76,19.0,R8Z6,150.49544178020463,0.0,0.0,0.0,0.0,7.675421451893424,116.99340929372815,0.0,36.43091037478799,0.0,0.0,0.0,0.0,0.0,0.0,0.0,0.0,0.0,0.0
76,19.0,R8Z7,75.31087802575055,0.0,0.0,0.0,0.0,36.1566790234368,65.47095072788503,0.0,0.0,0.0,0.0,0.0,77.22573193297922,0.0,0.0,0.0,0.0,0.0,0.0
76,19.0,R8Z8,99.86639295590116,0.0,0.0,0.0,34.45230295776516,32.00599313983059,112.79397032507043,0.0,36.43091037478799,0.0,0.0,0.0,82.10760675663323,0.0,0.0,0.0,0.0,0.0,0.0
76,19.0,R9Z1,120.69478203878965,0.0,135.0,0.0,0.0,8.287869545504215,59.498885449499184,0.0,36.43091037478799,0.0,0.0,0.0,0.0,0.0,0.0,629.6503335263313,0.0,0.0,0.0
76,19.0,R9Z2,129.49569533562178,0.0,135.0,9.796713070612356,142.47607980922314,5.329070518200751e-15,0.0,0.0,36.43091037478799,0.0,0.0,0.0,73.01377393881526,0.0,0.0,629.6503335263313,0.0,0.0,0.0
76,19.0,R9Z3,118.59958021402645,0.0,0.0,0.0,45.73775946445046,12.449687860086156,29.2137586871723,0.0,72.86182074957598,0.0,0.0,0.0,134.21306848030002,0.0,0.0,0.0,0.0,0.0,0.0
76,19.0,R9Z4,125.36329802299457,0.0,0.0,0.0,0.0,27.52255705373046,195.51218849709758,0.0,36.43091037478799,0.0,0.0,0.0,70.39576478367378,0.0,0.0,0.0,0.0,0.0,0.0
76,19.0,R9Z5,79.61781136195903,0.0,0.0,0.0,0.0,11.543987384091423,161.021911439362,0.0,36.43091037478799,0.0,0.0,0.0,146.61707172928095,0.0,0.0,0.0,0.0,0.0,0.0
76,19.0,R9Z6,85.31757005243594,0.0,0.0,0.0,0.0,9.164471550716005,50.48240484425604,0.0,36.43091037478799,0.0,0.0,0.0,155.8871396655453,0.0,0.0,0.0,0.0,0.0,0.0
76,19.0,R9Z7,69.63204610747886,0.0,0.0,26.64577601053,70.47995263785063,7.105427357601002e-15,0.0,0.0,0.0,0.0,0.0,0.0,74.7122252669721,0.0,0.0,0.0,0.0,0.0,0.0
76,19.0,R9Z8,151.0164500946223,0.0,0.0,21.060836241659146,59.067663601495425,-7.105427357601002e-15,0.0,0.0,36.43091037478799,0.0,0.0,0.0,69.81051025030892,0.0,0.0,0.0,0.0,0.0,0.0
76,19.0,R9Z9,77.62238338960397,0.0,0.0,0.0,35.75700604436969,21.5453768358594,24.36815620926358,0.0,0.0,0.0,0.0,0.0,158.42313603166141,0.0,0.0,0.0,0.0,0.0,0.0
76,19.0,R9Z10,90.31641485542312,0.0,0.0,18.775045014482572,184.04074083699282,-1.0658141036401503e-14,0.0,0.0,0.0,0.0,0.0,0.0,0.0,0.0,0.0,0.0,0.0,0.0,0.0
76,19.0,R9Z11,101.0232770565297,0.0,0.0,0.0,0.0,8.782605404761787,189.4989125057804,0.0,0.0,0.0,0.0,0.0,156.56849136022697,0.0,0.0,0.0,0.0,0.0,0.0
76,19.0,R10Z1,143.87273277203255,0.0,0.0,0.0,0.0,14.378742749775123,117.69673938887836,0.0,0.0,0.0,0.0,0.0,68.63302163234454,0.0,0.0,628.0315452126237,0.0,0.0,0.0
76,19.0,R10Z2,60.44437367563732,0.0,0.0,0.0,0.0,24.341708348093167,184.4792528721572,0.0,0.0,0.0,0.0,0.0,163.44972223776782,0.0,0.0,629.6503335263313,0.0,0.0,0.0
76,19.0,R10Z3,102.31342815858937,0.0,0.0,0.0,89.10056003292937,38.286858867749,70.89943996707063,0.0,0.0,0.0,0.0,0.0,78.56945919674301,0.0,0.0,0.0,0.0,0.0,0.0
76,19.0,R10Z4,105.88690968568778,0.0,0.0,11.784399995385499,64.95282962121239,3.552713678800501e-15,0.0,0.0,72.86182074957598,0.0,0.0,0.0,79.66087720878917,0.0,0.0,0.0,0.0,0.0,0.0
76,19.0,R10Z5,55.4972553261074,0.0,0.0,13.021857164814378,71.81229890683902,-1.7763568394002505e-15,0.0,0.0,72.86182074957598,0.0,0.0,0.0,0.0,0.0,0.0,0.0,0.0,0.0,0.0
76,19.0,R10Z6,114.34312287379426,0.0,0.0,26.641610136438963,56.679491930706156,3.552713678800501e-15,0.0,0.0,72.86182074957598,0.0,0.0,0.0,67.5845737978072,0.0,0.0,0.0,0.0,0.0,0.0
76,19.0,R10Z7,128.2458740955343,0.0,0.0,0.0,0.0,12.502770044197478,165.97758444424576,0.0,72.86182074957598,0.0,0.0,0.0,81.76210819202929,0.0,0.0,0.0,0.0,0.0,0.0
76,19.0,R10Z8,72.83314771235447,0.0,0.0,0.0,0.0,14.703995564439113,22.413453487729882,0.0,0.0,0.0,0.0,0.0,79.1184639915386,0.0,0.0,0.0,0.0,0.0,0.0
76,19.0,R10Z9,92.41322112757697,0.0,0.0,0.0,0.0,9.434354034616716,101.37884998719493,0.0,36.43091037478799,0.0,0.0,0.0,0.0,0.0,0.0,0.0,0.0,0.0,0.0
76,19.0,R11Z1,91.68075855567463,0.0,135.0,0.0,0.0,24.850018422666736,240.0,0.0,72.86182074957598,0.0,0.0,0.0,154.45924602988504,0.0,0.0,0.0,0.0,0.0,0.0
76,19.0,R11Z2,106.97562906322386,0.0,135.0,17.143560102285434,60.066633037558475,7.105427357601002e-15,0.0,0.0,36.43091037478799,0.0,0.0,0.0,67.64935302547296,0.0,0.0,0.0,0.0,0.0,0.0
76,19.0,R11Z3,95.74369387637489,0.0,0.0,0.0,0.0,15.820151404954569,80.0,0.0,36.43091037478799,0.0,0.0,0.0,0.0,0.0,0.0,0.0,0.0,0.0,0.0
76,19.0,R11Z4,149.34746729979753,0.0,0.0,0.0,0.0,36.519139226195854,100.8571888331045,0.0,0.0,0.0,0.0,0.0,78.43429983997112,0.0,0.0,0.0,0.0,0.0,0.0
76,19.0,R11Z5,53.5679316685351,0.0,0.0,8.330235220264115,57.80926786184804,1.7763568394002505e-15,0.0,0.0,36.43091037478799,0.0,0.0,0.0,85.88160804505918,0.0,0.0,0.0,0.0,0.0,0.0
76,19.0,R11Z6,110.48002699794667,0.0,0.0,0.0,0.0,17.20760289696283,150.60077303334285,0.0,0.0,0.0,0.0,0.0,0.0,0.0,0.0,0.0,0.0,0.0,0.0
76,19.0,R11Z7,104.9909309854623,0.0,0.0,0.0,0.0,16.84899560862017,87.10146824895885,0.0,36.43091037478799,0.0,0.0,0.0,0.0,0.0,0.0,0.0,0.0,0.0,0.0
76,19.0,R11Z8,107.29499434392213,0.0,0.0,0.0,191.2033115362593,26.879707692654243,3.7621884257442844,0.0,36.43091037478799,0.0,0.0,0.0,154.30990441052612,0.0,0.0,0.0,0.0,0.0,0.0
76,19.0,R12Z1,148.2633473281361,0.0,135.0,0.0,0.0,33.545313653427016,240.0,0.0,72.86182074957598,0.0,0.0,0.0,133.21102534396562,0.0,0.0,0.0,0.0,0.0,0.0
76,19.0,R12Z2,128.3517877262942,0.0,135.0,0.0,89.51069551174658,9.366142013659205,89.72549530305406,0.0,36.43091037478799,0.0,0.0,0.0,84.97027782962542,0.0,0.0,0.0,0.0,0.0,0.0
76,19.0,R12Z3,110.49120634312013,0.0,0.0,42.41121990791976,52.97281209167494,7.105427357601002e-15,0.0,0.0,36.43091037478799,0.0,0.0,0.0,153.96628684716165,0.0,0.0,0.0,0.0,0.0,0.0
76,19.0,R12Z4,114.24827072298208,0.0,0.0,0.0,0.0,47.18053792787987,46.92707769548298,0.0,0.0,0.0,0.0,0.0,0.0,0.0,0.0,0.0,0.0,0.0,0.0
76,19.0,R12Z5,95.25877701600781,0.0,0.0,11.766351956539523,127.63921157871047,1.4210854715202004e-14,0.0,0.0,0.0,0.0,0.0,0.0,145.76269126559828,0.0,0.0,0.0,0.0,0.0,0.0
76,19.0,R12Z6,83.87296314682514,0.0,0.0,0.0,0.0,20.186635525720156,190.48918219756277,0.0,0.0,0.0,0.0,0.0,0.0,0.0,0.0,0.0,0.0,0.0,0.0
76,19.0,R12Z7,49.302821561878716,0.0,0.0,0.0,0.0,42.21897635998516,160.0,0.0,72.86182074957598,0.0,0.0,0.0,0.0,0.0,0.0,0.0,0.0,0.0,0.0
76,19.0,R12Z8,120.59578030996613,0.0,0.0,0.0,0.0,25.25860268709655,87.6508403533781,0.0,0.0,0.0,0.0,0.0,70.4042792978502,0.0,0.0,0.0,0.0,0.0,0.0
76,19.0,R12Z9,84.50013784903734,0.0,0.0,17.429959816380546,166.90648179578983,0.0,0.0,0.0,72.86182074957598,0.0,0.0,0.0,159.74189197209168,0.0,0.0,0.0,0.0,0.0,0.0
77,19.25,R1Z1,76.61401144882946,0.0,0.0,30.570529711125715,112.81475680889574,-7.105427357601002e-15,0.0,0.0,28.46324901617994,0.0,0.0,0.0,145.92135645423397,0.0,0.0,569.9753287731065,0.0,0.0,0.0
77,19.25,R1Z2,45.58423404957242,0.0,0.0,10.43921249127024,240.0,-3.552713678800501e-15,0.0,0.0,28.46324901617994,0.0,0.9322810770017629,0.0,200.85641902900448,0.0,0.0,0.0,0.0,0.0,0.0
77,19.25,R1Z3,115.42348374836358,0.0,0.0,30.454820620554187,94.50508548542135,7.105427357601002e-15,0.0,0.0,14.23162450808997,0.0,0.9322810770017629,0.0,200.85641902900448,0.0,0.0,0.0,0.0,0.0,0.0
77,19.25,R1Z4,111.27633887781512,0.0,0.0,40.85525730729347,160.0,0.0,0.0,0.0,28.46324901617994,0.0,0.0,0.0,0.0,0.0,0.0,0.0,0.0,0.0,0.0
77,19.25,R1Z5,155.77925325966783,0.0,0.0,22.527812670594727,30.668121391533816,0.0,0.0,0.0,28.46324901617994,0.0,0.0,0.0,0.0,0.0,0.0,0.0,0.0,0.0,0.0
77,19.25,R1Z6,113.65481651096486,0.0,0.0,22.01642513773507,95.55716816568702,-3.552713678800501e-15,0.0,0.0,0.0,0.0,40.77409994030813,0.0,100.42820951450224,0.0,0.0,0.0,0.0,0.0,0.0
77,19.25,R1Z7,89.30954434206353,0.0,0.0,10.348442307998038,30.86503283327303,0.0,0.0,0.0,14.23162450808997,0.0,2.3254960069185886,0.0,100.42820951450224,0.0,0.0,0.0,0.0,0.0,0.0
77,19.25,R1Z8,121.31959583874813,0.0,0.0,9.244696063534178,64.63848077699686,-7.105427357601002e-15,0.0,0.0,0.0,0.0,0.0,0.0,0.0,0.0,0.0,0.0,0.0,0.0,0.0
77,19.25,R1Z9,122.87999628274463,0.0,0.0,25.827992879429814,134.14927534797752,1.0658141036401503e-14,0.0,0.0,0.0,0.0,0.9322810770017629,0.0,200.85641902900448,0.0,0.0,0.0,0.0,0.0,0.0
77,19.25,R1Z10,105.51943286504425,0.0,0.0,31.33807257949809,78.64511296121614,3.552713678800501e-15,0.0,0.0,0.0,0.0,0.9322810770017629,0.0,200.85641902900448,0.0,0.0,0.0,0.0,0.0,0.0
77,19.25,R2Z1,141.37966490049575,0.0,135.0,40.1337882482016,110.4232282391371,-7.105427357601002e-15,0.0,0.0,0.0,0.0,0.0,0.0,71.79452245777199,0.0,0.0,631.2732943623025,0.0,0.0,0.0
77,19.25,R2Z2,116.00117800171142,0.0,135.0,0.0,0.0,25.339760059294075,59.3021029168623,0.0,0.0,0.0,0.0,0.0,77.59746962193333,0.0,0.0,628.0315452126237,0.0,0.0,0.0
77,19.25,R2Z3,128.26172879220337,0.0,0.0,0.0,0.0,45.218822455100124,43.09585641297861,0.0,14.23162450808997,0.0,0.0,0.0,67.17158358218421,0.0,0.0,0.0,0.0,0.0,0.0
77,19.25,R2Z4,79.03990294617775,0.0,0.0,0.0,0.0,8.20115585388143,157.0702175607405,0.0,28.46324901617994,0.0,0.0,0.0,0.0,0.0,0.0,0.0,0.0,0.0,0.0
77,19.25,R2Z5,84.1656120652153,0.0,0.0,16.049615809487932,106.99604686370984,-7.105427357601002e-15,0.0,0.0,14.23162450808997,0.0,0.0,0.0,0.0,0.0,0.0,0.0,0.0,0.0,0.0
77,19.25,R2Z6,58.95609718423245,0.0,0.0,28.29944525161018,107.66370383589567,3.552713678800501e-15,0.0,0.0,28.46324901617994,0.0,0.0,0.0,162.18477652738062,0.0,0.0,0.0,0.0,0.0,0.0
77,19.25,R2Z7,91.9067423446194,0.0,0.0,0.0,0.0,14.673219266379336,65.77662559272852,0.0,28.46324901617994,0.0,0.0,0.0,82.8667374942126,0.0,0.0,0.0,0.0,0.0,0.0
77,19.25,R2Z8,114.06434981272695,0.0,0.0,39.617849004084334,38.817305630557954,-7.105427357601002e-15,0.0,0.0,0.0,0.0,0.0,0.0,85.39120525925208,0.0,0.0,0.0,0.0,0.0,0.0
77,19.25,R2Z9,45.917195134145935,0.0,0.0,12.033377995332785,147.4788456660155,3.552713678800501e-15,0.0,0.0,14.23162450808997,0.0,0.0,0.0,78.10022471911981,0.0,0.0,0.0,0.0,0.0,0.0
77,19.25,R3Z1,123.27622716773374,0.0,0.0,0.0,0.0,48.99872112558442,53.466166415433335,0.0,0.0,0.0,0.0,0.0,0.0,0.0,0.0,0.0,0.0,0.0,0.0
77,19.25,R3Z2,90.62174316669508,0.0,0.0,48.48891313590448,153.0868924073712,7.105427357601002e-15,0.0,0.0,28.46324901617994,0.0,0.0,0.0,155.5642301640959,0.0,0.0,0.0,0.0,0.0,0.0
77,19.25,R3Z3,110.63802440703688,0.0,0.0,0.0,0.0,15.189467342720208,44.80467807641729,0.0,14.23162450808997,0.0,0.0,0.0,0.0,0.0,0.0,0.0,0.0,0.0,0.0
77,19.25,R4Z1,147.48636212867936,0.0,135.0,8.243698419948217,83.5344957900021,0.0,0.0,0.0,28.46324901617994,0.0,0.0,0.0,76.96318792088704,0.0,0.0,0.0,0.0,0.0,0.0
77,19.25,R4Z2,174.71526668939725,0.0,0.0,0.0,0.0,33.45937399960652,57.8254420458228,0.0,28.46324901617994,0.0,0.0,0.0,152.1452076127395,0.0,0.0,0.0,0.0,0.0,0.0
77,19.25,R4Z3,127.67292379003166,0.0,0.0,19.508400444243932,111.22704121430371,-1.0658141036401503e-14,0.0,0.0,0.0,0.0,0.0,0.0,0.0,0.0,0.0,0.0,0.0,0.0,0.0
77,19.25,R4Z4,122.35790425440646,0.0,0.0,0.0,0.0,5.235345978449967,65.59345024401108,0.0,0.0,0.0,0.0,0.0,0.0,0.0,0.0,0.0,0.0,0.0,0.0
77,19.25,R4Z5,94.32341943637034,0.0,0.0,0.0,62.796358980909105,10.256073815097848,54.46025341191272,0.0,28.46324901617994,0.0,0.0,0.0,0.0,0.0,0.0,0.0,0.0,0.0,0.0
77,19.25,R4Z6,77.98319846075317,0.0,0.0,24.28375036297043,56.04131426647921,0.0,0.0,0.0,28.46324901617994,0.0,0.0,0.0,144.80136305122036,0.0,0.0,0.0,0.0,0.0,0.0
77,19.25,R4Z7,111.59279204469937,0.0,0.0,24.39037604486279,183.19145264263648,1.0658141036401503e-14,0.0,0.0,28.46324901617994,0.0,0.0,0.0,0.0,0.0,0.0,0.0,0.0,0.0,0.0
77,19.25,R4Z8,122.06829569625428,0.0,0.0,16.68965884676367,45.909721719223,0.0,0.0,0.0,28.46324901617994,0.0,0.0,0.0,0.0,0.0,0.0,0.0,0.0,0.0,0.0
77,19.25,R4Z9,127.04622499510828,0.0,0.0,0.0,0.0,22.275512451628746,154.05480260830495,0.0,0.0,0.0,0.0,0.0,83.81256336165737,0.0,0.0,0.0,0.0,0.0,0.0
77,19.25,R4Z10,103.37198448193587,0.0,0.0,10.44623697230952,160.7174460279277,-1.7763568394002505e-15,0.0,0.0,0.0,0.0,0.0,0.0,85.38188886807161,0.0,0.0,0.0,0.0,0.0,0.0
77,19.25,R4Z11,111.881883045787,0.0,0.0,22.40118918649017,65.46795523778914,-3.552713678800501e-15,0.0,0.0,14.23162450808997,0.0,0.0,0.0,78.99002824488099,0.0,0.0,0.0,0.0,0.0,0.0
77,19.25,R5Z1,75.30410246113176,0.0,135.0,0.0,0.0,43.73071111707196,59.84350023546108,0.0,0.0,0.0,0.0,0.0,68.96131256027117,0.0,0.0,0.0,0.0,0.0,0.0
77,19.25,R5Z2,102.20953121063344,0.0,135.0,13.86183167469597,48.120804408460714,0.0,0.0,0.0,14.23162450808997,0.0,0.0,0.0,164.0812873537958,0.0,0.0,0.0,0.0,0.0,0.0
77,19.25,R5Z3,165.81681232167452,0.0,0.0,36.57692649777633,180.94556325335628,0.0,0.0,0.0,14.23162450808997,0.0,0.0,0.0,139.17253837298978,0.0,0.0,0.0,0.0,0.0,0.0
77,19.25,R5Z4,123.84199772159113,0.0,0.0,0.0,58.54315749733665,44.891987414960184,17.1187853610503,0.0,28.46324901617994,0.0,0.0,0.0,0.0,0.0,0.0,0.0,0.0,0.0,0.0
77,19.25,R5Z5,97.32381135448865,0.0,0.0,13.671797022857874,74.55824310794304,0.0,0.0,0.0,14.23162450808997,0.0,0.0,0.0,76.56715681708164,0.0,0.0,0.0,0.0,0.0,0.0
77,19.25,R5Z6,127.88938674251499,0.0,0.0,15.058896567948366,116.06497908205897,1.4210854715202004e-14,0.0,0.0,28.46324901617994,0.0,0.0,0.0,155.42439776776138,0.0,0.0,0.0,0.0,0.0,0.0
77,19.25,R5Z7,100.91426635943074,0.0,0.0,0.0,0.0,26.19195663036882,32.34727438999585,0.0,0.0,0.0,0.0,0.0,84.32331598615565,0.0,0.0,0.0,0.0,0.0,0.0
77,19.25,R5Z8,97.1468812521183,0.0,0.0,0.0,66.4996909456228,28.918756805175107,14.582078006341774,0.0,14.23162450808997,0.0,0.0,0.0,156.9456231651926,0.0,0.0,0.0,0.0,0.0,0.0
77,19.25,R5Z9,101.02875689667891,0.0,0.0,0.0,0.0,42.80150874594714,90.13571861174306,0.0,0.0,0.0,0.0,0.0,81.77017642035852,0.0,0.0,0.0,0.0,0.0,0.0
77,19.25,R6Z1,130.36066052119398,0.0,135.0,31.91746611680314,48.757760943445405,-3.552713678800501e-15,0.0,0.0,0.0,0.0,0.0,0.0,0.0,0.0,0.0,629.1102743384873,0.0,0.0,0.0
77,19.25,R6Z2,98.95094897463626,0.0,135.0,22.81079954136345,54.19513325726274,7.105427357601002e-15,0.0,0.0,28.46324901617994,0.0,0.0,0.0,133.2060206977942,0.0,0.0,629.6503335263313,0.0,0.0,0.0
77,19.25,R6Z3,75.87955180870777,0.0,0.0,0.0,0.0,55.805206483274844,107.18177290800912,0.0,14.23162450808997,0.0,0.0,0.0,78.45258215132746,0.0,0.0,0.0,0.0,0.0,0.0
77,19.25,R6Z4,78.76400944047262,0.0,0.0,0.0,0.0,8.744711149465527,117.59520133138098,0.0,14.23162450808997,0.0,0.0,0.0,74.38985026364247,0.0,0.0,0.0,0.0,0.0,0.0
77,19.25,R7Z1,73.26844238780576,0.0,135.0,0.0,0.0,21.370107076360114,240.0,0.0,14.23162450808997,0.0,0.0,0.0,0.0,0.0,0.0,628.0315452126237,0.0,0.0,0.0
77,19.25,R7Z2,51.983611246681825,0.0,135.0,0.0,0.0,36.97757327053011,48.710334429265394,0.0,0.0,0.0,0.0,0.0,158.59340834178084,0.0,0.0,0.0,0.0,0.0,0.0
77,19.25,R7Z3,68.48819075097039,0.0,0.0,0.0,0.0,14.898946434951393,211.94206823770355,0.0,28.46324901617994,0.0,0.0,0.0,135.44023064201102,0.0,0.0,0.0,0.0,0.0,0.0
77,19.25,R7Z4,111.6115024308817,0.0,0.0,0.0,108.29417767142874,36.08959752955652,60.88181649966984,0.0,14.23162450808997,0.0,0.0,0.0,66.0829405385308,0.0,0.0,0.0,0.0,0.0,0.0
77,19.25,R7Z5,127.32125987659052,0.0,0.0,0.0,0.0,9.281202242296756,194.0583011429124,0.0,28.46324901617994,0.0,0.0,0.0,0.0,0.0,0.0,0.0,0.0,0.0,0.0
77,19.25,R7Z6,67.38203588968534,0.0,0.0,22.74119603532509,144.14624368474435,-1.0658141036401503e-14,0.0,0.0,28.46324901617994,0.0,0.0,0.0,0.0,0.0,0.0,0.0,0.0,0.0,0.0
77,19.25,R7Z7,117.34668044094475,0.0,0.0,0.0,0.0,24.436742111788224,144.48637639998586,0.0,0.0,0.0,0.0,0.0,66.3794983702526,0.0,0.0,0.0,0.0,0.0,0.0
77,19.25,R7Z8,94.21899901069764,0.0,0.0,0.0,0.0,19.30800956028617,160.0,0.0,28.46324901617994,0.0,0.0,0.0,140.99512335556958,0.0,0.0,0.0,0.0,0.0,0.0
77,19.25,R7Z9,132.12497563131407,0.0,0.0,0.0,68.40556799608139,21.017107184429356,75.89851415438999,0.0,28.46324901617994,0.0,0.0,0.0,77.09049926336647,0.0,0.0,0.0,0.0,0.0,0.0
77,19.25,R8Z1,172.90231814913687,0.0,135.0,0.0,0.0,22.633395844428634,82.5939133673134,0.0,14.23162450808997,0.0,0.0,0.0,82.08861034283537,0.0,0.0,630.1908563275326,0.0,0.0,0.0
77,19.25,R8Z2,130.27668236038357,0.0,135.0,0.0,0.0,34.90469542480169,118.11608881208632,0.0,14.23162450808997,0.0,0.0,0.0,143.00553066387957,0.0,0.0,0.0,0.0,0.0,0.0
77,19.25,R8Z3,60.83533101939299,0.0,0.0,0.0,0.0,34.30181735326865,113.88293413574166,0.0,14.23162450808997,0.0,0.0,0.0,167.30633664052232,0.0,0.0,0.0,0.0,0.0,0.0
77,19.25,R8Z4,133.11811174250408,0.0,0.0,23.0775383117401,59.8548650978215,-3.552713678800501e-15,0.0,0.0,0.0,0.0,0.0,0.0,0.0,0.0,0.0,0.0,0.0,0.0,0.0
77,19.25,R8Z5,63.43583740913176,0.0,0.0,23.420024293368797,101.64301950730719,-3.552713678800501e-15,0.0,0.0,14.23162450808997,0.0,0.0,0.0,83.2604011983688,0.0,0.0,0.0,0.0,0.0,0.0
77,19.25,R8Z6,141.18303670196792,0.0,0.0,13.370307200984243,71.74208745345578,5.329070518200751e-15,0.0,0.0,14.23162450808997,0.0,0.0,0.0,0.0,0.0,0.0,0.0,0.0,0.0,0.0
77,19.25,R8Z7,87.66574877795624,0.0,0.0,0.0,0.0,22.193641611025456,36.92830700458286,0.0,0.0,0.0,0.0,0.0,77.13937600559856,0.0,0.0,0.0,0.0,0.0,0.0
77,19.25,R8Z8,97.6310585218731,0.0,0.0,7.881691307293039,199.75804966635124,27.99654902353287,0.0,0.0,14.23162450808997,0.0,0.0,0.0,82.0157917831911,0.0,0.0,0.0,0.0,0.0,0.0
77,19.25,R9Z1,127.2950095283196,0.0,135.0,0.0,0.0,7.842423205706561,58.310424953198506,0.0,14.23162450808997,0.0,0.0,0.0,0.0,0.0,0.0,629.1102743384873,0.0,0.0,0.0
77,19.25,R9Z2,135.85389215107347,0.0,135.0,7.044467643034636,149.3577601023531,0.0,0.0,0.0,14.23162450808997,0.0,0.0,0.0,72.93212793815943,0.0,0.0,629.1102743384873,0.0,0.0,0.0
77,19.25,R9Z3,105.05973188764582,0.0,0.0,0.0,0.0,17.44469618811297,80.0,0.0,28.46324901617994,0.0,0.0,0.0,134.06298775325325,0.0,0.0,0.0,0.0,0.0,0.0
77,19.25,R9Z4,126.84239138132692,0.0,0.0,0.0,0.0,20.200526482105968,214.99595993443415,0.0,14.23162450808997,0.0,0.0,0.0,70.31704631251911,0.0,0.0,0.0,0.0,0.0,0.0
77,19.25,R9Z5,79.4939448513671,0.0,0.0,14.818963780819473,164.6099780051415,8.881784197001252e-15,0.0,0.0,14.23162450808997,0.0,0.0,0.0,146.45312050626106,0.0,0.0,0.0,0.0,0.0,0.0
77,19.25,R9Z6,76.85683816020396,0.0,0.0,9.68438702133136,48.65965262347143,3.552713678800501e-15,0.0,0.0,14.23162450808997,0.0,0.0,0.0,155.71282239880554,0.0,0.0,0.0,0.0,0.0,0.0
77,19.25,R9Z7,64.27024328905658,0.0,0.0,0.0,0.0,26.683390879845412,53.61252087746064,0.0,0.0,0.0,0.0,0.0,74.62868001154867,0.0,0.0,0.0,0.0,0.0,0.0
77,19.25,R9Z8,137.81316484828542,0.0,0.0,19.067501882992154,37.3654294910625,0.0,0.0,0.0,14.23162450808997,0.0,0.0,0.0,69.73244622679388,0.0,0.0,0.0,0.0,0.0,0.0
77,19.25,R9Z9,92.01107704497981,0.0,0.0,0.0,0.0,20.21596125571427,58.35166196916524,0.0,0.0,0.0,0.0,0.0,158.24598294436612,0.0,0.0,0.0,0.0,0.0,0.0
77,19.25,R9Z10,100.43247864474881,0.0,0.0,0.0,98.6875992240633,21.872593884611728,76.27786673926725,0.0,0.0,0.0,0.0,0.0,0.0,0.0,0.0,0.0,0.0,0.0,0.0
77,19.25,R9Z11,80.91444988583486,0.0,0.0,10.216171220180513,156.8363006413321,1.0658141036401503e-14,0.0,0.0,0.0,0.0,0.0,0.0,156.39341218737127,0.0,0.0,0.0,0.0,0.0,0.0
77,19.25,R10Z1,123.80891259818222,0.0,0.0,0.0,0.0,16.628088482625948,70.29611683631191,0.0,0.0,0.0,0.0,0.0,68.556274308834,0.0,0.0,627.4928744803326,0.0,0.0,0.0
77,19.25,R10Z2,54.321196478013015,0.0,0.0,12.182605821554091,240.0,9.535986755878394,0.0,0.0,0.0,0.0,0.0,0.0,163.26694828418195,0.0,0.0,629.1102743384873,0.0,0.0,0.0
77,19.25,R10Z3,77.93500451897046,0.0,0.0,42.245190647682634,125.78859336351145,-1.4210854715202004e-14,0.0,0.0,0.0,0.0,0.0,0.0,78.48160067675359,0.0,0.0,0.0,0.0,0.0,0.0
77,19.25,R10Z4,113.37670873657183,0.0,0.0,0.0,0.0,13.28059734299619,79.12186335760813,0.0,28.46324901617994,0.0,0.0,0.0,79.57179823530284,0.0,0.0,0.0,0.0,0.0,0.0
77,19.25,R10Z5,52.31416508378528,0.0,0.0,10.431331841090952,240.0,1.7763568394002505e-15,0.0,0.0,28.46324901617994,0.0,0.0,0.0,0.0,0.0,0.0,0.0,0.0,0.0,0.0
77,19.25,R10Z6,122.54744752542484,0.0,0.0,0.0,0.0,25.26681089555116,30.792145136360322,0.0,28.46324901617994,0.0,0.0,0.0,67.50899887736486,0.0,0.0,0.0,0.0,0.0,0.0
77,19.25,R10Z7,131.85407050422265,0.0,0.0,0.0,0.0,13.497316409719422,166.88157144410187,0.0,28.46324901617994,0.0,0.0,0.0,81.67067956453958,0.0,0.0,0.0,0.0,0.0,0.0
77,19.25,R10Z8,76.48502471361171,0.0,0.0,0.0,0.0,15.890871750837348,66.75917961117557,0.0,0.0,0.0,0.0,0.0,79.0299915593595,0.0,0.0,0.0,0.0,0.0,0.0
77,19.25,R10Z9,83.1478743771947,0.0,0.0,12.648636005858137,118.9591027398027,-1.2434497875801753e-14,0.0,0.0,14.23162450808997,0.0,0.0,0.0,0.0,0.0,0.0,0.0,0.0,0.0,0.0
77,19.25,R11Z1,103.37322060140235,0.0,135.0,0.0,0.0,25.578784491012343,134.589071294795,0.0,28.46324901617994,0.0,0.0,0.0,154.286525472895,0.0,0.0,0.0,0.0,0.0,0.0
77,19.25,R11Z2,118.56504524648373,0.0,135.0,15.335962449019206,58.611420494865726,1.7763568394002505e-15,0.0,0.0,14.23162450808997,0.0,0.0,0.0,67.57370566712503,0.0,0.0,0.0,0.0,0.0,0.0
77,19.25,R11Z3,74.92323891545405,0.0,0.0,15.172573712452625,41.14920614395801,1.7763568394002505e-15,0.0,0.0,14.23162450808997,0.0,0.0,0.0,0.0,0.0,0.0,0.0,0.0,0.0,0.0
77,19.25,R11Z4,147.96154450435856,0.0,0.0,0.0,61.43186045324617,34.06211818631798,96.07006863836583,0.0,0.0,0.0,0.0,0.0,78.34659245887421,0.0,0.0,0.0,0.0,0.0,0.0
77,19.25,R11Z5,63.93814265270533,0.0,0.0,9.790167331171737,63.52000368125977,-1.7763568394002505e-15,0.0,0.0,14.23162450808997,0.0,0.0,0.0,85.78557288006898,0.0,0.0,0.0,0.0,0.0,0.0
77,19.25,R11Z6,115.08534087612317,0.0,0.0,0.0,0.0,16.839178922818483,64.56161820631813,0.0,0.0,0.0,0.0,0.0,0.0,0.0,0.0,0.0,0.0,0.0,0.0
77,19.25,R11Z7,90.56065524297853,0.0,0.0,12.586643038557753,117.54903432014149,3.552713678800501e-15,0.0,0.0,14.23162450808997,0.0,0.0,0.0,0.0,0.0,0.0,0.0,0.0,0.0,0.0
77,19.25,R11Z8,104.015653576043,0.0,0.0,0.0,0.0,27.226864717089278,129.031069975092,0.0,14.23162450808997,0.0,0.0,0.0,154.13735085142284,0.0,0.0,0.0,0.0,0.0,0.0
77,19.25,R12Z1,144.37731698700543,0.0,135.0,0.0,0.0,28.990039375020817,217.59359678226878,0.0,28.46324901617994,0.0,0.0,0.0,133.06206512898328,0.0,0.0,0.0,0.0,0.0,0.0
77,19.25,R12Z2,150.78234475023373,0.0,135.0,14.60609004199037,75.6564335473726,-5.329070518200751e-15,0.0,0.0,14.23162450808997,0.0,0.0,0.0,84.87526173902835,0.0,0.0,0.0,0.0,0.0,0.0
77,19.25,R12Z3,105.56286841482053,0.0,0.0,39.706516219877884,47.42258800855659,-7.105427357601002e-15,0.0,0.0,14.23162450808997,0.0,0.0,0.0,153.79411753062374,0.0,0.0,0.0,0.0,0.0,0.0
77,19.25,R12Z4,116.18162239318241,0.0,0.0,0.0,0.0,43.115164307536375,75.30472950022259,0.0,0.0,0.0,0.0,0.0,0.0,0.0,0.0,0.0,0.0,0.0,0.0
77,19.25,R12Z5,105.18339392311385,0.0,0.0,12.574850940743602,160.0,-1.2434497875801753e-14,0.0,0.0,0.0,0.0,0.0,0.0,145.5996954342002,0.0,0.0,0.0,0.0,0.0,0.0
77,19.25,R12Z6,93.98050957022465,0.0,0.0,0.0,82.43942857475808,22.548842334087542,39.84128761245036,0.0,0.0,0.0,0.0,0.0,0.0,0.0,0.0,0.0,0.0,0.0,0.0
77,19.25,R12Z7,62.85601307096584,0.0,0.0,39.90738224209818,153.9929505610872,0.0,0.0,0.0,28.46324901617994,0.0,0.0,0.0,0.0,0.0,0.0,0.0,0.0,0.0,0.0
77,19.25,R12Z8,131.9514832284068,0.0,0.0,26.962045734693135,108.49868264882195,-3.552713678800501e-15,0.0,0.0,0.0,0.0,0.0,0.0,70.3255513055327,0.0,0.0,0.0,0.0,0.0,0.0
77,19.25,R12Z9,100.95261902524045,0.0,0.0,0.0,0.0,15.373111113013302,132.74509526087985,0.0,28.46324901617994,0.0,0.0,0.0,159.56326421580494,0.0,0.0,0.0,0.0,0.0,0.0
78,19.5,R1Z1,72.39929526241202,0.0,0.0,29.633828192393025,165.41240566296045,1.4210854715202004e-14,0.0,0.0,24.112728035931482,0.0,0.0,0.0,145.75818319907876,0.0,0.0,569.4864536042102,0.0,0.0,0.0
78,19.5,R1Z2,51.95777257270735,0.0,0.0,10.824685959549896,83.48650798629299,3.552713678800501e-15,0.0,0.0,24.112728035931482,0.0,0.0,0.0,200.63181588311704,0.0,0.0,0.0,0.0,0.0,0.0
78,19.5,R1Z3,123.36759116995034,0.0,0.0,34.020206995347735,30.6138813558984,-7.105427357601002e-15,0.0,0.0,12.056364017965741,0.0,0.0,0.0,200.63181588311704,0.0,0.0,0.0,0.0,0.0,0.0
78,19.5,R1Z4,137.16157363382547,0.0,0.0,30.23803662827183,115.5671310759895,-3.552713678800501e-15,0.0,0.0,24.112728035931482,0.0,0.0,0.0,0.0,0.0,0.0,0.0,0.0,0.0,0.0
78,19.5,R1Z5,167.39618950308082,0.0,0.0,18.034292790163434,73.72040973878624,0.0,0.0,0.0,24.112728035931482,0.0,0.0,0.0,0.0,0.0,0.0,0.0,0.0,0.0,0.0
78,19.5,R1Z6,136.99998834724747,0.0,0.0,17.178434491651757,138.8951634687981,7.105427357601002e-15,0.0,0.0,0.0,0.0,0.0,0.0,100.31590794155852,0.0,0.0,0.0,0.0,0.0,0.0
78,19.5,R1Z7,95.70532890172682,0.0,0.0,8.157809066782278,66.9865507412117,5.329070518200751e-15,0.0,0.0,12.056364017965741,0.0,0.0,0.0,100.31590794155852,0.0,0.0,0.0,0.0,0.0,0.0
78,19.5,R1Z8,124.41354565220713,0.0,0.0,10.760331634571429,240.0,-1.7763568394002505e-15,0.0,0.0,0.0,0.0,0.0,0.0,0.0,0.0,0.0,0.0,0.0,0.0,0.0
78,19.5,R1Z9,129.14062121163155,0.0,0.0,24.238753049204327,55.48164154728641,3.552713678800501e-15,0.0,0.0,0.0,0.0,0.0,0.0,200.63181588311704,0.0,0.0,0.0,0.0,0.0,0.0
78,19.5,R1Z10,114.12702751160518,0.0,0.0,32.94642005688676,40.41889582533948,0.0,0.0,0.0,0.0,0.0,0.0,0.0,200.63181588311704,0.0,0.0,0.0,0.0,0.0,0.0
78,19.5,R2Z1,132.3644887537159,0.0,135.0,0.0,109.56999819141794,40.22526207178607,6.344271858796915,0.0,0.0,0.0,0.0,0.0,71.71423985749735,0.0,0.0,630.7318431400796,0.0,0.0,0.0
78,19.5,R2Z2,122.3429223805899,0.0,135.0,19.640751234356557,58.66077554368992,7.105427357601002e-15,0.0,0.0,0.0,0.0,0.0,0.0,77.51069800729316,0.0,0.0,627.4928744803326,0.0,0.0,0.0
78,19.5,R2Z3,121.56929512401118,0.0,0.0,0.0,0.0,35.44414309513371,51.60172384290426,0.0,12.056364017965741,0.0,0.0,0.0,67.09647047870597,0.0,0.0,0.0,0.0,0.0,0.0
78,19.5,R2Z4,79.5821519689549,0.0,0.0,0.0,0.0,13.975606421809617,218.47279614200946,0.0,24.112728035931482,0.0,0.0,0.0,0.0,0.0,0.0,0.0,0.0,0.0,0.0
78,19.5,R2Z5,84.00378648339641,0.0,0.0,12.610656568864798,109.05654669290462,-3.552713678800501e-15,0.0,0.0,12.056364017965741,0.0,0.0,0.0,0.0,0.0,0.0,0.0,0.0,0.0,0.0
78,19.5,R2Z6,58.60829837498822,0.0,0.0,0.0,0.0,18.90217431863938,80.75828048819511,0.0,24.112728035931482,0.0,0.0,0.0,162.00341707071405,0.0,0.0,0.0,0.0,0.0,0.0
78,19.5,R2Z7,87.98229617950528,0.0,0.0,0.0,0.0,11.704003787857289,35.586949594497696,0.0,24.112728035931482,0.0,0.0,0.0,82.7740736399997,0.0,0.0,0.0,0.0,0.0,0.0
78,19.5,R2Z8,96.80686990994093,0.0,0.0,0.0,0.0,33.016511355057524,55.254557031713524,0.0,0.0,0.0,0.0,0.0,85.29571847608096,0.0,0.0,0.0,0.0,0.0,0.0
78,19.5,R2Z9,72.84792996748803,0.0,0.0,9.27918052173348,184.06577412292438,1.2434497875801753e-14,0.0,0.0,12.056364017965741,0.0,0.0,0.0,78.01289090996782,0.0,0.0,0.0,0.0,0.0,0.0
78,19.5,R3Z1,124.64374232715646,0.0,0.0,0.0,0.0,43.01018006717616,55.70761886431032,0.0,0.0,0.0,0.0,0.0,0.0,0.0,0.0,0.0,0.0,0.0,0.0
78,19.5,R3Z2,88.51349556794185,0.0,0.0,38.97900356806264,193.23376220305067,1.4210854715202004e-14,0.0,0.0,24.112728035931482,0.0,0.0,0.0,155.3902739835998,0.0,0.0,0.0,0.0,0.0,0.0
78,19.5,R3Z3,105.17220798170997,0.0,0.0,9.634702076765384,15.029966080039765,1.7763568394002505e-15,0.0,0.0,12.056364017965741,0.0,0.0,0.0,0.0,0.0,0.0,0.0,0.0,0.0,0.0
78,19.5,R4Z1,150.0715500484643,0.0,135.0,7.1026849656691695,240.0,7.105427357601002e-15,0.0,0.0,24.112728035931482,0.0,0.0,0.0,76.87712557740745,0.0,0.0,0.0,0.0,0.0,0.0
78,19.5,R4Z2,154.41045450647215,0.0,0.0,33.526622844172046,44.538082840908906,7.105427357601002e-15,0.0,0.0,24.112728035931482,0.0,0.0,0.0,151.9750746768507,0.0,0.0,0.0,0.0,0.0,0.0
78,19.5,R4Z3,134.7237625444752,0.0,0.0,0.0,0.0,14.535660245109263,236.32335053464737,0.0,0.0,0.0,0.0,0.0,0.0,0.0,0.0,0.0,0.0,0.0,0.0
78,19.5,R4Z4,118.58803225699947,0.0,0.0,0.0,0.0,6.947475495175702,51.43131129136742,0.0,0.0,0.0,0.0,0.0,0.0,0.0,0.0,0.0,0.0,0.0,0.0
78,19.5,R4Z5,63.99093276507549,0.0,0.0,0.0,0.0,9.440348213139973,152.0626041348949,0.0,24.112728035931482,0.0,0.0,0.0,0.0,0.0,0.0,0.0,0.0,0.0,0.0
78,19.5,R4Z6,70.18222476838473,0.0,0.0,16.965295217516214,49.81109002911511,3.552713678800501e-15,0.0,0.0,24.112728035931482,0.0,0.0,0.0,144.63944220334645,0.0,0.0,0.0,0.0,0.0,0.0
78,19.5,R4Z7,95.58148248799958,0.0,0.0,22.113698881097662,146.26482834883822,3.552713678800501e-15,0.0,0.0,24.112728035931482,0.0,0.0,0.0,0.0,0.0,0.0,0.0,0.0,0.0,0.0
78,19.5,R4Z8,79.68141143479588,0.0,0.0,0.0,0.0,11.896328713404996,49.058527742827074,0.0,24.112728035931482,0.0,0.0,0.0,0.0,0.0,0.0,0.0,0.0,0.0,0.0
78,19.5,R4Z9,118.6293623107397,0.0,0.0,15.913607123559018,218.31978086273878,-5.329070518200751e-15,0.0,0.0,0.0,0.0,0.0,0.0,83.718841859069,0.0,0.0,0.0,0.0,0.0,0.0
78,19.5,R4Z10,73.83940717567583,0.0,0.0,6.73296243600052,131.60365943959349,-6.217248937900877e-15,0.0,0.0,0.0,0.0,0.0,0.0,85.28641250274414,0.0,0.0,0.0,0.0,0.0,0.0
78,19.5,R4Z11,116.48407729758625,0.0,0.0,0.0,0.0,7.662214174510618,160.0,0.0,12.056364017965741,0.0,0.0,0.0,78.90169943306952,0.0,0.0,0.0,0.0,0.0,0.0
78,19.5,R5Z1,71.35558205364136,0.0,135.0,0.0,53.775634720699216,38.79692066220745,0.5516106478223151,0.0,0.0,0.0,0.0,0.0,68.8841981328586,0.0,0.0,0.0,0.0,0.0,0.0
78,19.5,R5Z2,94.56017525660351,0.0,135.0,0.0,0.0,11.680642415010709,44.340827566306764,0.0,12.056364017965741,0.0,0.0,0.0,163.89780716680912,0.0,0.0,0.0,0.0,0.0,0.0
78,19.5,R5Z3,136.843111891881,0.0,0.0,0.0,124.78674787391526,35.202523137769916,107.49264033246627,0.0,12.056364017965741,0.0,0.0,0.0,139.0169118309513,0.0,0.0,0.0,0.0,0.0,0.0
78,19.5,R5Z4,113.24954194233929,0.0,0.0,0.0,0.0,33.15420771156121,31.173680232247904,0.0,24.112728035931482,0.0,0.0,0.0,0.0,0.0,0.0,0.0,0.0,0.0,0.0
78,19.5,R5Z5,87.0544866657259,0.0,0.0,0.0,93.75327256306542,13.009940370572794,15.355788184269315,0.0,12.056364017965741,0.0,0.0,0.0,76.48153732642304,0.0,0.0,0.0,0.0,0.0,0.0
78,19.5,R5Z6,169.3098651590153,0.0,0.0,0.0,0.0,13.730393869434529,86.26834672682968,0.0,24.112728035931482,0.0,0.0,0.0,155.25059795167854,0.0,0.0,0.0,0.0,0.0,0.0
78,19.5,R5Z7,97.72641752800807,0.0,0.0,23.405828393175653,49.7608821238027,0.0,0.0,0.0,0.0,0.0,0.0,0.0,84.22902334600151,0.0,0.0,0.0,0.0,0.0,0.0
78,19.5,R5Z8,132.60745100945,0.0,0.0,23.420394816202062,61.35416177171068,7.105427357601002e-15,0.0,0.0,12.056364017965741,0.0,0.0,0.0,156.7701222732292,0.0,0.0,0.0,0.0,0.0,0.0
78,19.5,R5Z9,117.67969038243396,0.0,0.0,33.74098552787194,141.4951543288344,0.0,0.0,0.0,0.0,0.0,0.0,0.0,81.67873877075505,0.0,0.0,0.0,0.0,0.0,0.0
78,19.5,R6Z1,122.79874374854627,0.0,135.0,0.0,0.0,32.17939408848,55.5117447031232,0.0,0.0,0.0,0.0,0.0,0.0,0.0,0.0,628.5706783663535,0.0,0.0,0.0
78,19.5,R6Z2,98.96007669761204,0.0,135.0,0.0,0.0,25.576521853101283,20.888135082956616,0.0,24.112728035931482,0.0,0.0,0.0,133.05706607914422,0.0,0.0,629.1102743384873,0.0,0.0,0.0
78,19.5,R6Z3,91.23542996998528,0.0,0.0,0.0,0.0,41.05443702055394,53.73342645355034,0.0,12.056364017965741,0.0,0.0,0.0,78.36485432644957,0.0,0.0,0.0,0.0,0.0,0.0
78,19.5,R6Z4,74.81886331981312,0.0,0.0,11.974385751694541,240.0,-1.7763568394002505e-15,0.0,0.0,12.056364017965741,0.0,0.0,0.0,74.3066654967723,0.0,0.0,0.0,0.0,0.0,0.0
78,19.5,R7Z1,72.1999325235868,0.0,135.0,0.0,0.0,12.376007402676192,144.77754873258772,0.0,12.056364017965741,0.0,0.0,0.0,0.0,0.0,0.0,627.4928744803326,0.0,0.0,0.0
78,19.5,R7Z2,76.68610409742051,0.0,135.0,0.0,0.0,19.346409788109987,39.8643597999566,0.0,0.0,0.0,0.0,0.0,158.41606485132743,0.0,0.0,0.0,0.0,0.0,0.0
78,19.5,R7Z3,57.58534806705404,0.0,0.0,0.0,178.54296152664745,16.094380042284183,3.470219503690032,0.0,24.112728035931482,0.0,0.0,0.0,135.2887776686434,0.0,0.0,0.0,0.0,0.0,0.0
78,19.5,R7Z4,97.53438049981497,0.0,0.0,23.716090112004572,47.552067703782605,0.0,0.0,0.0,12.056364017965741,0.0,0.0,0.0,66.00904478550385,0.0,0.0,0.0,0.0,0.0,0.0
78,19.5,R7Z5,130.75429446523088,0.0,0.0,11.443721939036337,97.69581120335637,-3.552713678800501e-15,0.0,0.0,24.112728035931482,0.0,0.0,0.0,0.0,0.0,0.0,0.0,0.0,0.0,0.0
78,19.5,R7Z6,71.23521845233286,0.0,0.0,0.0,0.0,25.046224318132037,130.58307508369558,0.0,24.112728035931482,0.0,0.0,0.0,0.0,0.0,0.0,0.0,0.0,0.0,0.0
78,19.5,R7Z7,108.35568142531086,0.0,0.0,16.1413806562267,105.7830646801723,7.105427357601002e-15,0.0,0.0,0.0,0.0,0.0,0.0,66.30527099814041,0.0,0.0,0.0,0.0,0.0,0.0
78,19.5,R7Z8,104.08125478531133,0.0,0.0,0.0,8.383481640667071,29.37142297742437,88.75778184170414,0.0,24.112728035931482,0.0,0.0,0.0,140.83745874911318,0.0,0.0,0.0,0.0,0.0,0.0
78,19.5,R7Z9,125.6206535234519,0.0,0.0,0.0,0.0,16.265833555466756,111.82530548984755,0.0,24.112728035931482,0.0,0.0,0.0,77.00429455685875,0.0,0.0,0.0,0.0,0.0,0.0
78,19.5,R8Z1,149.1210912032315,0.0,135.0,22.49177318974273,127.6929794434896,-3.552713678800501e-15,0.0,0.0,12.056364017965741,0.0,0.0,0.0,81.99681661170315,0.0,0.0,629.6503335263313,0.0,0.0,0.0
78,19.5,R8Z2,97.77064341088027,0.0,135.0,0.0,0.0,32.1991139531941,183.07986700677836,0.0,12.056364017965741,0.0,0.0,0.0,142.8456179649393,0.0,0.0,0.0,0.0,0.0,0.0
78,19.5,R8Z3,65.89608458134485,0.0,0.0,0.0,0.0,27.21733337937094,127.51114380049252,0.0,12.056364017965741,0.0,0.0,0.0,167.11925011514253,0.0,0.0,0.0,0.0,0.0,0.0
78,19.5,R8Z4,133.67107630555338,0.0,0.0,0.0,0.0,30.700282600720858,113.31529855737791,0.0,0.0,0.0,0.0,0.0,0.0,0.0,0.0,0.0,0.0,0.0,0.0
78,19.5,R8Z5,85.90791101882824,0.0,0.0,22.615508367163187,86.87079873238687,3.552713678800501e-15,0.0,0.0,12.056364017965741,0.0,0.0,0.0,83.16729713862598,0.0,0.0,0.0,0.0,0.0,0.0
78,19.5,R8Z6,146.4227486735407,0.0,0.0,14.54347882937688,148.4787444428616,-3.552713678800501e-15,0.0,0.0,12.056364017965741,0.0,0.0,0.0,0.0,0.0,0.0,0.0,0.0,0.0,0.0
78,19.5,R8Z7,72.84133450457166,0.0,0.0,27.46051359155904,28.422900292829492,-3.552713678800501e-15,0.0,0.0,0.0,0.0,0.0,0.0,77.05311664377976,0.0,0.0,0.0,0.0,0.0,0.0
78,19.5,R8Z8,83.69480575090773,0.0,0.0,29.606646272077,91.90910274123287,3.552713678800501e-15,0.0,0.0,12.056364017965741,0.0,0.0,0.0,81.92407947976558,0.0,0.0,0.0,0.0,0.0,0.0
78,19.5,R9Z1,116.96575048381037,0.0,135.0,2.6490392580567743,73.94908601430708,5.0957682583691986,0.0,0.0,12.056364017965741,0.0,0.0,0.0,0.0,0.0,0.0,628.5706783663535,0.0,0.0,0.0
78,19.5,R9Z2,124.51044869536386,0.0,135.0,9.603250692296399,79.52068423309771,3.552713678800501e-15,0.0,0.0,12.056364017965741,0.0,0.0,0.0,72.85057323629646,0.0,0.0,628.5706783663535,0.0,0.0,0.0
78,19.5,R9Z3,106.70253025014333,0.0,0.0,13.005724021107241,56.32748449282899,0.0,0.0,0.0,24.112728035931482,0.0,0.0,0.0,133.9130748505837,0.0,0.0,0.0,0.0,0.0,0.0
78,19.5,R9Z4,139.0342144851214,0.0,0.0,0.0,0.0,15.809023491325938,170.84577150465097,0.0,12.056364017965741,0.0,0.0,0.0,70.23841586651368,0.0,0.0,0.0,0.0,0.0,0.0
78,19.5,R9Z5,76.1654948929382,0.0,0.0,16.404681372686213,166.62142717206243,-1.4210854715202004e-14,0.0,0.0,12.056364017965741,0.0,0.0,0.0,146.28935261798665,0.0,0.0,0.0,0.0,0.0,0.0
78,19.5,R9Z6,75.44054425122222,0.0,0.0,0.0,0.0,4.8211742585199096,52.23205307864963,0.0,12.056364017965741,0.0,0.0,0.0,155.53870005840508,0.0,0.0,0.0,0.0,0.0,0.0
78,19.5,R9Z7,59.46665731486997,0.0,0.0,17.559569364230832,32.845615965618514,0.0,0.0,0.0,0.0,0.0,0.0,0.0,74.54522817871678,0.0,0.0,0.0,0.0,0.0,0.0
78,19.5,R9Z8,150.7790530210296,0.0,0.0,17.849243264635476,48.48210743246173,0.0,0.0,0.0,12.056364017965741,0.0,0.0,0.0,69.65446949660682,0.0,0.0,0.0,0.0,0.0,0.0
78,19.5,R9Z9,92.08485713026738,0.0,0.0,0.0,78.87811865995488,14.680783259968948,1.121881340045121,0.0,0.0,0.0,0.0,0.0,158.06902795450233,0.0,0.0,0.0,0.0,0.0,0.0
78,19.5,R9Z10,106.38170264113582,0.0,0.0,19.221101892962906,152.37604934974323,-3.552713678800501e-15,0.0,0.0,0.0,0.0,0.0,0.0,0.0,0.0,0.0,0.0,0.0,0.0,0.0
78,19.5,R9Z11,104.21284216387417,0.0,0.0,0.0,0.0,8.269266730191198,123.17030412065563,0.0,0.0,0.0,0.0,0.0,156.21852879283918,0.0,0.0,0.0,0.0,0.0,0.0
78,19.5,R10Z1,145.26307628444985,0.0,0.0,0.0,116.41237054041922,12.337382654280633,18.795418888190895,0.0,0.0,0.0,0.0,0.0,68.47961280628147,0.0,0.0,626.9546657728555,0.0,0.0,0.0
78,19.5,R10Z2,63.5962979811997,0.0,0.0,21.887520611122454,195.1502783576345,7.105427357601002e-15,0.0,0.0,0.0,0.0,0.0,0.0,163.08437871343415,0.0,0.0,628.5706783663535,0.0,0.0,0.0
78,19.5,R10Z3,92.40316406973838,0.0,0.0,31.63124270506694,45.05023202107266,0.0,0.0,0.0,0.0,0.0,0.0,0.0,78.39384040256623,0.0,0.0,0.0,0.0,0.0,0.0
78,19.5,R10Z4,100.53326504654885,0.0,0.0,0.0,0.0,7.433110855932247,63.1757484424789,0.0,24.112728035931482,0.0,0.0,0.0,79.48281887236304,0.0,0.0,0.0,0.0,0.0,0.0
78,19.5,R10Z5,57.90519366429005,0.0,0.0,0.0,0.0,8.76170919113435,141.11996270148532,0.0,24.112728035931482,0.0,0.0,0.0,0.0,0.0,0.0,0.0,0.0,0.0,0.0
78,19.5,R10Z6,124.19521302612222,0.0,0.0,21.08444211126853,67.1036419792291,0.0,0.0,0.0,24.112728035931482,0.0,0.0,0.0,67.43350846686731,0.0,0.0,0.0,0.0,0.0,0.0
78,19.5,R10Z7,109.48189870516526,0.0,0.0,8.617447231358739,223.82315481799944,-1.7763568394002505e-15,0.0,0.0,24.112728035931482,0.0,0.0,0.0,81.57935317504385,0.0,0.0,0.0,0.0,0.0,0.0
78,19.5,R10Z8,77.85816930299866,0.0,0.0,0.0,0.0,11.141968385824145,34.29311928283734,0.0,0.0,0.0,0.0,0.0,78.94161805947586,0.0,0.0,0.0,0.0,0.0,0.0
78,19.5,R10Z9,68.03132845635031,0.0,0.0,0.0,0.0,10.98870364942509,150.7905321511692,0.0,12.056364017965741,0.0,0.0,0.0,0.0,0.0,0.0,0.0,0.0,0.0,0.0
78,19.5,R11Z1,81.47365566260963,0.0,135.0,0.0,0.0,29.662503586267718,135.61728096504956,0.0,24.112728035931482,0.0,0.0,0.0,154.11399805675973,0.0,0.0,0.0,0.0,0.0,0.0
78,19.5,R11Z2,135.98395213329715,0.0,135.0,0.0,0.0,13.454317569154268,63.80133978211126,0.0,12.056364017965741,0.0,0.0,0.0,67.49814289972392,0.0,0.0,0.0,0.0,0.0,0.0
78,19.5,R11Z3,73.93569291082817,0.0,0.0,12.021809512146334,46.70597475511158,1.7763568394002505e-15,0.0,0.0,12.056364017965741,0.0,0.0,0.0,0.0,0.0,0.0,0.0,0.0,0.0,0.0
78,19.5,R11Z4,175.13760202878456,0.0,0.0,36.7293574280522,153.25503598950917,-7.105427357601002e-15,0.0,0.0,0.0,0.0,0.0,0.0,78.25898315457171,0.0,0.0,0.0,0.0,0.0,0.0
78,19.5,R11Z5,54.43230724869157,0.0,0.0,0.0,11.484304869346772,14.76953195780901,34.190121252742045,0.0,12.056364017965741,0.0,0.0,0.0,85.68964510422909,0.0,0.0,0.0,0.0,0.0,0.0
78,19.5,R11Z6,114.71914820001673,0.0,0.0,0.0,0.0,13.009467123011902,97.37238436845675,0.0,0.0,0.0,0.0,0.0,0.0,0.0,0.0,0.0,0.0,0.0,0.0
78,19.5,R11Z7,124.45361639714199,0.0,0.0,0.0,0.0,10.814861902884852,107.48520827296193,0.0,12.056364017965741,0.0,0.0,0.0,0.0,0.0,0.0,0.0,0.0,0.0,0.0
78,19.5,R11Z8,100.05781844731368,0.0,0.0,24.040981495045145,191.1949028439241,1.0658141036401503e-14,0.0,0.0,12.056364017965741,0.0,0.0,0.0,153.96499024643273,0.0,0.0,0.0,0.0,0.0,0.0
78,19.5,R12Z1,115.1605748413197,0.0,135.0,0.0,0.0,28.437590258488388,146.18009271735784,0.0,24.112728035931482,0.0,0.0,0.0,132.91327148539088,0.0,0.0,0.0,0.0,0.0,0.0
78,19.5,R12Z2,141.48784553270357,0.0,135.0,0.0,0.0,6.259357756424343,232.33076847841852,0.0,12.056364017965741,0.0,0.0,0.0,84.78035189802469,0.0,0.0,0.0,0.0,0.0,0.0
78,19.5,R12Z3,106.19102605079819,0.0,0.0,0.0,0.0,36.20336836160558,59.198015126589745,0.0,12.056364017965741,0.0,0.0,0.0,153.62214073852843,0.0,0.0,0.0,0.0,0.0,0.0
78,19.5,R12Z4,117.03427577428518,0.0,0.0,26.55946554794724,80.0,0.0,0.0,0.0,0.0,0.0,0.0,0.0,0.0,0.0,0.0,0.0,0.0,0.0,0.0
78,19.5,R12Z5,87.42856930658044,0.0,0.0,15.372755664294644,93.51096191638824,-1.7763568394002505e-15,0.0,0.0,0.0,0.0,0.0,0.0,145.43688186920258,0.0,0.0,0.0,0.0,0.0,0.0
78,19.5,R12Z6,82.14146635648345,0.0,0.0,0.0,0.0,33.12368449039202,166.96530426153677,0.0,0.0,0.0,0.0,0.0,0.0,0.0,0.0,0.0,0.0,0.0,0.0
78,19.5,R12Z7,47.067181039091366,0.0,0.0,0.0,0.0,22.974846981397363,96.16118464492632,0.0,24.112728035931482,0.0,0.0,0.0,0.0,0.0,0.0,0.0,0.0,0.0,0.0
78,19.5,R12Z8,119.05610911778324,0.0,0.0,0.0,0.0,23.977569123814245,160.0,0.0,0.0,0.0,0.0,0.0,70.24691134901127,0.0,0.0,0.0,0.0,0.0,0.0
78,19.5,R12Z9,64.77608645544937,0.0,0.0,14.067887665843585,140.06115830247077,-7.105427357601002e-15,0.0,0.0,24.112728035931482,0.0,0.0,0.0,159.38483620596492,0.0,0.0,0.0,0.0,0.0,0.0
79,19.75,R1Z1,51.08552164508808,0.0,0.0,23.853373209700933,121.8148483500757,3.552713678800501e-15,0.0,0.0,48.286651848507496,0.0,0.0,0.0,145.59519240872407,0.0,0.0,568.9979977498327,0.0,0.0,0.0
79,19.75,R1Z2,42.30419943821475,0.0,0.0,7.03438052309771,85.17679555036494,0.0,0.0,0.0,48.286651848507496,0.0,0.0,0.0,200.4074638946155,0.0,0.0,0.0,0.0,0.0,0.0
79,19.75,R1Z3,111.00578628277411,0.0,0.0,11.95089689090527,79.37264202418493,-5.329070518200751e-15,0.0,0.0,24.143325924253748,0.0,0.0,0.0,200.4074638946155,0.0,0.0,0.0,0.0,0.0,0.0
79,19.75,R1Z4,105.96211717045722,0.0,0.0,47.13376057237372,78.77113592682988,-7.105427357601002e-15,0.0,0.0,48.286651848507496,0.0,0.0,0.0,0.0,0.0,0.0,0.0,0.0,0.0,0.0
79,19.75,R1Z5,143.48904022672016,0.0,0.0,12.887583541483295,33.599437331782916,-1.7763568394002505e-15,0.0,0.0,48.286651848507496,0.0,0.0,0.0,0.0,0.0,0.0,0.0,0.0,0.0,0.0
79,19.75,R1Z6,157.19333879977643,0.0,0.0,29.566489602498038,68.67694109942951,3.552713678800501e-15,0.0,0.0,0.0,0.0,0.0,0.0,100.20373194730774,0.0,0.0,0.0,0.0,0.0,0.0
79,19.75,R1Z7,82.86239123692599,0.0,0.0,11.39753697746508,52.05403955667222,3.552713678800501e-15,0.0,0.0,24.143325924253748,0.0,0.0,0.0,100.20373194730774,0.0,0.0,0.0,0.0,0.0,0.0
79,19.75,R1Z8,119.80247562969136,0.0,0.0,6.784289789255155,85.33153456381524,1.7763568394002505e-15,0.0,0.0,0.0,0.0,0.0,0.0,0.0,0.0,0.0,0.0,0.0,0.0,0.0
79,19.75,R1Z9,122.9789722637033,0.0,0.0,25.13853108603817,126.19618524773588,3.552713678800501e-15,0.0,0.0,0.0,0.0,0.0,0.0,200.4074638946155,0.0,0.0,0.0,0.0,0.0,0.0
79,19.75,R1Z10,95.92075886150043,0.0,0.0,20.071638721797598,48.42648765359145,3.552713678800501e-15,0.0,0.0,0.0,0.0,0.0,0.0,200.4074638946155,0.0,0.0,0.0,0.0,0.0,0.0
79,19.75,R2Z1,149.6501686357054,0.0,135.0,0.0,144.66478074122335,40.16612928458632,15.335219258776647,0.0,0.0,0.0,0.0,0.0,71.63404703142396,0.0,0.0,630.1908563275326,0.0,0.0,0.0
79,19.75,R2Z2,137.52619248990192,0.0,135.0,0.0,0.0,16.824701630578875,79.53052059537983,0.0,0.0,0.0,0.0,0.0,77.42402342304773,0.0,0.0,626.9546657728555,0.0,0.0,0.0
79,19.75,R2Z3,113.96500843526567,0.0,0.0,38.46374730268711,41.33926206514725,0.0,0.0,0.0,24.143325924253748,0.0,0.0,0.0,67.02144136875613,0.0,0.0,0.0,0.0,0.0,0.0
79,19.75,R2Z4,102.56796439084184,0.0,0.0,11.867055719881819,160.0709248384667,0.0,0.0,0.0,48.286651848507496,0.0,0.0,0.0,0.0,0.0,0.0,0.0,0.0,0.0,0.0
79,19.75,R2Z5,82.49319343086216,0.0,0.0,0.0,0.0,12.201251394959895,91.65556935816346,0.0,24.143325924253748,0.0,0.0,0.0,0.0,0.0,0.0,0.0,0.0,0.0,0.0
79,19.75,R2Z6,56.56183038259205,0.0,0.0,0.0,0.0,26.88208842889052,105.67164759638658,0.0,48.286651848507496,0.0,0.0,0.0,161.82226041515634,0.0,0.0,0.0,0.0,0.0,0.0
79,19.75,R2Z7,88.4099803443757,0.0,0.0,11.17563178599135,58.90121212604459,-5.329070518200751e-15,0.0,0.0,48.286651848507496,0.0,0.0,0.0,82.68151340504511,0.0,0.0,0.0,0.0,0.0,0.0
79,19.75,R2Z8,98.10428310832644,0.0,0.0,23.735994966629136,33.376915487444066,-3.552713678800501e-15,0.0,0.0,0.0,0.0,0.0,0.0,85.2003384688446,0.0,0.0,0.0,0.0,0.0,0.0
79,19.75,R2Z9,64.37881844183553,0.0,0.0,0.0,0.0,8.81246879327617,163.81400438208178,0.0,24.143325924253748,0.0,0.0,0.0,77.92565475987186,0.0,0.0,0.0,0.0,0.0,0.0
79,19.75,R3Z1,111.7351836965075,0.0,0.0,0.0,0.0,37.50886372094812,64.71498134151064,0.0,0.0,0.0,0.0,0.0,0.0,0.0,0.0,0.0,0.0,0.0,0.0
79,19.75,R3Z2,88.23492427934409,0.0,0.0,27.38764607935275,158.04122932646743,-3.552713678800501e-15,0.0,0.0,48.286651848507496,0.0,0.0,0.0,155.21651232566649,0.0,0.0,0.0,0.0,0.0,0.0
79,19.75,R3Z3,120.84904456535013,0.0,0.0,7.535156966395505,59.94119492640864,-2.6645352591003757e-15,0.0,0.0,24.143325924253748,0.0,0.0,0.0,0.0,0.0,0.0,0.0,0.0,0.0,0.0
79,19.75,R4Z1,140.6741207761513,0.0,135.0,8.659755465827033,138.8356442424692,1.7763568394002505e-15,0.0,0.0,48.286651848507496,0.0,0.0,0.0,76.79115947119615,0.0,0.0,0.0,0.0,0.0,0.0
79,19.75,R4Z2,189.53968689369043,0.0,0.0,33.2892867985411,64.09897216407322,0.0,0.0,0.0,48.286651848507496,0.0,0.0,0.0,151.80513198826793,0.0,0.0,0.0,0.0,0.0,0.0
79,19.75,R4Z3,116.50008904268189,0.0,0.0,0.0,0.0,18.257531812014673,142.38532132558612,0.0,0.0,0.0,0.0,0.0,0.0,0.0,0.0,0.0,0.0,0.0,0.0
79,19.75,R4Z4,123.31608960948849,0.0,0.0,0.0,0.0,10.127082534607464,58.57015598924634,0.0,0.0,0.0,0.0,0.0,0.0,0.0,0.0,0.0,0.0,0.0,0.0
79,19.75,R4Z5,63.87423479635723,0.0,0.0,0.0,122.31128307074297,8.629335484121599,23.576197156571226,0.0,48.286651848507496,0.0,0.0,0.0,0.0,0.0,0.0,0.0,0.0,0.0,0.0
79,19.75,R4Z6,72.76906492927814,0.0,0.0,21.921635227104048,71.00518277029302,3.552713678800501e-15,0.0,0.0,48.286651848507496,0.0,0.0,0.0,144.47770241979697,0.0,0.0,0.0,0.0,0.0,0.0
79,19.75,R4Z7,105.47340446434583,0.0,0.0,18.19780160197658,146.42254343488494,-3.552713678800501e-15,0.0,0.0,48.286651848507496,0.0,0.0,0.0,0.0,0.0,0.0,0.0,0.0,0.0,0.0
79,19.75,R4Z8,103.32039216170568,0.0,0.0,0.0,0.0,11.511593833154292,53.87193448452386,0.0,48.286651848507496,0.0,0.0,0.0,0.0,0.0,0.0,0.0,0.0,0.0,0.0
79,19.75,R4Z9,110.85656165394755,0.0,0.0,0.0,0.0,16.792345983172087,133.67301404570918,0.0,0.0,0.0,0.0,0.0,83.6252251584303,0.0,0.0,0.0,0.0,0.0,0.0
79,19.75,R4Z10,69.71333998059968,0.0,0.0,0.0,0.0,3.6640995905101796,155.59175426756488,0.0,0.0,0.0,0.0,0.0,85.1910429017019,0.0,0.0,0.0,0.0,0.0,0.0
79,19.75,R4Z11,119.92442009146859,0.0,0.0,27.383491092735724,86.7219132419055,-3.552713678800501e-15,0.0,0.0,24.143325924253748,0.0,0.0,0.0,78.8134693929533,0.0,0.0,0.0,0.0,0.0,0.0
79,19.75,R5Z1,73.56765861667894,0.0,135.0,0.0,0.0,29.493005247189753,79.95501038080725,0.0,0.0,0.0,0.0,0.0,68.80716993690965,0.0,0.0,0.0,0.0,0.0,0.0
79,19.75,R5Z2,95.71049120147299,0.0,135.0,0.0,0.0,12.306266098323162,51.02638670682041,0.0,24.143325924253748,0.0,0.0,0.0,163.71453215239,0.0,0.0,0.0,0.0,0.0,0.0
79,19.75,R5Z3,129.5720960364123,0.0,0.0,0.0,11.05437330470248,31.237722188984606,64.77684400605618,0.0,24.143325924253748,0.0,0.0,0.0,138.86145931477216,0.0,0.0,0.0,0.0,0.0,0.0
79,19.75,R5Z4,93.24819225216096,0.0,0.0,0.0,0.0,28.885250766585855,50.03809411629974,0.0,48.286651848507496,0.0,0.0,0.0,0.0,0.0,0.0,0.0,0.0,0.0,0.0
79,19.75,R5Z5,89.02216473846602,0.0,0.0,14.275330324015776,54.66422201922966,1.7763568394002505e-15,0.0,0.0,24.143325924253748,0.0,0.0,0.0,76.39601357782261,0.0,0.0,0.0,0.0,0.0,0.0
79,19.75,R5Z6,136.57362147483167,0.0,0.0,10.65570582031097,104.4573660790877,-3.552713678800501e-15,0.0,0.0,48.286651848507496,0.0,0.0,0.0,155.07699248330755,0.0,0.0,0.0,0.0,0.0,0.0
79,19.75,R5Z7,94.36159654356815,0.0,0.0,19.38599806492104,37.20368016880383,0.0,0.0,0.0,0.0,0.0,0.0,0.0,84.13483614645871,0.0,0.0,0.0,0.0,0.0,0.0
79,19.75,R5Z8,114.12244896940945,0.0,0.0,22.53094356764015,122.52841644959727,-3.552713678800501e-15,0.0,0.0,24.143325924253748,0.0,0.0,0.0,156.59481763116725,0.0,0.0,0.0,0.0,0.0,0.0
79,19.75,R5Z9,127.21778630775175,0.0,0.0,0.0,0.0,33.62464531660472,143.83092134216696,0.0,0.0,0.0,0.0,0.0,81.58740336923434,0.0,0.0,0.0,0.0,0.0,0.0
79,19.75,R6Z1,120.2934273922362,0.0,135.0,17.364823646817037,39.369282070955464,0.0,0.0,0.0,0.0,0.0,0.0,0.0,0.0,0.0,0.0,628.0315452126237,0.0,0.0,0.0
79,19.75,R6Z2,117.11247550958845,0.0,135.0,0.0,0.0,27.49206089454273,29.289440899477498,0.0,48.286651848507496,0.0,0.0,0.0,132.9082780256262,0.0,0.0,628.5706783663535,0.0,0.0,0.0
79,19.75,R6Z3,67.7183741305349,0.0,0.0,0.0,0.0,30.340518067497825,75.15614172079277,0.0,24.143325924253748,0.0,0.0,0.0,78.27722460122685,0.0,0.0,0.0,0.0,0.0,0.0
79,19.75,R6Z4,94.31913589681103,0.0,0.0,0.0,0.0,8.11220677832211,233.05965582327792,0.0,24.143325924253748,0.0,0.0,0.0,74.22357374938548,0.0,0.0,0.0,0.0,0.0,0.0
79,19.75,R7Z1,77.04707253265597,0.0,135.0,0.0,0.0,22.29751400460463,163.96637947819823,0.0,24.143325924253748,0.0,0.0,0.0,0.0,0.0,0.0,626.9546657728555,0.0,0.0,0.0
79,19.75,R7Z2,101.99123655068692,0.0,135.0,0.0,0.0,18.644307631800405,73.0448335077154,0.0,0.0,0.0,0.0,0.0,158.23891967121955,0.0,0.0,0.0,0.0,0.0,0.0
79,19.75,R7Z3,60.00983844287426,0.0,0.0,11.548807261961699,81.42084476549205,0.0,0.0,0.0,48.286651848507496,0.0,0.0,0.0,135.1374940541364,0.0,0.0,0.0,0.0,0.0,0.0
79,19.75,R7Z4,108.53171301064377,0.0,0.0,0.0,0.0,36.29964836534741,212.2896369272698,0.0,24.143325924253748,0.0,0.0,0.0,65.93523166473071,0.0,0.0,0.0,0.0,0.0,0.0
79,19.75,R7Z5,141.85692903104794,0.0,0.0,5.177485651052422,233.27393597998886,5.329070518200751e-15,0.0,0.0,48.286651848507496,0.0,0.0,0.0,0.0,0.0,0.0,0.0,0.0,0.0,0.0
79,19.75,R7Z6,77.9298922803115,0.0,0.0,0.0,0.0,16.115892200400893,115.73350083542486,0.0,48.286651848507496,0.0,0.0,0.0,0.0,0.0,0.0,0.0,0.0,0.0,0.0
79,19.75,R7Z7,104.0609994554384,0.0,0.0,0.0,0.0,27.38500621442293,91.10445619096119,0.0,0.0,0.0,0.0,0.0,66.23112662910758,0.0,0.0,0.0,0.0,0.0,0.0
79,19.75,R7Z8,76.98072110265265,0.0,0.0,38.855188032206556,57.9655547814027,7.105427357601002e-15,0.0,0.0,48.286651848507496,0.0,0.0,0.0,140.67997044753557,0.0,0.0,0.0,0.0,0.0,0.0
79,19.75,R7Z9,120.43851708849941,0.0,0.0,0.0,72.3097189165666,15.106467580666926,87.6902810834334,0.0,48.286651848507496,0.0,0.0,0.0,76.91818624681358,0.0,0.0,0.0,0.0,0.0,0.0
79,19.75,R8Z1,142.52997551677313,0.0,135.0,0.0,0.0,24.819420406756546,72.59351778268636,0.0,24.143325924253748,0.0,0.0,0.0,81.9051255268338,0.0,0.0,629.1102743384873,0.0,0.0,0.0
79,19.75,R8Z2,107.24668280192803,0.0,135.0,0.0,0.0,19.23589610500966,138.20512448464774,0.0,24.143325924253748,0.0,0.0,0.0,142.6858840847563,0.0,0.0,0.0,0.0,0.0,0.0
79,19.75,R8Z3,58.4971690229863,0.0,0.0,26.90897332308009,147.5802667556237,1.0658141036401503e-14,0.0,0.0,24.143325924253748,0.0,0.0,0.0,166.93237279503663,0.0,0.0,0.0,0.0,0.0,0.0
79,19.75,R8Z4,149.31667556606152,0.0,0.0,24.396347280452744,108.87771293654015,7.105427357601002e-15,0.0,0.0,0.0,0.0,0.0,0.0,0.0,0.0,0.0,0.0,0.0,0.0,0.0
79,19.75,R8Z5,62.362969616261665,0.0,0.0,0.0,0.0,16.2692937154885,75.22022398323438,0.0,24.143325924253748,0.0,0.0,0.0,83.07429719039135,0.0,0.0,0.0,0.0,0.0,0.0
79,19.75,R8Z6,158.99021218555754,0.0,0.0,0.0,0.0,13.094659394354327,94.46864583642511,0.0,24.143325924253748,0.0,0.0,0.0,0.0,0.0,0.0,0.0,0.0,0.0,0.0
79,19.75,R8Z7,87.28377599477868,0.0,0.0,20.244993963927413,67.812794711929,0.0,0.0,0.0,0.0,0.0,0.0,0.0,76.96695373954056,0.0,0.0,0.0,0.0,0.0,0.0
79,19.75,R8Z8,88.15176196782394,0.0,0.0,0.0,33.98497961035764,30.746684130397018,84.03390711788717,0.0,24.143325924253748,0.0,0.0,0.0,81.83246973154822,0.0,0.0,0.0,0.0,0.0,0.0
79,19.75,R9Z1,124.60702735691427,0.0,135.0,8.738500992987852,73.9744189734426,3.552713678800501e-15,0.0,0.0,24.143325924253748,0.0,0.0,0.0,0.0,0.0,0.0,628.0315452126237,0.0,0.0,0.0
79,19.75,R9Z2,124.34127914991413,0.0,135.0,9.098935266237007,83.99438952800686,-5.329070518200751e-15,0.0,0.0,24.143325924253748,0.0,0.0,0.0,72.76910973113354,0.0,0.0,628.0315452126237,0.0,0.0,0.0
79,19.75,R9Z3,97.46237061259927,0.0,0.0,0.0,0.0,14.283598347570376,47.863755382129995,0.0,48.286651848507496,0.0,0.0,0.0,133.76332958462555,0.0,0.0,0.0,0.0,0.0,0.0
79,19.75,R9Z4,127.61854041447044,0.0,0.0,0.0,0.0,22.654831862567505,240.0,0.0,24.143325924253748,0.0,0.0,0.0,70.15987334722536,0.0,0.0,0.0,0.0,0.0,0.0
79,19.75,R9Z5,66.73498733694171,0.0,0.0,19.2947183916919,144.6966695539602,-1.0658141036401503e-14,0.0,0.0,24.143325924253748,0.0,0.0,0.0,146.12576785944782,0.0,0.0,0.0,0.0,0.0,0.0
79,19.75,R9Z6,69.9614557994672,0.0,0.0,0.0,0.0,8.434136146066104,67.28815521916346,0.0,24.143325924253748,0.0,0.0,0.0,155.364772426372,0.0,0.0,0.0,0.0,0.0,0.0
79,19.75,R9Z7,78.66518508246673,0.0,0.0,24.236680546914812,57.28727125532039,0.0,0.0,0.0,0.0,0.0,0.0,0.0,74.46186966400873,0.0,0.0,0.0,0.0,0.0,0.0
79,19.75,R9Z8,177.82463994580183,0.0,0.0,16.576931122410507,63.37201187370645,7.105427357601002e-15,0.0,0.0,24.143325924253748,0.0,0.0,0.0,69.57657996213395,0.0,0.0,0.0,0.0,0.0,0.0
79,19.75,R9Z9,98.66597640672568,0.0,0.0,0.0,0.0,11.831411163300041,72.95502556770343,0.0,0.0,0.0,0.0,0.0,157.8922708405521,0.0,0.0,0.0,0.0,0.0,0.0
79,19.75,R9Z10,93.14620662083229,0.0,0.0,0.0,205.53120723225044,13.118910686541593,33.5805949586736,0.0,0.0,0.0,0.0,0.0,0.0,0.0,0.0,0.0,0.0,0.0,0.0
79,19.75,R9Z11,84.13467235698724,0.0,0.0,0.0,0.0,6.514264301465075,183.43215373698303,0.0,0.0,0.0,0.0,0.0,156.04384095770604,0.0,0.0,0.0,0.0,0.0,0.0
79,19.75,R10Z1,129.75030214560834,0.0,0.0,11.328288976115147,83.84011039156186,1.7763568394002505e-15,0.0,0.0,0.0,0.0,0.0,0.0,68.40303702871958,0.0,0.0,626.4169186939077,0.0,0.0,0.0
79,19.75,R10Z2,65.34088892305594,0.0,0.0,14.109117366026368,72.45094358897236,5.329070518200751e-15,0.0,0.0,0.0,0.0,0.0,0.0,162.9020132969779,0.0,0.0,628.0315452126237,0.0,0.0,0.0
79,19.75,R10Z3,99.10895835890348,0.0,0.0,0.0,0.0,40.66540356674896,140.43575994536522,0.0,0.0,0.0,0.0,0.0,78.30617826431974,0.0,0.0,0.0,0.0,0.0,0.0
79,19.75,R10Z4,106.00452014777804,0.0,0.0,8.763542088665119,80.0,-1.7763568394002505e-15,0.0,0.0,48.286651848507496,0.0,0.0,0.0,79.39393900858255,0.0,0.0,0.0,0.0,0.0,0.0
79,19.75,R10Z5,61.8733144715926,0.0,0.0,0.0,0.0,8.111762649734334,201.53524199361556,0.0,48.286651848507496,0.0,0.0,0.0,0.0,0.0,0.0,0.0,0.0,0.0,0.0
79,19.75,R10Z6,124.85458491975135,0.0,0.0,20.557590562894156,36.5261705967199,0.0,0.0,0.0,48.286651848507496,0.0,0.0,0.0,67.35810247181321,0.0,0.0,0.0,0.0,0.0,0.0
79,19.75,R10Z7,120.25025567010557,0.0,0.0,0.0,0.0,7.745613310648454,192.01140774988693,0.0,48.286651848507496,0.0,0.0,0.0,81.48812890921677,0.0,0.0,0.0,0.0,0.0,0.0
79,19.75,R10Z8,81.79997756848763,0.0,0.0,11.280507564861715,57.48159688635301,5.329070518200751e-15,0.0,0.0,0.0,0.0,0.0,0.0,78.85334338125888,0.0,0.0,0.0,0.0,0.0,0.0
79,19.75,R10Z9,77.28198818809739,0.0,0.0,0.0,20.91566925242323,6.437334775258334,117.2615438505109,0.0,24.143325924253748,0.0,0.0,0.0,0.0,0.0,0.0,0.0,0.0,0.0,0.0
79,19.75,R11Z1,96.70095224994188,0.0,135.0,0.0,0.0,30.939433326551605,165.73909276355553,0.0,48.286651848507496,0.0,0.0,0.0,153.94166356550386,0.0,0.0,0.0,0.0,0.0,0.0
79,19.75,R11Z2,110.13124171745655,0.0,135.0,12.71748503735487,56.82654620574005,1.7763568394002505e-15,0.0,0.0,24.143325924253748,0.0,0.0,0.0,67.42266462867774,0.0,0.0,0.0,0.0,0.0,0.0
79,19.75,R11Z3,91.80144409917555,0.0,0.0,13.473837006562903,66.7610490012976,-3.552713678800501e-15,0.0,0.0,24.143325924253748,0.0,0.0,0.0,0.0,0.0,0.0,0.0,0.0,0.0,0.0
79,19.75,R11Z4,171.5496376940794,0.0,0.0,0.0,53.30567328931021,31.85974642505289,142.5898160991091,0.0,0.0,0.0,0.0,0.0,78.17147181739143,0.0,0.0,0.0,0.0,0.0,0.0
79,19.75,R11Z5,50.67988562572186,0.0,0.0,9.657942683596168,45.18098887836996,-1.7763568394002505e-15,0.0,0.0,24.143325924253748,0.0,0.0,0.0,85.593824597454,0.0,0.0,0.0,0.0,0.0,0.0
79,19.75,R11Z6,110.78843935529203,0.0,0.0,0.0,0.0,14.210759237197681,143.38427521965818,0.0,0.0,0.0,0.0,0.0,0.0,0.0,0.0,0.0,0.0,0.0,0.0
79,19.75,R11Z7,96.59074312397811,0.0,0.0,9.162845027106584,119.33624952779965,0.0,0.0,0.0,24.143325924253748,0.0,0.0,0.0,0.0,0.0,0.0,0.0,0.0,0.0,0.0
79,19.75,R11Z8,97.82356043438762,0.0,0.0,0.0,0.0,23.74999436738357,179.08778500832295,0.0,24.143325924253748,0.0,0.0,0.0,153.79282237978924,0.0,0.0,0.0,0.0,0.0,0.0
79,19.75,R12Z1,112.31088307288117,0.0,135.0,0.0,0.0,34.16719219293422,141.06439463120154,0.0,48.286651848507496,0.0,0.0,0.0,132.76464422692374,0.0,0.0,0.0,0.0,0.0,0.0
79,19.75,R12Z2,120.85654942444299,0.0,135.0,0.0,53.502805954991246,13.13667241602731,57.329769332156886,0.0,24.143325924253748,0.0,0.0,0.0,84.68554818780326,0.0,0.0,0.0,0.0,0.0,0.0
79,19.75,R12Z3,113.20281894100374,0.0,0.0,0.0,0.0,43.28064471160665,68.76509105317383,0.0,24.143325924253748,0.0,0.0,0.0,153.45035625558964,0.0,0.0,0.0,0.0,0.0,0.0
79,19.75,R12Z4,100.22685773210281,0.0,0.0,0.0,0.0,44.25465393719825,52.09925833529049,0.0,0.0,0.0,0.0,0.0,0.0,0.0,0.0,0.0,0.0,0.0,0.0
79,19.75,R12Z5,82.60011696603802,0.0,0.0,14.09618030639814,133.22959170364655,-1.7763568394002505e-15,0.0,0.0,0.0,0.0,0.0,0.0,145.27425036679008,0.0,0.0,0.0,0.0,0.0,0.0
79,19.75,R12Z6,81.87637333648522,0.0,0.0,0.0,0.0,14.841670417045103,184.5893262198936,0.0,0.0,0.0,0.0,0.0,0.0,0.0,0.0,0.0,0.0,0.0,0.0
79,19.75,R12Z7,61.03726418093088,0.0,0.0,0.0,12.750612332423387,41.95900755453714,133.90646486263074,0.0,48.286651848507496,0.0,0.0,0.0,0.0,0.0,0.0,0.0,0.0,0.0,0.0
79,19.75,R12Z8,106.84843229713097,0.0,0.0,0.0,110.24539827955499,21.294591878463663,36.476150234432424,0.0,0.0,0.0,0.0,0.0,70.16835932984186,0.0,0.0,0.0,0.0,0.0,0.0
79,19.75,R12Z9,87.44363400833338,0.0,0.0,14.118605231917059,240.0,1.7763568394002505e-15,0.0,0.0,48.286651848507496,0.0,0.0,0.0,159.2066077192097,0.0,0.0,0.0,0.0,0.0,0.0
80,20.0,R1Z1,75.46107657107017,0.0,0.0,21.50606059802368,240.0,-2.1316282072803006e-14,0.0,0.0,60.143024615590996,0.0,0.0,0.0,145.43238387913277,0.0,0.0,568.5099608503227,0.0,0.0,0.0
80,20.0,R1Z2,52.91864006164191,0.0,0.0,7.484356268831306,152.6372398179346,-8.881784197001252e-16,0.0,0.0,60.143024615590996,0.0,0.0,0.0,200.18336278264877,0.0,0.0,0.0,0.0,0.0,0.0
80,20.0,R1Z3,96.84121837935098,0.0,0.0,36.952882682519956,55.6155918673045,0.0,0.0,0.0,30.071512307795498,0.0,0.0,0.0,200.18336278264877,0.0,0.0,0.0,0.0,0.0,0.0
80,20.0,R1Z4,112.19557867498382,0.0,0.0,42.07298448836478,77.21249933215272,0.0,0.0,0.0,60.143024615590996,0.0,0.0,0.0,0.0,0.0,0.0,0.0,0.0,0.0,0.0
80,20.0,R1Z5,174.64952460090018,0.0,0.0,26.666174779617577,50.60785765586432,7.105427357601002e-15,0.0,0.0,60.143024615590996,0.0,0.0,0.0,0.0,0.0,0.0,0.0,0.0,0.0,0.0
80,20.0,R1Z6,140.44475624053985,0.0,0.0,32.93278119181191,60.41846228594095,-7.105427357601002e-15,0.0,0.0,0.0,0.0,0.0,0.0,100.09168139132439,0.0,0.0,0.0,0.0,0.0,0.0
80,20.0,R1Z7,98.50407048021916,0.0,0.0,6.055383251228939,34.35404169445766,0.0,0.0,0.0,30.071512307795498,0.0,0.0,0.0,100.09168139132439,0.0,0.0,0.0,0.0,0.0,0.0
80,20.0,R1Z8,128.22628811031717,0.0,0.0,8.358782881597762,209.37962245787816,0.0,0.0,0.0,0.0,0.0,0.0,0.0,0.0,0.0,0.0,0.0,0.0,0.0,0.0
80,20.0,R1Z9,125.40407836513651,0.0,0.0,19.585886149443994,97.62376837996598,0.0,0.0,0.0,0.0,0.0,0.0,0.0,200.18336278264877,0.0,0.0,0.0,0.0,0.0,0.0
80,20.0,R1Z10,103.77160999340242,0.0,0.0,17.333498544991883,54.69767573017437,-7.105427357601002e-15,0.0,0.0,0.0,0.0,0.0,0.0,200.18336278264877,0.0,0.0,0.0,0.0,0.0,0.0
80,20.0,R2Z1,132.2334957422395,0.0,135.0,0.0,0.0,27.263945377900782,137.18362127567923,0.0,0.0,0.0,0.0,0.0,71.55394387916384,0.0,0.0,629.6503335263313,0.0,0.0,0.0
80,20.0,R2Z2,125.33189745597576,0.0,135.0,25.446050260590063,53.90131194016825,7.105427357601002e-15,0.0,0.0,0.0,0.0,0.0,0.0,77.33744576069496,0.0,0.0,626.4169186939077,0.0,0.0,0.0
80,20.0,R2Z3,122.33062545263955,0.0,0.0,0.0,0.0,19.297600869684363,59.5922899226645,0.0,30.071512307795498,0.0,0.0,0.0,66.94649615841082,0.0,0.0,0.0,0.0,0.0,0.0
80,20.0,R2Z4,98.12954417947486,0.0,0.0,0.0,65.44631756453455,4.657114370633707,174.55368243546545,0.0,60.143024615590996,0.0,0.0,0.0,0.0,0.0,0.0,0.0,0.0,0.0,0.0
80,20.0,R2Z5,92.72379763668945,0.0,0.0,9.543325464924166,125.28724101347002,5.329070518200751e-15,0.0,0.0,30.071512307795498,0.0,0.0,0.0,0.0,0.0,0.0,0.0,0.0,0.0,0.0
80,20.0,R2Z6,67.9903807248778,0.0,0.0,0.0,0.0,16.176018054217472,79.57734088546063,0.0,60.143024615590996,0.0,0.0,0.0,161.64130633392972,0.0,0.0,0.0,0.0,0.0,0.0
80,20.0,R2Z7,92.58213321075348,0.0,0.0,0.0,0.0,8.505879600676108,54.46506537795419,0.0,60.143024615590996,0.0,0.0,0.0,82.58905667347894,0.0,0.0,0.0,0.0,0.0,0.0
80,20.0,R2Z8,107.09840809852365,0.0,0.0,21.10154589268359,51.412703928400404,0.0,0.0,0.0,0.0,0.0,0.0,0.0,85.10506511814323,0.0,0.0,0.0,0.0,0.0,0.0
80,20.0,R2Z9,50.134855116604996,0.0,0.0,0.0,0.0,9.366171229811881,229.7153623063358,0.0,30.071512307795498,0.0,0.0,0.0,77.8385161596269,0.0,0.0,0.0,0.0,0.0,0.0
80,20.0,R3Z1,114.67557118051515,0.0,0.0,34.33669076632913,38.25553520491478,0.0,0.0,0.0,0.0,0.0,0.0,0.0,0.0,0.0,0.0,0.0,0.0,0.0,0.0
80,20.0,R3Z2,101.23386128586597,0.0,0.0,46.92639849663142,114.77883707466195,1.4210854715202004e-14,0.0,0.0,60.143024615590996,0.0,0.0,0.0,155.04294497277553,0.0,0.0,0.0,0.0,0.0,0.0
80,20.0,R3Z3,127.57218625117956,0.0,0.0,11.461742459637577,50.62298621975159,1.7763568394002505e-15,0.0,0.0,30.071512307795498,0.0,0.0,0.0,0.0,0.0,0.0,0.0,0.0,0.0,0.0
80,20.0,R4Z1,150.32429646312235,0.0,135.0,6.523622295163364,119.67416096197945,-2.6645352591003757e-15,0.0,0.0,60.143024615590996,0.0,0.0,0.0,76.70528949463802,0.0,0.0,0.0,0.0,0.0,0.0
80,20.0,R4Z2,130.14993808514674,0.0,0.0,0.0,0.0,22.09173065147864,39.50274732062521,0.0,60.143024615590996,0.0,0.0,0.0,151.63537933425144,0.0,0.0,0.0,0.0,0.0,0.0
80,20.0,R4Z3,136.461981827145,0.0,0.0,0.0,0.0,14.135345737833775,180.90491713986984,0.0,0.0,0.0,0.0,0.0,0.0,0.0,0.0,0.0,0.0,0.0,0.0
80,20.0,R4Z4,129.11911110367691,0.0,0.0,0.0,0.0,8.222845558683163,49.90496726230564,0.0,0.0,0.0,0.0,0.0,0.0,0.0,0.0,0.0,0.0,0.0,0.0
80,20.0,R4Z5,75.12405171005798,0.0,0.0,0.0,124.04209855765147,7.853327689400702,86.16206794115637,0.0,60.143024615590996,0.0,0.0,0.0,0.0,0.0,0.0,0.0,0.0,0.0,0.0
80,20.0,R4Z6,78.33771006121552,0.0,0.0,0.0,0.0,11.059030712546006,34.12546525745201,0.0,60.143024615590996,0.0,0.0,0.0,144.31614349810081,0.0,0.0,0.0,0.0,0.0,0.0
80,20.0,R4Z7,127.16868017952953,0.0,0.0,0.0,0.0,18.44099132482788,154.36572528485507,0.0,60.143024615590996,0.0,0.0,0.0,0.0,0.0,0.0,0.0,0.0,0.0,0.0
80,20.0,R4Z8,110.73453648369278,0.0,0.0,0.0,0.0,9.83593127177291,63.37820101687222,0.0,60.143024615590996,0.0,0.0,0.0,0.0,0.0,0.0,0.0,0.0,0.0,0.0
80,20.0,R4Z9,119.19430297442167,0.0,0.0,14.290217208696333,198.24280929024192,1.2434497875801753e-14,0.0,0.0,0.0,0.0,0.0,0.0,83.53171314254887,0.0,0.0,0.0,0.0,0.0,0.0
80,20.0,R4Z10,76.0295221492582,0.0,0.0,7.37321044534076,126.140451239828,1.0658141036401503e-14,0.0,0.0,0.0,0.0,0.0,0.0,85.09577994555814,0.0,0.0,0.0,0.0,0.0,0.0
80,20.0,R4Z11,123.88357941905136,0.0,0.0,16.748382730795498,70.22102008037602,-3.552713678800501e-15,0.0,0.0,30.071512307795498,0.0,0.0,0.0,78.72533801408308,0.0,0.0,0.0,0.0,0.0,0.0
80,20.0,R5Z1,58.716482494357436,0.0,135.0,0.0,0.0,34.81342297988049,27.244855871219787,0.0,0.0,0.0,0.0,0.0,68.73022787599791,0.0,0.0,0.0,0.0,0.0,0.0
80,20.0,R5Z2,103.12384879672078,0.0,135.0,0.0,0.0,9.072532158099207,63.99862334242388,0.0,30.071512307795498,0.0,0.0,0.0,163.53146208110888,0.0,0.0,0.0,0.0,0.0,0.0
80,20.0,R5Z3,133.41156823470445,0.0,0.0,35.67289491568488,148.94650372260622,-7.105427357601002e-15,0.0,0.0,30.071512307795498,0.0,0.0,0.0,138.7061806298519,0.0,0.0,0.0,0.0,0.0,0.0
80,20.0,R5Z4,90.66650158148417,0.0,0.0,30.239825917954988,36.76160149943075,3.552713678800501e-15,0.0,0.0,60.143024615590996,0.0,0.0,0.0,0.0,0.0,0.0,0.0,0.0,0.0,0.0
80,20.0,R5Z5,103.8247882592583,0.0,0.0,12.477048344828148,106.56406196894538,1.7763568394002505e-15,0.0,0.0,30.071512307795498,0.0,0.0,0.0,76.31058546421893,0.0,0.0,0.0,0.0,0.0,0.0
80,20.0,R5Z6,198.26992860999655,0.0,0.0,12.789289395905712,123.4964723513306,3.552713678800501e-15,0.0,0.0,60.143024615590996,0.0,0.0,0.0,154.90358114532347,0.0,0.0,0.0,0.0,0.0,0.0
80,20.0,R5Z7,89.12229837359007,0.0,0.0,18.402758117460507,56.93454561812521,3.552713678800501e-15,0.0,0.0,0.0,0.0,0.0,0.0,84.04075426962066,0.0,0.0,0.0,0.0,0.0,0.0
80,20.0,R5Z8,122.80779479656569,0.0,0.0,0.0,0.0,18.297556871962882,112.38840907444968,0.0,30.071512307795498,0.0,0.0,0.0,156.41970901955474,0.0,0.0,0.0,0.0,0.0,0.0
80,20.0,R5Z9,117.56712101595937,0.0,0.0,0.0,7.57095133538796,25.82529748055465,142.94814072062763,0.0,0.0,0.0,0.0,0.0,81.49617010145977,0.0,0.0,0.0,0.0,0.0,0.0
80,20.0,R6Z1,122.30593365363409,0.0,135.0,0.0,0.0,29.303783552829064,33.48678298721863,0.0,0.0,0.0,0.0,0.0,0.0,0.0,0.0,627.4928744803326,0.0,0.0,0.0
80,20.0,R6Z2,123.15327905205633,0.0,135.0,30.54432588948172,39.693225490219554,0.0,0.0,0.0,60.143024615590996,0.0,0.0,0.0,132.75965635098245,0.0,0.0,628.0315452126237,0.0,0.0,0.0
80,20.0,R6Z3,84.16425834283656,0.0,0.0,26.03206973960927,67.9348370634485,11.21676751638747,0.0,0.0,30.071512307795498,0.0,0.0,0.0,78.18969286596162,0.0,0.0,0.0,0.0,0.0,0.0
80,20.0,R6Z4,80.86921937431464,0.0,0.0,0.0,0.0,13.520952870403034,157.48688889277125,0.0,30.071512307795498,0.0,0.0,0.0,74.14057491746509,0.0,0.0,0.0,0.0,0.0,0.0
80,20.0,R7Z1,58.22769217853574,0.0,135.0,0.0,0.0,23.982481590123527,226.90651580655233,0.0,30.071512307795498,0.0,0.0,0.0,0.0,0.0,0.0,626.4169186939077,0.0,0.0,0.0
80,20.0,R7Z2,56.785644162687184,0.0,135.0,0.0,0.0,21.32935832663376,25.73624628438747,0.0,0.0,0.0,0.0,0.0,158.06197257970115,0.0,0.0,0.0,0.0,0.0,0.0
80,20.0,R7Z3,55.55637558340808,0.0,0.0,0.0,0.0,9.373907735271706,232.72096342819765,0.0,60.143024615590996,0.0,0.0,0.0,134.9863796091083,0.0,0.0,0.0,0.0,0.0,0.0
80,20.0,R7Z4,87.90048651714694,0.0,0.0,0.0,0.0,28.130891109834096,47.57753322579299,0.0,30.071512307795498,0.0,0.0,0.0,65.86150108380973,0.0,0.0,0.0,0.0,0.0,0.0
80,20.0,R7Z5,138.80239214334594,0.0,0.0,0.0,0.0,10.543305086930351,59.78184008106036,0.0,60.143024615590996,0.0,0.0,0.0,0.0,0.0,0.0,0.0,0.0,0.0,0.0
80,20.0,R7Z6,72.65986492884062,0.0,0.0,0.0,0.0,23.17969296517502,83.47975993303592,0.0,60.143024615590996,0.0,0.0,0.0,0.0,0.0,0.0,0.0,0.0,0.0,0.0
80,20.0,R7Z7,103.09090920515312,0.0,0.0,16.35858929083787,137.059570601372,-1.0658141036401503e-14,0.0,0.0,0.0,0.0,0.0,0.0,66.15706517033777,0.0,0.0,0.0,0.0,0.0,0.0
80,20.0,R7Z8,93.29469152445276,0.0,0.0,0.0,0.0,19.662938019131836,160.0,0.0,60.143024615590996,0.0,0.0,0.0,140.52265825368775,0.0,0.0,0.0,0.0,0.0,0.0
80,20.0,R7Z9,118.24603763154401,0.0,0.0,14.145436893891727,108.60055540420416,5.329070518200751e-15,0.0,0.0,60.143024615590996,0.0,0.0,0.0,76.83217422543777,0.0,0.0,0.0,0.0,0.0,0.0
80,20.0,R8Z1,170.973443498215,0.0,135.0,0.0,0.0,25.702244878616117,103.6511991660383,0.0,30.071512307795498,0.0,0.0,0.0,81.81353697344544,0.0,0.0,628.5706783663535,0.0,0.0,0.0
80,20.0,R8Z2,102.65437815772701,0.0,135.0,0.0,0.0,16.74872797271871,168.62188901743912,0.0,30.071512307795498,0.0,0.0,0.0,142.52632882337062,0.0,0.0,0.0,0.0,0.0,0.0
80,20.0,R8Z3,82.38865982752036,0.0,0.0,0.0,0.0,21.074775289746157,87.43193051984157,0.0,30.071512307795498,0.0,0.0,0.0,166.74570444626553,0.0,0.0,0.0,0.0,0.0,0.0
80,20.0,R8Z4,139.75405418667705,0.0,0.0,1.7040890137106999,85.71744693766607,12.402720898471904,0.0,0.0,0.0,0.0,0.0,0.0,0.0,0.0,0.0,0.0,0.0,0.0,0.0
80,20.0,R8Z5,88.16382566453444,0.0,0.0,6.107596911063254,120.89059660776348,-1.7763568394002505e-15,0.0,0.0,30.071512307795498,0.0,0.0,0.0,82.98140123724457,0.0,0.0,0.0,0.0,0.0,0.0
80,20.0,R8Z6,132.6729185781281,0.0,0.0,0.0,0.0,7.642561153962041,91.49147647330467,0.0,30.071512307795498,0.0,0.0,0.0,0.0,0.0,0.0,0.0,0.0,0.0,0.0
80,20.0,R8Z7,87.81089644485797,0.0,0.0,18.678574789345838,63.339456664044214,-3.552713678800501e-15,0.0,0.0,0.0,0.0,0.0,0.0,76.88088718501946,0.0,0.0,0.0,0.0,0.0,0.0
80,20.0,R8Z8,104.29204450757284,0.0,0.0,0.0,0.0,17.636693660242976,204.54690329632317,0.0,30.071512307795498,0.0,0.0,0.0,81.74096242385899,0.0,0.0,0.0,0.0,0.0,0.0
80,20.0,R9Z1,142.95544628469074,0.0,135.0,0.0,0.0,7.1149315655628325,50.62292150833908,0.0,30.071512307795498,0.0,0.0,0.0,0.0,0.0,0.0,627.4928744803326,0.0,0.0,0.0
80,20.0,R9Z2,118.83147088905912,0.0,135.0,9.795417530844986,118.29598323054944,1.4210854715202004e-14,0.0,0.0,30.071512307795498,0.0,0.0,0.0,72.68773732069204,0.0,0.0,627.4928744803326,0.0,0.0,0.0
80,20.0,R9Z3,124.08627331105527,0.0,0.0,18.42206560037225,59.87701410066718,3.552713678800501e-15,0.0,0.0,60.143024615590996,0.0,0.0,0.0,133.61375176792285,0.0,0.0,0.0,0.0,0.0,0.0
80,20.0,R9Z4,121.89251636521911,0.0,0.0,0.0,63.89442624400513,22.838821550943432,169.94733946994688,0.0,30.071512307795498,0.0,0.0,0.0,70.08141865633208,0.0,0.0,0.0,0.0,0.0,0.0
80,20.0,R9Z5,69.39711378309464,0.0,0.0,14.62050682769555,121.63426317659102,1.7763568394002505e-15,0.0,0.0,30.071512307795498,0.0,0.0,0.0,145.96236602586384,0.0,0.0,0.0,0.0,0.0,0.0
80,20.0,R9Z6,88.33672479258442,0.0,0.0,0.0,0.0,9.401571384648426,51.281461525863996,0.0,30.071512307795498,0.0,0.0,0.0,155.19103928497807,0.0,0.0,0.0,0.0,0.0,0.0
80,20.0,R9Z7,73.66358198057418,0.0,0.0,0.0,0.0,22.711236553059766,65.83421620134929,0.0,0.0,0.0,0.0,0.0,74.37860436307365,0.0,0.0,0.0,0.0,0.0,0.0
80,20.0,R9Z8,153.0413906599986,0.0,0.0,2.0510880520376347,43.97467814441257,10.928130201275868,0.0,0.0,30.071512307795498,0.0,0.0,0.0,69.49877752587064,0.0,0.0,0.0,0.0,0.0,0.0
80,20.0,R9Z9,87.10920492355491,0.0,0.0,15.915027996215137,47.30367619023091,0.0,0.0,0.0,0.0,0.0,0.0,0.0,157.71571138124514,0.0,0.0,0.0,0.0,0.0,0.0
80,20.0,R9Z10,97.12988226893928,0.0,0.0,12.591231051773718,200.9392305568437,-1.0658141036401503e-14,0.0,0.0,0.0,0.0,0.0,0.0,0.0,0.0,0.0,0.0,0.0,0.0,0.0
80,20.0,R9Z11,101.99576103596847,0.0,0.0,0.0,0.0,8.633701569619706,173.85891839752304,0.0,0.0,0.0,0.0,0.0,155.86934846329194,0.0,0.0,0.0,0.0,0.0,0.0
80,20.0,R10Z1,129.24508383530699,0.0,0.0,0.0,0.0,11.909217372350401,119.9472044852095,0.0,0.0,0.0,0.0,0.0,68.32654688028829,0.0,0.0,625.8796328475446,0.0,0.0,0.0
80,20.0,R10Z2,57.833217408545195,0.0,0.0,0.0,0.0,17.23422788977688,212.7551433467804,0.0,0.0,0.0,0.0,0.0,162.7198518065223,0.0,0.0,627.4928744803326,0.0,0.0,0.0
80,20.0,R10Z3,93.17870083297453,0.0,0.0,0.0,0.0,35.314326055287815,87.53992822360827,0.0,0.0,0.0,0.0,0.0,78.21861415227588,0.0,0.0,0.0,0.0,0.0,0.0
80,20.0,R10Z4,108.71882397553134,0.0,0.0,0.0,0.0,7.658267695046536,73.12151724829943,0.0,60.143024615590996,0.0,0.0,0.0,79.3051585326987,0.0,0.0,0.0,0.0,0.0,0.0
80,20.0,R10Z5,59.19433759156369,0.0,0.0,9.590722489568265,139.79697822299897,-8.881784197001252e-15,0.0,0.0,60.143024615590996,0.0,0.0,0.0,0.0,0.0,0.0,0.0,0.0,0.0,0.0
80,20.0,R10Z6,90.6804398598497,0.0,0.0,24.061682026637037,58.60430682772023,3.552713678800501e-15,0.0,0.0,60.143024615590996,0.0,0.0,0.0,67.28278079780691,0.0,0.0,0.0,0.0,0.0,0.0
80,20.0,R10Z7,108.495337160189,0.0,0.0,0.0,0.0,11.004993554467665,235.43721249340857,0.0,60.143024615590996,0.0,0.0,0.0,81.39700665286087,0.0,0.0,0.0,0.0,0.0,0.0
80,20.0,R10Z8,78.33715308752741,0.0,0.0,11.932632380798488,55.8930739274384,-5.329070518200751e-15,0.0,0.0,0.0,0.0,0.0,0.0,78.76516741420345,0.0,0.0,0.0,0.0,0.0,0.0
80,20.0,R10Z9,93.81761015605561,0.0,0.0,0.0,0.0,6.765394318599115,160.0,0.0,30.071512307795498,0.0,0.0,0.0,0.0,0.0,0.0,0.0,0.0,0.0,0.0
80,20.0,R11Z1,102.29720613224279,0.0,135.0,0.0,14.202066667142333,26.27827370541,208.1323419002125,0.0,60.143024615590996,0.0,0.0,0.0,153.76952178339351,0.0,0.0,0.0,0.0,0.0,0.0
80,20.0,R11Z2,105.9393313893905,0.0,135.0,14.899699847634444,50.605494182642865,-5.329070518200751e-15,0.0,0.0,30.071512307795498,0.0,0.0,0.0,67.34727075950033,0.0,0.0,0.0,0.0,0.0,0.0
80,20.0,R11Z3,91.41540446081956,0.0,0.0,0.0,0.0,12.509779960831096,60.14132472166659,0.0,30.071512307795498,0.0,0.0,0.0,0.0,0.0,0.0,0.0,0.0,0.0,0.0
80,20.0,R11Z4,162.1186803623659,0.0,0.0,4.616858224381303,218.84571429100865,23.51000697791875,0.0,0.0,0.0,0.0,0.0,0.0,78.08405833778389,0.0,0.0,0.0,0.0,0.0,0.0
80,20.0,R11Z5,52.244908236493046,0.0,0.0,0.0,0.0,11.436483942026836,73.74059964257077,0.0,30.071512307795498,0.0,0.0,0.0,85.49811123979254,0.0,0.0,0.0,0.0,0.0,0.0
80,20.0,R11Z6,106.3662894931617,0.0,0.0,0.0,0.0,15.068844764412944,133.26154914401596,0.0,0.0,0.0,0.0,0.0,0.0,0.0,0.0,0.0,0.0,0.0,0.0
80,20.0,R11Z7,105.0885342660033,0.0,0.0,0.0,57.72816100519785,12.924636867747687,45.40568145935423,0.0,30.071512307795498,0.0,0.0,0.0,0.0,0.0,0.0,0.0,0.0,0.0,0.0
80,20.0,R11Z8,102.60155498744152,0.0,0.0,0.0,0.0,23.295508842109825,196.6320873535417,0.0,30.071512307795498,0.0,0.0,0.0,153.62084703596705,0.0,0.0,0.0,0.0,0.0,0.0
80,20.0,R12Z1,117.88411936778229,0.0,135.0,0.0,0.0,29.826367772083717,200.02298925321332,0.0,60.143024615590996,0.0,0.0,0.0,132.61618316752543,0.0,0.0,0.0,0.0,0.0,0.0
80,20.0,R12Z2,117.68826245739993,0.0,135.0,0.0,0.0,10.814573737849797,178.33033556082154,0.0,30.071512307795498,0.0,0.0,0.0,84.5908504896857,0.0,0.0,0.0,0.0,0.0,0.0
80,20.0,R12Z3,90.83124830313987,0.0,0.0,0.0,0.0,35.39628437503369,78.9364975782056,0.0,30.071512307795498,0.0,0.0,0.0,153.278763866762,0.0,0.0,0.0,0.0,0.0,0.0
80,20.0,R12Z4,120.88080795842063,0.0,0.0,0.0,0.0,36.80898080371646,68.14030245159265,0.0,0.0,0.0,0.0,0.0,0.0,0.0,0.0,0.0,0.0,0.0,0.0
80,20.0,R12Z5,75.52533805564312,0.0,0.0,11.371933615729262,129.45470872869703,-7.105427357601002e-15,0.0,0.0,0.0,0.0,0.0,0.0,145.11180072337535,0.0,0.0,0.0,0.0,0.0,0.0
80,20.0,R12Z6,89.6574445394726,0.0,0.0,18.80133067234118,240.0,1.4210854715202004e-14,0.0,0.0,0.0,0.0,0.0,0.0,0.0,0.0,0.0,0.0,0.0,0.0,0.0
80,20.0,R12Z7,56.666006332974774,0.0,0.0,0.0,138.48488092543096,15.445321312165042,13.815268693494914,0.0,60.143024615590996,0.0,0.0,0.0,0.0,0.0,0.0,0.0,0.0,0.0,0.0
80,20.0,R12Z8,123.75554730858133,0.0,0.0,0.0,0.0,18.732824236105753,87.29574788952311,0.0,0.0,0.0,0.0,0.0,70.08989514969053,0.0,0.0,0.0,0.0,0.0,0.0
80,20.0,R12Z9,94.4359778821934,0.0,0.0,0.0,0.0,12.714737638577379,240.0,0.0,60.143024615590996,0.0,0.0,0.0,159.02857853242708,0.0,0.0,0.0,0.0,0.0,0.0
81,20.25,R1Z1,59.42217840971722,0.0,0.0,23.847674917781887,140.87433188317826,-3.552713678800501e-15,0.0,0.0,40.05249901753717,0.0,0.0,0.0,145.2697574064959,0.0,0.0,568.0223425463372,0.0,0.0,0.0
81,20.25,R1Z2,50.37303599320148,0.0,0.0,6.057743524196653,103.26664804687445,4.440892098500626e-15,0.0,0.0,40.05249901753717,0.0,0.0,0.0,199.95951226667987,0.0,0.0,0.0,0.0,0.0,0.0
81,20.25,R1Z3,116.49805879839647,0.0,0.0,26.68620075669591,93.35517817326468,0.0,0.0,0.0,20.026249508768586,0.0,0.0,0.0,199.95951226667987,0.0,0.0,0.0,0.0,0.0,0.0
81,20.25,R1Z4,110.42282641994814,0.0,0.0,19.812168309692424,89.8742618450593,-3.552713678800501e-15,0.0,0.0,40.05249901753717,0.0,0.0,0.0,0.0,0.0,0.0,0.0,0.0,0.0,0.0
81,20.25,R1Z5,112.17811117578607,0.0,0.0,15.906209389948408,36.40107392914981,-1.7763568394002505e-15,0.0,0.0,40.05249901753717,0.0,0.0,0.0,0.0,0.0,0.0,0.0,0.0,0.0,0.0
81,20.25,R1Z6,136.4414350841663,0.0,0.0,26.99817204047511,64.83555323243641,0.0,0.0,0.0,0.0,0.0,0.0,1.0508880997637675,99.70712997376828,0.0,0.0,0.0,0.0,0.0,0.0
81,20.25,R1Z7,108.2895039462039,0.0,0.0,6.169435210025206,36.723512174638614,-1.7763568394002505e-15,0.0,0.0,20.026249508768586,0.0,0.0,39.674577237130265,89.68719727077467,0.0,0.0,0.0,0.0,0.0,0.0
81,20.25,R1Z8,122.68103730137327,0.0,0.0,9.108165782450286,118.21803064066117,-3.552713678800501e-15,0.0,0.0,0.0,0.0,0.0,0.0,0.0,0.0,0.0,0.0,0.0,0.0,0.0
81,20.25,R1Z9,105.50039958446955,0.0,0.0,10.745577408740132,68.81905768439705,-5.329070518200751e-15,0.0,0.0,0.0,0.0,0.0,79.34915447426053,179.37439454154935,0.0,0.0,0.0,0.0,0.0,0.0
81,20.25,R1Z10,87.39059753423705,0.0,0.0,13.234015183718682,35.0712073887355,-1.7763568394002505e-15,0.0,0.0,0.0,0.0,0.0,0.0,199.95951226667987,0.0,0.0,0.0,0.0,0.0,0.0
81,20.25,R2Z1,135.8321026509018,0.0,135.0,21.870316539019456,89.93299748287379,0.0,0.0,0.0,0.0,0.0,0.0,0.0,71.47393030044127,0.0,0.0,629.1102743384873,0.0,0.0,0.0
81,20.25,R2Z2,120.05400476896641,0.0,135.0,24.01408645376381,36.50332979112197,0.0,0.0,0.0,0.0,0.0,0.0,0.0,77.25096491185418,0.0,0.0,625.8796328475446,0.0,0.0,0.0
81,20.25,R2Z3,125.93966430378781,0.0,0.0,44.34630416194156,51.41293668837287,7.105427357601002e-15,0.0,0.0,20.026249508768586,0.0,0.0,0.0,66.87163475385125,0.0,0.0,0.0,0.0,0.0,0.0
81,20.25,R2Z4,87.5888363741825,0.0,0.0,9.523483047249243,209.2584417209638,-8.881784197001252e-15,0.0,0.0,40.05249901753717,0.0,0.0,0.0,0.0,0.0,0.0,0.0,0.0,0.0,0.0
81,20.25,R2Z5,70.010680877319,0.0,0.0,0.0,0.0,11.924198772290056,125.54446127998528,0.0,20.026249508768586,0.0,0.0,0.0,0.0,0.0,0.0,0.0,0.0,0.0,0.0
81,20.25,R2Z6,71.75967061595624,0.0,0.0,10.901730164810616,73.96691575598385,-5.329070518200751e-15,0.0,0.0,40.05249901753717,0.0,0.0,0.0,161.4605546005101,0.0,0.0,0.0,0.0,0.0,0.0
81,20.25,R2Z7,100.60683729680522,0.0,0.0,0.0,0.0,9.834326307320698,58.401378710476095,0.0,40.05249901753717,0.0,0.0,0.0,82.49670332956087,0.0,0.0,0.0,0.0,0.0,0.0
81,20.25,R2Z8,111.12392816142909,0.0,0.0,0.0,0.0,26.988533958224668,58.87574593545233,0.0,0.0,0.0,0.0,0.0,85.00989830471055,0.0,0.0,0.0,0.0,0.0,0.0
81,20.25,R2Z9,72.40697602500221,0.0,0.0,0.0,5.700403902415573,8.746509166544104,204.33979305731935,0.0,20.026249508768586,0.0,0.0,0.0,77.75147500015002,0.0,0.0,0.0,0.0,0.0,0.0
81,20.25,R3Z1,103.24994278880025,0.0,0.0,0.0,0.0,32.35208873085846,50.3684288672164,0.0,0.0,0.0,0.0,0.0,0.0,0.0,0.0,0.0,0.0,0.0,0.0
81,20.25,R3Z2,101.36963301642837,0.0,0.0,23.193945501590576,139.59349456459148,0.0,0.0,0.0,40.05249901753717,0.0,0.0,0.0,154.86957170764973,0.0,0.0,0.0,0.0,0.0,0.0
81,20.25,R3Z3,106.68751384731306,0.0,0.0,11.688780229507962,36.69039154508198,1.7763568394002505e-15,0.0,0.0,20.026249508768586,0.0,0.0,0.0,0.0,0.0,0.0,0.0,0.0,0.0,0.0
81,20.25,R4Z1,155.5686765952472,0.0,135.0,0.0,0.0,5.648313310247334,146.60845227964833,0.0,40.05249901753717,0.0,0.0,0.0,76.61951554023823,0.0,0.0,0.0,0.0,0.0,0.0
81,20.25,R4Z2,140.86607265093525,0.0,0.0,20.27870908042604,80.0,0.0,0.0,0.0,40.05249901753717,0.0,0.0,0.0,151.4658165022994,0.0,0.0,0.0,0.0,0.0,0.0
81,20.25,R4Z3,116.29650455121016,0.0,0.0,16.241619212246988,116.37892450434644,-1.4210854715202004e-14,0.0,0.0,0.0,0.0,0.0,0.0,0.0,0.0,0.0,0.0,0.0,0.0,0.0
81,20.25,R4Z4,136.01908070057723,0.0,0.0,0.0,0.0,3.4179373255060876,47.421118903589175,0.0,0.0,0.0,0.0,0.0,0.0,0.0,0.0,0.0,0.0,0.0,0.0
81,20.25,R4Z5,89.26381335168671,0.0,0.0,7.697171294872874,110.82424495147319,7.105427357601002e-15,0.0,0.0,40.05249901753717,0.0,0.0,0.0,0.0,0.0,0.0,0.0,0.0,0.0,0.0
81,20.25,R4Z6,78.89736565430077,0.0,0.0,10.259043851916076,62.864752050097806,7.105427357601002e-15,0.0,0.0,40.05249901753717,0.0,0.0,0.0,144.15476523601333,0.0,0.0,0.0,0.0,0.0,0.0
81,20.25,R4Z7,127.8403360912979,0.0,0.0,11.30682120087448,133.91336195889428,-7.105427357601002e-15,0.0,0.0,40.05249901753717,0.0,0.0,0.0,0.0,0.0,0.0,0.0,0.0,0.0,0.0
81,20.25,R4Z8,92.36586596899687,0.0,0.0,10.851261151341738,49.24041560903589,-1.7763568394002505e-15,0.0,0.0,40.05249901753717,0.0,0.0,0.0,0.0,0.0,0.0,0.0,0.0,0.0,0.0
81,20.25,R4Z9,112.08328444460638,0.0,0.0,10.445829771582922,85.4603067227359,1.7763568394002505e-15,0.0,0.0,0.0,0.0,0.0,0.0,83.43830569436334,0.0,0.0,0.0,0.0,0.0,0.0
81,20.25,R4Z10,90.5598880458797,0.0,0.0,0.0,51.803718077975816,7.003745711651713,188.19628192202418,0.0,0.0,0.0,0.0,0.0,85.0006235150596,0.0,0.0,0.0,0.0,0.0,0.0
81,20.25,R4Z11,125.42929592469346,0.0,0.0,0.0,0.0,16.366829839283604,106.59067522763542,0.0,20.026249508768586,0.0,0.0,0.0,78.63730518613318,0.0,0.0,0.0,0.0,0.0,0.0
81,20.25,R5Z1,60.070167135246,0.0,135.0,31.025393147902008,50.24599825770662,-7.105427357601002e-15,0.0,0.0,0.0,0.0,0.0,0.0,68.65337185380487,0.0,0.0,0.0,0.0,0.0,0.0
81,20.25,R5Z2,96.24981155079932,0.0,135.0,9.53912809850516,48.07196161298479,0.0,0.0,0.0,20.026249508768586,0.0,0.0,0.0,163.3485967237927,0.0,0.0,0.0,0.0,0.0,0.0
81,20.25,R5Z3,133.61432727601678,0.0,0.0,0.0,0.0,22.168561909935896,88.1817898248147,0.0,20.026249508768586,0.0,0.0,0.0,138.55107558180762,0.0,0.0,0.0,0.0,0.0,0.0
81,20.25,R5Z4,103.57242826674457,0.0,0.0,28.648974533568165,49.602166924563036,-3.552713678800501e-15,0.0,0.0,40.05249901753717,0.0,0.0,0.0,0.0,0.0,0.0,0.0,0.0,0.0,0.0
81,20.25,R5Z5,97.01154902692248,0.0,0.0,0.0,3.035056300495768,11.828546873969037,70.03450688689769,0.0,20.026249508768586,0.0,0.0,0.0,76.22525287867036,0.0,0.0,0.0,0.0,0.0,0.0
81,20.25,R5Z6,170.40960369077862,0.0,0.0,0.0,0.0,9.094401615580745,122.48671138437635,0.0,40.05249901753717,0.0,0.0,0.0,154.7303637206444,0.0,0.0,0.0,0.0,0.0,0.0
81,20.25,R5Z7,88.84462240661385,0.0,0.0,22.875430190667146,40.24947558971006,-3.552713678800501e-15,0.0,0.0,0.0,0.0,0.0,0.0,83.94677759771264,0.0,0.0,0.0,0.0,0.0,0.0
81,20.25,R5Z8,131.096342520741,0.0,0.0,20.553360658259905,109.71604056194529,3.552713678800501e-15,0.0,0.0,20.026249508768586,0.0,0.0,0.0,156.24479621918508,0.0,0.0,0.0,0.0,0.0,0.0
81,20.25,R5Z9,117.17621161828465,0.0,0.0,26.563496862481088,181.9387475685162,1.0658141036401503e-14,0.0,0.0,0.0,0.0,0.0,0.0,81.40503885322259,0.0,0.0,0.0,0.0,0.0,0.0
81,20.25,R6Z1,141.58620823168297,0.0,135.0,15.777234853875882,35.18984114007817,-3.552713678800501e-15,0.0,0.0,0.0,0.0,0.0,0.0,0.0,0.0,0.0,626.9546657728555,0.0,0.0,0.0
81,20.25,R6Z2,133.01693798934937,0.0,135.0,33.3950889992775,63.87288537396156,0.0,0.0,0.0,40.05249901753717,0.0,0.0,0.0,132.61120086916358,0.0,0.0,627.4928744803326,0.0,0.0,0.0
81,20.25,R6Z3,87.20763927391663,0.0,0.0,0.0,0.0,35.1612827348732,156.8036766347913,0.0,20.026249508768586,0.0,0.0,0.0,78.10225901107879,0.0,0.0,0.0,0.0,0.0,0.0
81,20.25,R6Z4,102.62113480381477,0.0,0.0,0.0,0.0,12.907328699689291,106.35393569770099,0.0,20.026249508768586,0.0,0.0,0.0,74.05766889711053,0.0,0.0,0.0,0.0,0.0,0.0
81,20.25,R7Z1,64.89482820309333,0.0,135.0,8.851210351739581,55.70319793160051,-3.552713678800501e-15,0.0,0.0,20.026249508768586,0.0,0.0,0.0,0.0,0.0,0.0,625.8796328475446,0.0,0.0,0.0
81,20.25,R7Z2,69.32671858193444,0.0,135.0,13.324480263213736,35.72075892470212,1.7763568394002505e-15,0.0,0.0,0.0,0.0,0.0,0.0,157.88522335526412,0.0,0.0,0.0,0.0,0.0,0.0
81,20.25,R7Z3,65.00687936570829,0.0,0.0,0.0,0.0,7.521676052166586,61.841922774593044,0.0,40.05249901753717,0.0,0.0,0.0,134.83543414438915,0.0,0.0,0.0,0.0,0.0,0.0
81,20.25,R7Z4,94.6291187541309,0.0,0.0,27.214009537297514,89.89735357014494,3.552713678800501e-15,0.0,0.0,20.026249508768586,0.0,0.0,0.0,65.78785295044261,0.0,0.0,0.0,0.0,0.0,0.0
81,20.25,R7Z5,143.25020970944118,0.0,0.0,2.4277268412785133,158.4105486934665,-1.3766765505351941e-14,0.0,0.0,40.05249901753717,0.0,0.0,0.0,0.0,0.0,0.0,0.0,0.0,0.0,0.0
81,20.25,R7Z6,60.802459249405096,0.0,0.0,0.0,0.0,16.100410719620474,71.21072291195827,0.0,40.05249901753717,0.0,0.0,0.0,0.0,0.0,0.0,0.0,0.0,0.0,0.0
81,20.25,R7Z7,93.66497483035985,0.0,0.0,0.0,0.0,14.625536025380343,45.69853276304948,0.0,0.0,0.0,0.0,0.0,66.08308652911849,0.0,0.0,0.0,0.0,0.0,0.0
81,20.25,R7Z8,95.32223891388361,0.0,0.0,20.38528781539118,42.296176405289586,3.552713678800501e-15,0.0,0.0,40.05249901753717,0.0,0.0,0.0,140.36552197064128,0.0,0.0,0.0,0.0,0.0,0.0
81,20.25,R7Z9,113.39138661898319,0.0,0.0,0.0,0.0,16.747031544971335,64.1150021388774,0.0,40.05249901753717,0.0,0.0,0.0,76.74625838505871,0.0,0.0,0.0,0.0,0.0,0.0
81,20.25,R8Z1,148.30836803244492,0.0,135.0,0.0,0.0,6.606526717083907,57.395517295607874,0.0,20.026249508768586,0.0,0.0,0.0,81.72205083688458,0.0,0.0,628.0315452126237,0.0,0.0,0.0
81,20.25,R8Z2,92.34098700383738,0.0,135.0,0.0,56.36353632132864,21.390394125087433,48.91682131876887,0.0,20.026249508768586,0.0,0.0,0.0,142.3669519810458,0.0,0.0,0.0,0.0,0.0,0.0
81,20.25,R8Z3,72.79361119675826,0.0,0.0,0.0,0.0,8.649289049874643,129.4353137473556,0.0,20.026249508768586,0.0,0.0,0.0,166.5592448351518,0.0,0.0,0.0,0.0,0.0,0.0
81,20.25,R8Z4,133.32575879303403,0.0,0.0,0.0,0.0,6.745420780264084,99.9089482554933,0.0,0.0,0.0,0.0,0.0,0.0,0.0,0.0,0.0,0.0,0.0,0.0
81,20.25,R8Z5,72.14223851872592,0.0,0.0,20.734094529641396,104.16204406182996,0.0,0.0,0.0,20.026249508768586,0.0,0.0,0.0,82.88860916289548,0.0,0.0,0.0,0.0,0.0,0.0
81,20.25,R8Z6,131.89149686562868,0.0,0.0,12.077923747355115,73.87057181729935,5.329070518200751e-15,0.0,0.0,20.026249508768586,0.0,0.0,0.0,0.0,0.0,0.0,0.0,0.0,0.0,0.0
81,20.25,R8Z7,91.35105007245232,0.0,0.0,0.0,0.0,17.593806282454086,59.65370393721551,0.0,0.0,0.0,0.0,0.0,76.79491687247555,0.0,0.0,0.0,0.0,0.0,0.0
81,20.25,R8Z8,96.43036487694462,0.0,0.0,14.534543423776398,151.70565385312887,5.329070518200751e-15,0.0,0.0,20.026249508768586,0.0,0.0,0.0,81.64955744214609,0.0,0.0,0.0,0.0,0.0,0.0
81,20.25,R9Z1,108.23757941896633,0.0,135.0,0.0,0.0,3.2741268286202,47.57500850215202,0.0,20.026249508768586,0.0,0.0,0.0,0.0,0.0,0.0,626.9546657728555,0.0,0.0,0.0
81,20.25,R9Z2,128.74255937341374,0.0,135.0,5.558484275414287,119.0672838147137,8.881784197001252e-16,0.0,0.0,20.026249508768586,0.0,0.0,0.0,72.60645590310733,0.0,0.0,626.9546657728555,0.0,0.0,0.0
81,20.25,R9Z3,120.89326253658604,0.0,0.0,0.0,0.0,8.734750450513426,65.26500968028819,0.0,40.05249901753717,0.0,0.0,0.0,133.46434121322923,0.0,0.0,0.0,0.0,0.0,0.0
81,20.25,R9Z4,117.6098896862647,0.0,0.0,0.0,0.0,15.034893481772727,166.43711173610018,0.0,20.026249508768586,0.0,0.0,0.0,70.00305169562174,0.0,0.0,0.0,0.0,0.0,0.0
81,20.25,R9Z5,74.44004941231744,0.0,0.0,13.757359237538253,190.28131770506397,-1.2434497875801753e-14,0.0,0.0,20.026249508768586,0.0,0.0,0.0,145.79914691268306,0.0,0.0,0.0,0.0,0.0,0.0
81,20.25,R9Z6,74.76579064256077,0.0,0.0,6.57589318294967,49.45559417358335,2.6645352591003757e-15,0.0,0.0,20.026249508768586,0.0,0.0,0.0,155.0175004167385,0.0,0.0,0.0,0.0,0.0,0.0
81,20.25,R9Z7,77.77794191174598,0.0,0.0,21.993403744096803,43.64645103698826,-7.105427357601002e-15,0.0,0.0,0.0,0.0,0.0,0.0,74.29543217167732,0.0,0.0,0.0,0.0,0.0,0.0
81,20.25,R9Z8,166.53772077529482,0.0,0.0,0.0,0.0,9.049302216650156,53.021678553961806,0.0,20.026249508768586,0.0,0.0,0.0,69.42106209042126,0.0,0.0,0.0,0.0,0.0,0.0
81,20.25,R9Z9,79.82188603084893,0.0,0.0,9.772298248412355,47.016719105331994,0.0,0.0,0.0,0.0,0.0,0.0,0.0,157.53934935555858,0.0,0.0,0.0,0.0,0.0,0.0
81,20.25,R9Z10,85.62833041534137,0.0,0.0,16.535975886383653,170.627939871043,1.4210854715202004e-14,0.0,0.0,0.0,0.0,0.0,0.0,0.0,0.0,0.0,0.0,0.0,0.0,0.0
81,20.25,R9Z11,105.04890831928721,0.0,0.0,0.0,0.0,4.585607139400128,160.40104222791493,0.0,0.0,0.0,0.0,0.0,155.69505109116153,0.0,0.0,0.0,0.0,0.0,0.0
81,20.25,R10Z1,138.55401996825395,0.0,0.0,9.452626086844532,106.30665939421516,3.552713678800501e-15,0.0,0.0,0.0,0.0,0.0,0.0,68.2501422652348,0.0,0.0,625.3428078381609,0.0,0.0,0.0
81,20.25,R10Z2,46.89093578740603,0.0,0.0,0.0,0.0,19.446211839132033,114.9457628523631,0.0,0.0,0.0,0.0,0.0,162.53789401403174,0.0,0.0,626.9546657728555,0.0,0.0,0.0
81,20.25,R10Z3,113.00173522767756,0.0,0.0,35.76450546568151,142.86948061370816,-7.105427357601002e-15,0.0,0.0,0.0,0.0,0.0,0.0,78.131147956819,0.0,0.0,0.0,0.0,0.0,0.0
81,20.25,R10Z4,118.1010974441258,0.0,0.0,0.0,0.0,8.877076973002437,31.675291613226904,0.0,40.05249901753717,0.0,0.0,0.0,79.2164773335732,0.0,0.0,0.0,0.0,0.0,0.0
81,20.25,R10Z5,54.844645085138566,0.0,0.0,0.0,0.0,9.9473162916868,189.4885076089931,0.0,40.05249901753717,0.0,0.0,0.0,0.0,0.0,0.0,0.0,0.0,0.0,0.0
81,20.25,R10Z6,119.24328578957353,0.0,0.0,16.470329959415793,56.72465681045799,0.0,0.0,0.0,40.05249901753717,0.0,0.0,0.0,67.20754335055828,0.0,0.0,0.0,0.0,0.0,0.0
81,20.25,R10Z7,130.87414411843983,0.0,0.0,0.0,0.0,8.50361402362721,188.21135937277452,0.0,40.05249901753717,0.0,0.0,0.0,81.30598629190636,0.0,0.0,0.0,0.0,0.0,0.0
81,20.25,R10Z8,95.05152404084009,0.0,0.0,0.0,7.356340866520952,9.912928295299729,55.81565981965399,0.0,0.0,0.0,0.0,0.0,78.67709004792806,0.0,0.0,0.0,0.0,0.0,0.0
81,20.25,R10Z9,93.87070239051634,0.0,0.0,10.94518755562001,121.89404904318695,-8.881784197001252e-15,0.0,0.0,20.026249508768586,0.0,0.0,0.0,0.0,0.0,0.0,0.0,0.0,0.0,0.0
81,20.25,R11Z1,100.82958645211085,0.0,135.0,24.924308696551833,173.26467271128143,7.105427357601002e-15,0.0,0.0,40.05249901753717,0.0,0.0,0.0,153.59757249493603,0.0,0.0,0.0,0.0,0.0,0.0
81,20.25,R11Z2,138.82415105743635,0.0,135.0,13.131844631869427,80.0,-3.552713678800501e-15,0.0,0.0,20.026249508768586,0.0,0.0,0.0,67.27196119781124,0.0,0.0,0.0,0.0,0.0,0.0
81,20.25,R11Z3,80.98235988718373,0.0,0.0,0.0,32.56855223053593,11.120940413386768,33.33790328033973,0.0,20.026249508768586,0.0,0.0,0.0,0.0,0.0,0.0,0.0,0.0,0.0,0.0
81,20.25,R11Z4,191.4904870090236,0.0,0.0,0.0,0.0,34.72419137456988,172.1273546887242,0.0,0.0,0.0,0.0,0.0,77.99674260632204,0.0,0.0,0.0,0.0,0.0,0.0
81,20.25,R11Z5,57.35686133950911,0.0,0.0,10.84586497633289,71.60777434524279,0.0,0.0,0.0,20.026249508768586,0.0,0.0,0.0,85.4025049114276,0.0,0.0,0.0,0.0,0.0,0.0
81,20.25,R11Z6,116.57400856293783,0.0,0.0,9.765301206347033,128.61094703533558,-7.105427357601002e-15,0.0,0.0,0.0,0.0,0.0,0.0,0.0,0.0,0.0,0.0,0.0,0.0,0.0
81,20.25,R11Z7,126.10838411803252,0.0,0.0,0.0,0.0,10.305419772810435,108.15716856447183,0.0,20.026249508768586,0.0,0.0,0.0,0.0,0.0,0.0,0.0,0.0,0.0,0.0
81,20.25,R11Z8,93.69932589515739,0.0,0.0,24.522561104192846,240.0,2.842170943040401e-14,0.0,0.0,20.026249508768586,0.0,0.0,0.0,153.44906399968187,0.0,0.0,0.0,0.0,0.0,0.0
81,20.25,R12Z1,123.9016196022735,0.0,135.0,0.0,0.0,22.538305170511816,154.17159365398524,0.0,40.05249901753717,0.0,0.0,0.0,132.46788812134764,0.0,0.0,0.0,0.0,0.0,0.0
81,20.25,R12Z2,126.69207780358335,0.0,135.0,0.0,0.0,11.8812326190991,226.38320673856117,0.0,20.026249508768586,0.0,0.0,0.0,84.49625868512638,0.0,0.0,0.0,0.0,0.0,0.0
81,20.25,R12Z3,103.37454585306483,0.0,0.0,23.713420677028978,52.489489786132864,0.0,0.0,0.0,20.026249508768586,0.0,0.0,0.0,153.10736335724062,0.0,0.0,0.0,0.0,0.0,0.0
81,20.25,R12Z4,117.61843756700065,0.0,0.0,0.0,0.0,39.759931675710575,65.83912594900137,0.0,0.0,0.0,0.0,0.0,0.0,0.0,0.0,0.0,0.0,0.0,0.0
81,20.25,R12Z5,94.04068530291518,0.0,0.0,0.0,0.0,10.873252808607406,110.06500998373163,0.0,0.0,0.0,0.0,0.0,144.9495327355987,0.0,0.0,0.0,0.0,0.0,0.0
81,20.25,R12Z6,94.0033269087801,0.0,0.0,17.922625765814473,111.41998963619932,-3.552713678800501e-15,0.0,0.0,0.0,0.0,0.0,0.0,0.0,0.0,0.0,0.0,0.0,0.0,0.0
81,20.25,R12Z7,61.1755127765207,0.0,0.0,0.0,0.0,29.815872123639927,93.78789119116803,0.0,40.05249901753717,0.0,0.0,0.0,0.0,0.0,0.0,0.0,0.0,0.0,0.0
81,20.25,R12Z8,119.58002644237457,0.0,0.0,13.723206017601939,123.24591639325621,3.552713678800501e-15,0.0,0.0,0.0,0.0,0.0,0.0,70.01151871033329,0.0,0.0,0.0,0.0,0.0,0.0
81,20.25,R12Z9,74.9051793850783,0.0,0.0,0.0,3.693229361342439,12.52691184936054,152.04472535115434,0.0,40.05249901753717,0.0,0.0,0.0,158.8507484227544,0.0,0.0,0.0,0.0,0.0,0.0
82,20.5,R1Z1,63.92317715559476,0.0,0.0,11.191366990039356,124.84841260942106,5.329070518200751e-15,0.0,0.0,57.850000460626404,0.0,0.0,0.0,145.10731278723236,0.0,0.0,567.5351424788413,0.0,0.0,0.0
82,20.5,R1Z2,45.57902634519751,0.0,0.0,7.924165068060347,155.09610007232996,-1.7763568394002505e-15,0.0,0.0,57.850000460626404,0.0,4.650992013837177,0.0,200.85641902900448,0.0,0.0,0.0,0.0,0.0,0.0
82,20.5,R1Z3,105.0006709741992,0.0,0.0,15.661735421719612,160.0,-5.329070518200751e-15,0.0,0.0,28.925000230313202,0.0,4.650992013837177,0.0,200.85641902900448,0.0,0.0,0.0,0.0,0.0,0.0
82,20.5,R1Z4,103.31416756009932,0.0,0.0,20.238981023228362,56.231267367529384,-3.552713678800501e-15,0.0,0.0,57.850000460626404,0.0,0.0,0.0,0.0,0.0,0.0,0.0,0.0,0.0,0.0
82,20.5,R1Z5,122.51581210410397,0.0,0.0,19.74940800865177,56.03607264388859,-3.552713678800501e-15,0.0,0.0,57.850000460626404,0.0,0.0,0.0,0.0,0.0,0.0,0.0,0.0,0.0,0.0
82,20.5,R1Z6,163.7367671876965,0.0,0.0,13.423395275743552,63.23320415676125,1.7763568394002505e-15,0.0,0.0,0.0,0.0,3.455845251514411,0.0,100.42820951450224,0.0,0.0,0.0,0.0,0.0,0.0
82,20.5,R1Z7,89.68659793437149,0.0,0.0,12.733347709632252,30.468089047817717,3.552713678800501e-15,0.0,0.0,28.925000230313202,0.0,45.0,0.0,100.42820951450224,0.0,0.0,0.0,0.0,0.0,0.0
82,20.5,R1Z8,112.41286209658821,0.0,0.0,7.886546517935301,133.56917384160008,-7.105427357601002e-15,0.0,0.0,0.0,0.0,0.0,0.0,0.0,0.0,0.0,0.0,0.0,0.0,0.0
82,20.5,R1Z9,127.86963973337546,0.0,0.0,33.924947001499106,240.0,2.1316282072803006e-14,0.0,0.0,0.0,0.0,90.0,0.0,200.85641902900448,0.0,0.0,0.0,0.0,0.0,0.0
82,20.5,R1Z10,121.31569028780591,0.0,0.0,24.622209572075818,80.0,0.0,0.0,0.0,0.0,0.0,4.650992013837177,0.0,200.85641902900448,0.0,0.0,0.0,0.0,0.0,0.0
82,20.5,R2Z1,137.49696724746534,0.0,135.0,11.530596182793758,95.68355042990079,21.687617644247247,0.0,0.0,0.0,0.0,0.0,0.0,71.39400619509267,0.0,0.0,628.5706783663535,0.0,0.0,0.0
82,20.5,R2Z2,120.47002232293394,0.0,135.0,22.867175705593834,25.6277034964987,3.552713678800501e-15,0.0,0.0,0.0,0.0,0.0,0.0,77.16458076826585,0.0,0.0,625.3428078381609,0.0,0.0,0.0
82,20.5,R2Z3,124.61256226481105,0.0,0.0,20.341471525454693,62.152631693182755,-3.552713678800501e-15,0.0,0.0,28.925000230313202,0.0,0.0,0.0,66.79685706136345,0.0,0.0,0.0,0.0,0.0,0.0
82,20.5,R2Z4,122.53862538500245,0.0,0.0,4.7309943585706975,125.64945508273304,-1.2434497875801753e-14,0.0,0.0,57.850000460626404,0.0,0.0,0.0,0.0,0.0,0.0,0.0,0.0,0.0,0.0
82,20.5,R2Z5,79.39947650955627,0.0,0.0,0.0,0.0,4.743088621713544,146.51773468119967,0.0,28.925000230313202,0.0,0.0,0.0,0.0,0.0,0.0,0.0,0.0,0.0,0.0
82,20.5,R2Z6,45.35298572496847,0.0,0.0,0.0,0.0,14.348760187217085,141.98755586314192,0.0,57.850000460626404,0.0,0.0,0.0,161.2800049886266,0.0,0.0,0.0,0.0,0.0,0.0
82,20.5,R2Z7,85.70371369880607,0.0,0.0,0.0,0.0,3.3056959445005747,80.0,0.0,57.850000460626404,0.0,0.0,0.0,82.40445325768,0.0,0.0,0.0,0.0,0.0,0.0
82,20.5,R2Z8,87.49584851336814,0.0,0.0,0.0,0.0,10.966870743730913,73.1042293524372,0.0,0.0,0.0,0.0,0.0,84.91483790941369,0.0,0.0,0.0,0.0,0.0,0.0
82,20.5,R2Z9,70.19743833191204,0.0,0.0,0.0,0.0,4.238072543558676,156.90259976746057,0.0,28.925000230313202,0.0,0.0,0.0,77.66453117248028,0.0,0.0,0.0,0.0,0.0,0.0
82,20.5,R3Z1,100.75182647455989,0.0,0.0,46.79823155908393,55.03755502158471,-7.105427357601002e-15,0.0,0.0,0.0,0.0,0.0,0.0,0.0,0.0,0.0,0.0,0.0,0.0,0.0
82,20.5,R3Z2,92.20546888480877,0.0,0.0,35.67858554452894,175.40800198618243,7.105427357601002e-15,0.0,0.0,57.850000460626404,0.0,0.0,0.0,154.6963923132548,0.0,0.0,0.0,0.0,0.0,0.0
82,20.5,R3Z3,131.64744348045605,0.0,0.0,5.537608159167199,34.983401565208695,2.6645352591003757e-15,0.0,0.0,28.925000230313202,0.0,0.0,0.0,0.0,0.0,0.0,0.0,0.0,0.0,0.0
82,20.5,R4Z1,142.9733754210986,0.0,135.0,0.0,0.0,7.19347026861796,153.61186767770747,0.0,57.850000460626404,0.0,0.0,0.0,76.53383750062216,0.0,0.0,0.0,0.0,0.0,0.0
82,20.5,R4Z2,156.04077982277516,0.0,0.0,0.0,0.0,24.411057670713724,55.5932808979034,0.0,57.850000460626404,0.0,0.0,0.0,151.29644328014754,0.0,0.0,0.0,0.0,0.0,0.0
82,20.5,R4Z3,100.7495186580464,0.0,0.0,0.0,0.0,10.514106386660364,215.52004484642086,0.0,0.0,0.0,0.0,0.0,0.0,0.0,0.0,0.0,0.0,0.0,0.0
82,20.5,R4Z4,144.99603180361834,0.0,0.0,0.0,0.0,6.965406751402447,65.1954292189941,0.0,0.0,0.0,0.0,0.0,0.0,0.0,0.0,0.0,0.0,0.0,0.0
82,20.5,R4Z5,78.85428707701877,0.0,0.0,5.626445239163843,219.57213051693154,-1.3322676295501878e-14,0.0,0.0,57.850000460626404,0.0,0.0,0.0,0.0,0.0,0.0,0.0,0.0,0.0,0.0
82,20.5,R4Z6,74.42778193698814,0.0,0.0,20.514467599220723,35.920397067930466,-3.552713678800501e-15,0.0,0.0,57.850000460626404,0.0,0.0,0.0,143.993567431516,0.0,0.0,0.0,0.0,0.0,0.0
82,20.5,R4Z7,112.49007467346124,0.0,0.0,0.0,50.04689803092066,12.060793560435332,113.04440231454785,0.0,57.850000460626404,0.0,0.0,0.0,0.0,0.0,0.0,0.0,0.0,0.0,0.0
82,20.5,R4Z8,90.49715464822661,0.0,0.0,0.0,0.0,16.694868248192797,71.95654675045608,0.0,57.850000460626404,0.0,0.0,0.0,0.0,0.0,0.0,0.0,0.0,0.0,0.0
82,20.5,R4Z9,119.86118239815573,0.0,0.0,19.151135943715644,210.75959685910578,3.552713678800501e-15,0.0,0.0,0.0,0.0,0.0,0.0,83.34500269694325,0.0,0.0,0.0,0.0,0.0,0.0
82,20.5,R4Z10,95.5756127744571,0.0,0.0,0.0,0.0,5.086166845176276,161.00809037338576,0.0,0.0,0.0,0.0,0.0,84.90557349108641,0.0,0.0,0.0,0.0,0.0,0.0
82,20.5,R4Z11,135.34898106426957,0.0,0.0,6.917777488648767,96.5798128086361,5.329070518200751e-15,0.0,0.0,28.925000230313202,0.0,0.0,0.0,78.54937079890125,0.0,0.0,0.0,0.0,0.0,0.0
82,20.5,R5Z1,56.61622174659623,0.0,135.0,0.0,0.0,34.727369145461815,30.050550764749705,0.0,0.0,0.0,0.0,0.0,68.57660177411967,0.0,0.0,0.0,0.0,0.0,0.0
82,20.5,R5Z2,89.50365993502534,0.0,135.0,0.0,0.0,6.298754648939873,53.94231351548917,0.0,28.925000230313202,0.0,0.0,0.0,163.16593585152475,0.0,0.0,0.0,0.0,0.0,0.0
82,20.5,R5Z3,121.4150888274477,0.0,0.0,0.0,12.95770366038775,18.457576795849338,139.2236753850482,0.0,28.925000230313202,0.0,0.0,0.0,138.39614397647384,0.0,0.0,0.0,0.0,0.0,0.0
82,20.5,R5Z4,104.93618737617098,0.0,0.0,25.027322187259735,46.75365735980811,0.0,0.0,0.0,57.850000460626404,0.0,0.0,0.0,0.0,0.0,0.0,0.0,0.0,0.0,0.0
82,20.5,R5Z5,102.28516641924314,0.0,0.0,9.158152934207692,92.672741748265,-7.105427357601002e-15,0.0,0.0,28.925000230313202,0.0,0.0,0.0,76.14001571435479,0.0,0.0,0.0,0.0,0.0,0.0
82,20.5,R5Z6,175.13542141767178,0.0,0.0,0.0,0.0,11.031154009284043,109.21882468435257,0.0,57.850000460626404,0.0,0.0,0.0,154.55733999243114,0.0,0.0,0.0,0.0,0.0,0.0
82,20.5,R5Z7,94.15356895094662,0.0,0.0,22.520359892033426,51.232425140803414,-3.552713678800501e-15,0.0,0.0,0.0,0.0,0.0,0.0,83.85290601309161,0.0,0.0,0.0,0.0,0.0,0.0
82,20.5,R5Z8,120.89359622631326,0.0,0.0,0.0,0.0,17.285277325771034,111.52991681765742,0.0,28.925000230313202,0.0,0.0,0.0,156.07007901109674,0.0,0.0,0.0,0.0,0.0,0.0
82,20.5,R5Z9,118.93408251848385,0.0,0.0,26.656962414786733,129.94019573201786,7.105427357601002e-15,0.0,0.0,0.0,0.0,0.0,0.0,81.31400951044176,0.0,0.0,0.0,0.0,0.0,0.0
82,20.5,R6Z1,146.48731123699042,0.0,135.0,0.0,0.0,21.00520576065048,72.28252831650772,0.0,0.0,0.0,0.0,0.0,0.0,0.0,0.0,626.4169186939077,0.0,0.0,0.0
82,20.5,R6Z2,91.43296829840001,0.0,135.0,0.0,0.0,18.241124102750444,80.0,0.0,57.850000460626404,0.0,0.0,0.0,132.46291139432822,0.0,0.0,626.9546657728555,0.0,0.0,0.0
82,20.5,R6Z3,92.23198943659627,0.0,0.0,36.8214368810298,117.07337422275867,-7.105427357601002e-15,0.0,0.0,28.925000230313202,0.0,0.0,0.0,78.01492292712585,0.0,0.0,0.0,0.0,0.0,0.0
82,20.5,R6Z4,118.24959049714668,0.0,0.0,0.0,0.0,10.79385670353867,128.96758108015672,0.0,28.925000230313202,0.0,0.0,0.0,73.97485558453734,0.0,0.0,0.0,0.0,0.0,0.0
82,20.5,R7Z1,67.46778740823368,0.0,135.0,14.466993552480588,68.0086171588061,0.0,0.0,0.0,28.925000230313202,0.0,0.0,0.0,0.0,0.0,0.0,625.3428078381609,0.0,0.0,0.0
82,20.5,R7Z2,71.649218311722,0.0,135.0,0.0,0.0,19.81894978176651,65.07770240184777,0.0,0.0,0.0,0.0,0.0,157.7086717766481,0.0,0.0,0.0,0.0,0.0,0.0
82,20.5,R7Z3,79.83816549879505,0.0,0.0,0.0,0.0,4.805747301300191,88.53409520124343,0.0,57.850000460626404,0.0,0.0,0.0,134.68465747102056,0.0,0.0,0.0,0.0,0.0,0.0
82,20.5,R7Z4,102.72112028688004,0.0,0.0,29.808820927520912,173.1718451904835,-3.552713678800501e-15,0.0,0.0,28.925000230313202,0.0,0.0,0.0,65.71428717243423,0.0,0.0,0.0,0.0,0.0,0.0
82,20.5,R7Z5,156.86657977414717,0.0,0.0,6.94384296125574,146.9720435270072,-7.105427357601002e-15,0.0,0.0,57.850000460626404,0.0,0.0,0.0,0.0,0.0,0.0,0.0,0.0,0.0,0.0
82,20.5,R7Z6,66.62784732206862,0.0,0.0,0.0,0.0,5.7645912402648145,160.0,0.0,57.850000460626404,0.0,0.0,0.0,0.0,0.0,0.0,0.0,0.0,0.0,0.0
82,20.5,R7Z7,103.08234731726813,0.0,0.0,0.0,54.21531411267438,8.530253968472072,19.509849117898668,0.0,0.0,0.0,0.0,0.0,66.00919061284087,0.0,0.0,0.0,0.0,0.0,0.0
82,20.5,R7Z8,87.60496512713804,0.0,0.0,0.0,0.0,14.183605524409565,82.92291788381124,0.0,57.850000460626404,0.0,0.0,0.0,140.20856140168786,0.0,0.0,0.0,0.0,0.0,0.0
82,20.5,R7Z9,116.64865921641771,0.0,0.0,0.0,0.0,15.740677107134346,122.00485863535701,0.0,57.850000460626404,0.0,0.0,0.0,76.66043861812418,0.0,0.0,0.0,0.0,0.0,0.0
82,20.5,R8Z1,180.27446877547214,0.0,135.0,0.0,0.0,20.006009754097487,91.17365126577099,0.0,28.925000230313202,0.0,0.0,0.0,81.6306670026259,0.0,0.0,627.4928744803326,0.0,0.0,0.0
82,20.5,R8Z2,81.86350096063377,0.0,135.0,0.0,0.0,16.74412230653543,138.7308684656204,0.0,28.925000230313202,0.0,0.0,0.0,142.20775335826875,0.0,0.0,0.0,0.0,0.0,0.0
82,20.5,R8Z3,88.97234051747594,0.0,0.0,17.173467130327708,67.52128132907254,7.105427357601002e-15,0.0,0.0,28.925000230313202,0.0,0.0,0.0,166.37299372827923,0.0,0.0,0.0,0.0,0.0,0.0
82,20.5,R8Z4,145.67281935504963,0.0,0.0,0.0,59.24567651762385,21.704597990863224,12.576582816179467,0.0,0.0,0.0,0.0,0.0,0.0,0.0,0.0,0.0,0.0,0.0,0.0
82,20.5,R8Z5,64.3946051675008,0.0,0.0,13.380964205330443,108.51578356928293,3.552713678800501e-15,0.0,0.0,28.925000230313202,0.0,0.0,0.0,82.79592085118395,0.0,0.0,0.0,0.0,0.0,0.0
82,20.5,R8Z6,138.9507506807959,0.0,0.0,0.0,0.0,6.432942900110447,108.30845193142765,0.0,28.925000230313202,0.0,0.0,0.0,0.0,0.0,0.0,0.0,0.0,0.0,0.0
82,20.5,R8Z7,42.65147144668097,0.0,0.0,0.0,0.0,19.708465082115293,55.68255254830305,0.0,0.0,0.0,0.0,0.0,76.70904269428844,0.0,0.0,0.0,0.0,0.0,0.0
82,20.5,R8Z8,108.80326422411649,0.0,0.0,0.0,14.196896836451756,24.025548245389786,159.19923017802114,0.0,28.925000230313202,0.0,0.0,0.0,81.55825467198581,0.0,0.0,0.0,0.0,0.0,0.0
82,20.5,R9Z1,106.20345413702341,0.0,135.0,0.0,0.0,2.849308585389884,55.23990474455205,0.0,28.925000230313202,0.0,0.0,0.0,0.0,0.0,0.0,626.4169186939077,0.0,0.0,0.0
82,20.5,R9Z2,140.78934108803432,0.0,135.0,6.486400023292589,96.48352092951143,7.105427357601002e-15,0.0,0.0,28.925000230313202,0.0,0.0,0.0,72.52526537662872,0.0,0.0,626.4169186939077,0.0,0.0,0.0
82,20.5,R9Z3,114.99018954402607,0.0,0.0,0.0,0.0,6.023853786925326,41.36687524097085,0.0,57.850000460626404,0.0,0.0,0.0,133.31509773350774,0.0,0.0,0.0,0.0,0.0,0.0
82,20.5,R9Z4,115.5432287303237,0.0,0.0,0.0,92.73344294534783,11.242705648410345,40.637880406706216,0.0,28.925000230313202,0.0,0.0,0.0,69.92477236699203,0.0,0.0,0.0,0.0,0.0,0.0
82,20.5,R9Z5,87.72776456284637,0.0,0.0,11.166749890905535,92.1546290823679,3.552713678800501e-15,0.0,0.0,28.925000230313202,0.0,0.0,0.0,145.6361103155825,0.0,0.0,0.0,0.0,0.0,0.0
82,20.5,R9Z6,86.79632203677184,0.0,0.0,5.9720638338774705,58.40561796990322,0.0,0.0,0.0,28.925000230313202,0.0,0.0,0.0,154.84415560441175,0.0,0.0,0.0,0.0,0.0,0.0
82,20.5,R9Z7,90.49618011278896,0.0,0.0,20.371699223435172,45.41537614365146,0.0,0.0,0.0,0.0,0.0,0.0,0.0,74.21235298570213,0.0,0.0,0.0,0.0,0.0,0.0
82,20.5,R9Z8,160.79366671562198,0.0,0.0,0.0,0.0,3.9902258927399736,60.98805958554432,0.0,28.925000230313202,0.0,0.0,0.0,69.34343355849914,0.0,0.0,0.0,0.0,0.0,0.0
82,20.5,R9Z9,74.93286049331549,0.0,0.0,8.760672915856581,45.789192055101765,0.0,0.0,0.0,0.0,0.0,0.0,0.0,157.36318454271682,0.0,0.0,0.0,0.0,0.0,0.0
82,20.5,R9Z10,87.50209355048152,0.0,0.0,0.0,1.517072143177593,13.42996209261958,144.6741861223001,0.0,0.0,0.0,0.0,0.0,0.0,0.0,0.0,0.0,0.0,0.0,0.0
82,20.5,R9Z11,101.37576851132381,0.0,0.0,5.187519964059703,140.77544765342108,-2.6645352591003757e-15,0.0,0.0,0.0,0.0,0.0,0.0,155.5209486231238,0.0,0.0,0.0,0.0,0.0,0.0
82,20.5,R10Z1,123.37720671796912,0.0,0.0,0.0,0.0,11.248480122444624,115.85322208312729,0.0,0.0,0.0,0.0,0.0,68.1738230879133,0.0,0.0,624.8064432704908,0.0,0.0,0.0
82,20.5,R10Z2,51.432334617663116,0.0,0.0,2.447171094480211,203.87782983234266,4.944358164392584,0.0,0.0,0.0,0.0,0.0,0.0,162.35613969172553,0.0,0.0,626.4169186939077,0.0,0.0,0.0
82,20.5,R10Z3,106.83761685477369,0.0,0.0,0.0,0.0,23.081424778094966,110.68685106897932,0.0,0.0,0.0,0.0,0.0,78.04377956845617,0.0,0.0,0.0,0.0,0.0,0.0
82,20.5,R10Z4,119.32552039263358,0.0,0.0,0.0,0.0,5.992017832123614,76.26643776124041,0.0,57.850000460626404,0.0,0.0,0.0,79.12789530019207,0.0,0.0,0.0,0.0,0.0,0.0
82,20.5,R10Z5,64.43512217046464,0.0,0.0,0.0,0.0,9.958767589751323,152.39092699367353,0.0,57.850000460626404,0.0,0.0,0.0,0.0,0.0,0.0,0.0,0.0,0.0,0.0
82,20.5,R10Z6,145.30772602355034,0.0,0.0,18.273167038062013,62.38877708930826,7.105427357601002e-15,0.0,0.0,57.850000460626404,0.0,0.0,0.0,67.13239003588268,0.0,0.0,0.0,0.0,0.0,0.0
82,20.5,R10Z7,121.94540800155946,0.0,0.0,11.838207203892196,83.91441828646005,5.329070518200751e-15,0.0,0.0,57.850000460626404,0.0,0.0,0.0,81.21506771241101,0.0,0.0,0.0,0.0,0.0,0.0
82,20.5,R10Z8,100.49796593264016,0.0,0.0,0.0,45.22926437359425,10.318273210823751,16.92536429179173,0.0,0.0,0.0,0.0,0.0,78.58911117217464,0.0,0.0,0.0,0.0,0.0,0.0
82,20.5,R10Z9,99.06720817593583,0.0,0.0,7.561684227691558,49.527458205215346,1.7763568394002505e-15,0.0,0.0,28.925000230313202,0.0,0.0,0.0,0.0,0.0,0.0,0.0,0.0,0.0,0.0
82,20.5,R11Z1,94.72585777403711,0.0,135.0,0.0,92.6298926882809,19.8141053879613,41.94928280477734,0.0,57.850000460626404,0.0,0.0,0.0,153.42581548487973,0.0,0.0,0.0,0.0,0.0,0.0
82,20.5,R11Z2,122.20136964675008,0.0,135.0,0.0,0.0,14.56182833089286,73.24944827103428,0.0,28.925000230313202,0.0,0.0,0.0,67.1967358493355,0.0,0.0,0.0,0.0,0.0,0.0
82,20.5,R11Z3,111.36438552397084,0.0,0.0,10.573497047788528,55.414236393743856,-1.7763568394002505e-15,0.0,0.0,28.925000230313202,0.0,0.0,0.0,0.0,0.0,0.0,0.0,0.0,0.0,0.0
82,20.5,R11Z4,173.03109649954004,0.0,0.0,29.46233219138213,199.1721701309432,-3.552713678800501e-15,0.0,0.0,0.0,0.0,0.0,0.0,77.90952451370126,0.0,0.0,0.0,0.0,0.0,0.0
82,20.5,R11Z5,58.411313482585136,0.0,0.0,0.0,0.0,8.020615758943089,54.209237471874346,0.0,28.925000230313202,0.0,0.0,0.0,85.30700549267613,0.0,0.0,0.0,0.0,0.0,0.0
82,20.5,R11Z6,119.28295651585141,0.0,0.0,0.0,0.0,13.873498547439766,110.50032756705201,0.0,0.0,0.0,0.0,0.0,0.0,0.0,0.0,0.0,0.0,0.0,0.0
82,20.5,R11Z7,108.28950860185448,0.0,0.0,8.565345548140854,85.73766038598222,3.552713678800501e-15,0.0,0.0,28.925000230313202,0.0,0.0,0.0,0.0,0.0,0.0,0.0,0.0,0.0,0.0
82,20.5,R11Z8,104.58809082307603,0.0,0.0,17.469594908228828,186.04528927754842,-3.552713678800501e-15,0.0,0.0,28.925000230313202,0.0,0.0,0.0,153.27747305589017,0.0,0.0,0.0,0.0,0.0,0.0
82,20.5,R12Z1,104.85030887028968,0.0,135.0,0.0,0.0,23.301219627714886,149.07671149776382,0.0,57.850000460626404,0.0,0.0,0.0,132.31975890274984,0.0,0.0,0.0,0.0,0.0,0.0
82,20.5,R12Z2,124.52967283908879,0.0,135.0,0.0,0.0,11.30475479877423,201.99748576095337,0.0,28.925000230313202,0.0,0.0,0.0,84.40177265571222,0.0,0.0,0.0,0.0,0.0,0.0
82,20.5,R12Z3,125.26601801353206,0.0,0.0,0.0,0.0,24.389569552240932,69.81412625273006,0.0,28.925000230313202,0.0,0.0,0.0,152.9361545124608,0.0,0.0,0.0,0.0,0.0,0.0
82,20.5,R12Z4,106.73116510916901,0.0,0.0,35.37359492405962,51.62489175944947,0.0,0.0,0.0,0.0,0.0,0.0,0.0,0.0,0.0,0.0,0.0,0.0,0.0,0.0
82,20.5,R12Z5,111.00705342662309,0.0,0.0,0.0,0.0,11.473756637623797,118.24669539209043,0.0,0.0,0.0,0.0,0.0,144.7874462003278,0.0,0.0,0.0,0.0,0.0,0.0
82,20.5,R12Z6,85.31901684713715,0.0,0.0,0.0,112.11921241784354,21.945755219557274,77.62227985282156,0.0,0.0,0.0,0.0,0.0,0.0,0.0,0.0,0.0,0.0,0.0,0.0
82,20.5,R12Z7,75.39822749635564,0.0,0.0,0.0,0.0,26.227501122528366,118.6883344027695,0.0,57.850000460626404,0.0,0.0,0.0,0.0,0.0,0.0,0.0,0.0,0.0,0.0
82,20.5,R12Z8,123.35159736077937,0.0,0.0,0.0,0.0,16.53973853653646,141.66203920383862,0.0,0.0,0.0,0.0,0.0,69.93322991365596,0.0,0.0,0.0,0.0,0.0,0.0
82,20.5,R12Z9,91.87775928159462,0.0,0.0,13.71574457586513,143.13380365189198,8.881784197001252e-15,0.0,0.0,57.850000460626404,0.0,0.0,0.0,158.67311716757817,0.0,0.0,0.0,0.0,0.0,0.0
83,20.75,R1Z1,58.36771460777124,0.0,0.0,21.724826739344522,102.00786489095024,3.552713678800501e-15,0.0,0.0,16.98239879393431,0.0,0.0,0.0,144.94504981798875,0.0,0.0,567.0483602891084,0.0,0.0,0.0
83,20.75,R1Z2,49.51040602777087,0.0,0.0,11.21978004390894,114.08893969599316,1.7763568394002505e-15,0.0,0.0,16.98239879393431,0.0,0.0,0.0,200.63181588311704,0.0,0.0,0.0,0.0,0.0,0.0
83,20.75,R1Z3,126.10001010746238,0.0,0.0,21.403071682792756,54.39202220739381,3.552713678800501e-15,0.0,0.0,8.491199396967154,0.0,0.0,0.0,200.63181588311704,0.0,0.0,0.0,0.0,0.0,0.0
83,20.75,R1Z4,101.10371571609492,0.0,0.0,27.454209542611913,59.861225249868646,0.0,0.0,0.0,16.98239879393431,0.0,0.0,0.0,0.0,0.0,0.0,0.0,0.0,0.0,0.0
83,20.75,R1Z5,166.3092485898358,0.0,0.0,17.79906485984211,36.66120827094097,0.0,0.0,0.0,16.98239879393431,0.0,0.0,0.0,0.0,0.0,0.0,0.0,0.0,0.0,0.0
83,20.75,R1Z6,144.68433426328485,0.0,0.0,30.911500639266222,160.0,0.0,0.0,0.0,0.0,0.0,0.0,0.0,100.31590794155852,0.0,0.0,0.0,0.0,0.0,0.0
83,20.75,R1Z7,97.2438123825675,0.0,0.0,7.728808506524487,80.0,-2.6645352591003757e-15,0.0,0.0,8.491199396967154,0.0,0.0,0.0,100.31590794155852,0.0,0.0,0.0,0.0,0.0,0.0
83,20.75,R1Z8,105.53642428130158,0.0,0.0,6.577695777448071,149.95154988930813,0.0,0.0,0.0,0.0,0.0,0.0,0.0,0.0,0.0,0.0,0.0,0.0,0.0,0.0
83,20.75,R1Z9,133.84436543338512,0.0,0.0,12.06878271744118,120.38159816277597,-3.552713678800501e-15,0.0,0.0,0.0,0.0,0.0,0.0,200.63181588311704,0.0,0.0,0.0,0.0,0.0,0.0
83,20.75,R1Z10,100.45040820328893,0.0,0.0,32.05381614182402,45.09659265947608,0.0,0.0,0.0,0.0,0.0,0.0,0.0,200.63181588311704,0.0,0.0,0.0,0.0,0.0,0.0
83,20.75,R2Z1,137.00678761352816,0.0,135.0,19.071402884874374,64.89365489967605,7.105427357601002e-15,0.0,0.0,0.0,0.0,0.0,0.0,71.31417146306646,0.0,0.0,628.0315452126237,0.0,0.0,0.0
83,20.75,R2Z2,142.49852585131137,0.0,135.0,12.13099816737455,28.2701947674186,0.0,0.0,0.0,0.0,0.0,0.0,0.0,77.07829322179151,0.0,0.0,624.8064432704908,0.0,0.0,0.0
83,20.75,R2Z3,134.99270091654935,0.0,0.0,16.95513117340292,77.89077902634146,0.0,0.0,0.0,8.491199396967154,0.0,0.0,0.0,66.72216298733832,0.0,0.0,0.0,0.0,0.0,0.0
83,20.75,R2Z4,91.95684617557028,0.0,0.0,0.0,0.0,7.823663372511968,111.05153556788835,0.0,16.98239879393431,0.0,0.0,0.0,0.0,0.0,0.0,0.0,0.0,0.0,0.0
83,20.75,R2Z5,74.80805287020206,0.0,0.0,7.7295571547523,119.6206880002935,-5.329070518200751e-15,0.0,0.0,8.491199396967154,0.0,0.0,0.0,0.0,0.0,0.0,0.0,0.0,0.0,0.0
83,20.75,R2Z6,58.66050235957188,0.0,0.0,21.07715844113912,125.7433528781298,1.4210854715202004e-14,0.0,0.0,16.98239879393431,0.0,0.0,0.0,161.09965727226134,0.0,0.0,0.0,0.0,0.0,0.0
83,20.75,R2Z7,93.38827842887824,0.0,0.0,7.189891320094546,73.97958450121237,-6.217248937900877e-15,0.0,0.0,16.98239879393431,0.0,0.0,0.0,82.31230634235472,0.0,0.0,0.0,0.0,0.0,0.0
83,20.75,R2Z8,76.46944107869724,0.0,0.0,0.0,0.0,8.656103843307575,80.0,0.0,0.0,0.0,0.0,0.0,84.819883813253,0.0,0.0,0.0,0.0,0.0,0.0
83,20.75,R2Z9,56.12307828749863,0.0,0.0,0.0,22.474809057837057,1.3917183555362218,64.51818092545432,0.0,8.491199396967154,0.0,0.0,0.0,77.57768456777859,0.0,0.0,0.0,0.0,0.0,0.0
83,20.75,R3Z1,98.84109481419708,0.0,0.0,32.291205170189265,32.850692822574324,0.0,0.0,0.0,0.0,0.0,0.0,0.0,0.0,0.0,0.0,0.0,0.0,0.0,0.0
83,20.75,R3Z2,102.32674010064774,0.0,0.0,46.12337596053952,104.49604457623589,0.0,0.0,0.0,16.98239879393431,0.0,0.0,0.0,154.5234065727992,0.0,0.0,0.0,0.0,0.0,0.0
83,20.75,R3Z3,123.00339938383416,0.0,0.0,11.873939878130692,33.659776078714806,-1.7763568394002505e-15,0.0,0.0,8.491199396967154,0.0,0.0,0.0,0.0,0.0,0.0,0.0,0.0,0.0,0.0
83,20.75,R4Z1,140.77873222580905,0.0,135.0,6.428927386710626,149.09400963235444,3.552713678800501e-15,0.0,0.0,16.98239879393431,0.0,0.0,0.0,76.4482552685353,0.0,0.0,0.0,0.0,0.0,0.0
83,20.75,R4Z2,134.61906974416712,0.0,0.0,19.45941065459725,37.12369662313857,-3.552713678800501e-15,0.0,0.0,16.98239879393431,0.0,0.0,0.0,151.12725945576906,0.0,0.0,0.0,0.0,0.0,0.0
83,20.75,R4Z3,111.29503787970377,0.0,0.0,10.694292224791155,173.14511315268365,1.4210854715202004e-14,0.0,0.0,0.0,0.0,0.0,0.0,0.0,0.0,0.0,0.0,0.0,0.0,0.0
83,20.75,R4Z4,139.84445874306994,0.0,0.0,7.30609891752486,30.574177989481672,8.881784197001252e-16,0.0,0.0,0.0,0.0,0.0,0.0,0.0,0.0,0.0,0.0,0.0,0.0,0.0
83,20.75,R4Z5,103.16793270779874,0.0,0.0,4.926142469341698,171.6316686609951,-4.440892098500626e-15,0.0,0.0,16.98239879393431,0.0,0.0,0.0,0.0,0.0,0.0,0.0,0.0,0.0,0.0
83,20.75,R4Z6,85.04001887746244,0.0,0.0,0.0,0.0,10.84886126915266,80.0,0.0,16.98239879393431,0.0,0.0,0.0,143.83254988281618,0.0,0.0,0.0,0.0,0.0,0.0
83,20.75,R4Z7,107.89504544824737,0.0,0.0,8.837615388143533,88.8564966195255,0.0,0.0,0.0,16.98239879393431,0.0,0.0,0.0,0.0,0.0,0.0,0.0,0.0,0.0,0.0
83,20.75,R4Z8,121.8775638076194,0.0,0.0,0.0,27.882401878340232,13.729305262122336,19.05290639988916,0.0,16.98239879393431,0.0,0.0,0.0,0.0,0.0,0.0,0.0,0.0,0.0,0.0
83,20.75,R4Z9,110.95509190812997,0.0,0.0,8.197416841341834,164.16679092945347,8.881784197001252e-15,0.0,0.0,0.0,0.0,0.0,0.0,83.25180403348891,0.0,0.0,0.0,0.0,0.0,0.0
83,20.75,R4Z10,91.48887333192815,0.0,0.0,0.0,0.0,5.466395167729834,134.32748727711646,0.0,0.0,0.0,0.0,0.0,84.8106297546519,0.0,0.0,0.0,0.0,0.0,0.0
83,20.75,R4Z11,143.6638872994925,0.0,0.0,17.145889059854966,79.62878974252612,3.552713678800501e-15,0.0,0.0,8.491199396967154,0.0,0.0,0.0,78.46153474230819,0.0,0.0,0.0,0.0,0.0,0.0
83,20.75,R5Z1,67.39885493326835,0.0,135.0,21.612324661129996,51.83816738295918,0.0,0.0,0.0,0.0,0.0,0.0,0.0,68.49991754083901,0.0,0.0,0.0,0.0,0.0,0.0
83,20.75,R5Z2,86.40918471345844,0.0,135.0,0.0,0.0,6.789424813576303,71.77889657385757,0.0,8.491199396967154,0.0,0.0,0.0,162.98347923564418,0.0,0.0,0.0,0.0,0.0,0.0
83,20.75,R5Z3,138.7639129677807,0.0,0.0,12.54628351316677,144.93075291592598,-1.7763568394002505e-15,0.0,0.0,8.491199396967154,0.0,0.0,0.0,138.24138561990213,0.0,0.0,0.0,0.0,0.0,0.0
83,20.75,R5Z4,97.63053619982657,0.0,0.0,0.0,0.0,29.023742741701756,45.809289605375945,0.0,16.98239879393431,0.0,0.0,0.0,0.0,0.0,0.0,0.0,0.0,0.0,0.0
83,20.75,R5Z5,99.0266022208028,0.0,0.0,0.0,0.0,7.537061842206068,126.6232790701511,0.0,8.491199396967154,0.0,0.0,0.0,76.05487386456959,0.0,0.0,0.0,0.0,0.0,0.0
83,20.75,R5Z6,171.89037114702128,0.0,0.0,8.400750535003311,139.24100824858866,8.881784197001252e-15,0.0,0.0,16.98239879393431,0.0,0.0,0.0,154.384509744087,0.0,0.0,0.0,0.0,0.0,0.0
83,20.75,R5Z7,65.82185830579786,0.0,0.0,0.0,0.0,10.238053138108443,57.60425913241727,0.0,0.0,0.0,0.0,0.0,83.75913939824609,0.0,0.0,0.0,0.0,0.0,0.0
83,20.75,R5Z8,116.77912633018381,0.0,0.0,14.676240523111645,111.81408003618765,-5.329070518200751e-15,0.0,0.0,8.491199396967154,0.0,0.0,0.0,155.89555717657308,0.0,0.0,0.0,0.0,0.0,0.0
83,20.75,R5Z9,147.859295299444,0.0,0.0,0.0,155.5699247238669,16.770191680991335,5.522000523169794,0.0,0.0,0.0,0.0,0.0,81.22308195916382,0.0,0.0,0.0,0.0,0.0,0.0
83,20.75,R6Z1,133.82011872510915,0.0,135.0,10.39053107538674,45.770282787100925,-1.7763568394002505e-15,0.0,0.0,0.0,0.0,0.0,0.0,0.0,0.0,0.0,625.8796328475446,0.0,0.0,0.0
83,20.75,R6Z2,116.74784989262673,0.0,135.0,0.0,0.0,21.53503691723862,40.531570726244645,0.0,16.98239879393431,0.0,0.0,0.0,132.31478774084283,0.0,0.0,626.4169186939077,0.0,0.0,0.0
83,20.75,R6Z3,92.04762868887234,0.0,0.0,26.024519841203443,123.49665243512763,0.0,0.0,0.0,8.491199396967154,0.0,0.0,0.0,77.9276845047727,0.0,0.0,0.0,0.0,0.0,0.0
83,20.75,R6Z4,83.79834831753507,0.0,0.0,0.0,0.0,14.789085947605804,116.68527822305913,0.0,8.491199396967154,0.0,0.0,0.0,73.89213487607715,0.0,0.0,0.0,0.0,0.0,0.0
83,20.75,R7Z1,71.64891634819368,0.0,135.0,0.0,0.0,15.068994237216419,130.3739427954121,0.0,8.491199396967154,0.0,0.0,0.0,0.0,0.0,0.0,624.8064432704908,0.0,0.0,0.0
83,20.75,R7Z2,79.3716496157554,0.0,135.0,0.0,0.0,10.275246811070382,18.711499228125934,0.0,0.0,0.0,0.0,0.0,157.53231762284008,0.0,0.0,0.0,0.0,0.0,0.0
83,20.75,R7Z3,68.63559700280139,0.0,0.0,2.9370702878699007,121.13668246492695,-3.1086244689504383e-15,0.0,0.0,16.98239879393431,0.0,0.0,0.0,134.53404940025538,0.0,0.0,0.0,0.0,0.0,0.0
83,20.75,R7Z4,113.91935454291472,0.0,0.0,20.589864880323503,88.90926837921816,0.0,0.0,0.0,8.491199396967154,0.0,0.0,0.0,65.64080365769254,0.0,0.0,0.0,0.0,0.0,0.0
83,20.75,R7Z5,145.5201599598375,0.0,0.0,6.96644094649605,155.04994490293413,1.1546319456101628e-14,0.0,0.0,16.98239879393431,0.0,0.0,0.0,0.0,0.0,0.0,0.0,0.0,0.0,0.0
83,20.75,R7Z6,76.09017104562777,0.0,0.0,0.0,0.0,14.944562525626402,21.48929423479629,0.0,16.98239879393431,0.0,0.0,0.0,0.0,0.0,0.0,0.0,0.0,0.0,0.0
83,20.75,R7Z7,103.34272233384887,0.0,0.0,0.0,0.0,8.740349411204932,99.01401316185337,0.0,0.0,0.0,0.0,0.0,65.9353773289996,0.0,0.0,0.0,0.0,0.0,0.0
83,20.75,R7Z8,116.6971086114383,0.0,0.0,0.0,87.14186206956934,20.533515888191573,16.41308606869525,0.0,16.98239879393431,0.0,0.0,0.0,140.0517763503392,0.0,0.0,0.0,0.0,0.0,0.0
83,20.75,R7Z9,109.61525327087395,0.0,0.0,20.920282970112886,28.377324785788538,3.552713678800501e-15,0.0,0.0,16.98239879393431,0.0,0.0,0.0,76.5747148172022,0.0,0.0,0.0,0.0,0.0,0.0
83,20.75,R8Z1,145.50942006929785,0.0,135.0,20.094957726939185,121.26223209140545,-1.4210854715202004e-14,0.0,0.0,8.491199396967154,0.0,0.0,0.0,81.53938535627218,0.0,0.0,626.9546657728555,0.0,0.0,0.0
83,20.75,R8Z2,93.40194077735762,0.0,135.0,0.0,0.0,17.334123061054452,240.0,0.0,8.491199396967154,0.0,0.0,0.0,142.04873275574948,0.0,0.0,0.0,0.0,0.0,0.0
83,20.75,R8Z3,50.14814484192301,0.0,0.0,0.0,0.0,16.6171403664927,111.19123375005442,0.0,8.491199396967154,0.0,0.0,0.0,166.18695089249272,0.0,0.0,0.0,0.0,0.0,0.0
83,20.75,R8Z4,145.17748602425826,0.0,0.0,0.0,59.63822177287787,15.693967553730289,82.36012023274566,0.0,0.0,0.0,0.0,0.0,0.0,0.0,0.0,0.0,0.0,0.0,0.0
83,20.75,R8Z5,87.5114786925786,0.0,0.0,19.072416450339645,74.27101083995184,-7.105427357601002e-15,0.0,0.0,8.491199396967154,0.0,0.0,0.0,82.70333618607978,0.0,0.0,0.0,0.0,0.0,0.0
83,20.75,R8Z6,130.45500884759093,0.0,0.0,7.412946882667342,124.5663825889458,0.0,0.0,0.0,8.491199396967154,0.0,0.0,0.0,0.0,0.0,0.0,0.0,0.0,0.0,0.0
83,20.75,R8Z7,91.89502309327125,0.0,0.0,17.920279654890123,72.07087331088358,-3.552713678800501e-15,0.0,0.0,0.0,0.0,0.0,0.0,76.62326454295805,0.0,0.0,0.0,0.0,0.0,0.0
83,20.75,R8Z8,122.08837664331793,0.0,0.0,0.0,0.0,17.842154356010877,111.08550683623989,0.0,8.491199396967154,0.0,0.0,0.0,81.46705399908238,0.0,0.0,0.0,0.0,0.0,0.0
83,20.75,R9Z1,123.72144425180268,0.0,135.0,0.0,27.246726165058078,4.73105248453384,29.530616380233752,0.0,8.491199396967154,0.0,0.0,0.0,0.0,0.0,0.0,625.8796328475446,0.0,0.0,0.0
83,20.75,R9Z2,138.24995043823327,0.0,135.0,4.396659932902267,93.86586162797099,-6.217248937900877e-15,0.0,0.0,8.491199396967154,0.0,0.0,0.0,72.44416563961929,0.0,0.0,625.8796328475446,0.0,0.0,0.0
83,20.75,R9Z3,138.16646661753273,0.0,0.0,5.5215819485895,50.248833912167356,0.0,0.0,0.0,16.98239879393431,0.0,0.0,0.0,133.1660211419306,0.0,0.0,0.0,0.0,0.0,0.0
83,20.75,R9Z4,124.12080893060885,0.0,0.0,0.0,0.0,15.783212853439494,163.67122776410324,0.0,8.491199396967154,0.0,0.0,0.0,69.84658057245038,0.0,0.0,0.0,0.0,0.0,0.0
83,20.75,R9Z5,78.89514963969943,0.0,0.0,0.9764837963791706,160.5258387216718,6.832896933925672,0.0,0.0,8.491199396967154,0.0,0.0,0.0,145.4732560304677,0.0,0.0,0.0,0.0,0.0,0.0
83,20.75,R9Z6,86.93319462830453,0.0,0.0,8.713689491910554,27.102625082830567,-1.7763568394002505e-15,0.0,0.0,8.491199396967154,0.0,0.0,0.0,154.6710046309992,0.0,0.0,0.0,0.0,0.0,0.0
83,20.75,R9Z7,100.81988410570993,0.0,0.0,14.355456821982841,63.06106429428665,-3.552713678800501e-15,0.0,0.0,0.0,0.0,0.0,0.0,74.12936670114685,0.0,0.0,0.0,0.0,0.0,0.0
83,20.75,R9Z8,142.43051883840775,0.0,0.0,0.0,0.0,13.523474732468417,41.96625449647922,0.0,8.491199396967154,0.0,0.0,0.0,69.2658918329264,0.0,0.0,0.0,0.0,0.0,0.0
83,20.75,R9Z9,97.34493804567579,0.0,0.0,0.0,0.0,8.18112317595622,61.8675288758045,0.0,0.0,0.0,0.0,0.0,157.187216722191,0.0,0.0,0.0,0.0,0.0,0.0
83,20.75,R9Z10,80.88408529688276,0.0,0.0,9.393358784199165,138.4008727011801,-7.105427357601002e-15,0.0,0.0,0.0,0.0,0.0,0.0,0.0,0.0,0.0,0.0,0.0,0.0,0.0
83,20.75,R9Z11,114.4036200837169,0.0,0.0,7.425788996587386,208.96728619843546,1.2434497875801753e-14,0.0,0.0,0.0,0.0,0.0,0.0,155.34704084123155,0.0,0.0,0.0,0.0,0.0,0.0
83,20.75,R10Z1,127.00578164889215,0.0,0.0,0.0,0.0,8.588484304512434,112.67789008297216,0.0,0.0,0.0,0.0,0.0,68.097589252785,0.0,0.0,624.2705387496077,0.0,0.0,0.0
83,20.75,R10Z2,61.50354556574861,0.0,0.0,14.559805389258429,169.4825884604724,-1.4210854715202004e-14,0.0,0.0,0.0,0.0,0.0,0.0,162.17458861207777,0.0,0.0,625.8796328475446,0.0,0.0,0.0
83,20.75,R10Z3,87.9566163145505,0.0,0.0,30.30420252813755,120.2135776725037,-7.105427357601002e-15,0.0,0.0,0.0,0.0,0.0,0.0,77.95650887781677,0.0,0.0,0.0,0.0,0.0,0.0
83,20.75,R10Z4,116.07132610616121,0.0,0.0,9.789997869764186,48.908101984014095,0.0,0.0,0.0,16.98239879393431,0.0,0.0,0.0,79.03941232166545,0.0,0.0,0.0,0.0,0.0,0.0
83,20.75,R10Z5,59.56597547486606,0.0,0.0,5.820337397947014,191.92226846472758,1.2434497875801753e-14,0.0,0.0,16.98239879393431,0.0,0.0,0.0,0.0,0.0,0.0,0.0,0.0,0.0,0.0
83,20.75,R10Z6,123.69396472634534,0.0,0.0,0.0,0.0,17.312389345787807,59.41463756497675,0.0,16.98239879393431,0.0,0.0,0.0,67.05732075970074,0.0,0.0,0.0,0.0,0.0,0.0
83,20.75,R10Z7,114.40410403878239,0.0,0.0,6.369939126107141,209.90931034016003,9.769962616701378e-15,0.0,0.0,16.98239879393431,0.0,0.0,0.0,81.12425080055999,0.0,0.0,0.0,0.0,0.0,0.0
83,20.75,R10Z8,100.1615691213125,0.0,0.0,8.699964637041077,80.0,0.0,0.0,0.0,0.0,0.0,0.0,0.0,78.50123067680835,0.0,0.0,0.0,0.0,0.0,0.0
83,20.75,R10Z9,102.63745160030199,0.0,0.0,0.0,0.0,7.034020519752936,145.8862546286451,0.0,8.491199396967154,0.0,0.0,0.0,0.0,0.0,0.0,0.0,0.0,0.0,0.0
83,20.75,R11Z1,88.4099606121287,0.0,135.0,23.323583981361253,168.77251514285135,7.105427357601002e-15,0.0,0.0,16.98239879393431,0.0,0.0,0.0,153.25425053821365,0.0,0.0,0.0,0.0,0.0,0.0
83,20.75,R11Z2,125.1604411676999,0.0,135.0,0.0,0.0,9.7796152824051,54.48362678929837,0.0,8.491199396967154,0.0,0.0,0.0,67.1215946199036,0.0,0.0,0.0,0.0,0.0,0.0
83,20.75,R11Z3,96.35027805324533,0.0,0.0,0.0,0.0,10.998565608154578,60.360835979606186,0.0,8.491199396967154,0.0,0.0,0.0,0.0,0.0,0.0,0.0,0.0,0.0,0.0
83,20.75,R11Z4,177.94894944138136,0.0,0.0,28.83277285822993,132.5503429331194,-3.552713678800501e-15,0.0,0.0,0.0,0.0,0.0,0.0,77.82240395073909,0.0,0.0,0.0,0.0,0.0,0.0
83,20.75,R11Z5,58.99590339880625,0.0,0.0,0.0,0.0,7.836105873983132,74.0801574693958,0.0,8.491199396967154,0.0,0.0,0.0,85.21161286398885,0.0,0.0,0.0,0.0,0.0,0.0
83,20.75,R11Z6,103.27357063392995,0.0,0.0,0.0,0.0,8.834646001528231,121.31178543599205,0.0,0.0,0.0,0.0,0.0,0.0,0.0,0.0,0.0,0.0,0.0,0.0
83,20.75,R11Z7,107.42491743075168,0.0,0.0,8.137818843954435,113.53743866519251,1.7763568394002505e-15,0.0,0.0,8.491199396967154,0.0,0.0,0.0,0.0,0.0,0.0,0.0,0.0,0.0,0.0
83,20.75,R11Z8,105.1361517251617,0.0,0.0,0.0,113.74801074039615,23.043474390117147,94.93597337428386,0.0,8.491199396967154,0.0,0.0,0.0,153.10607398978883,0.0,0.0,0.0,0.0,0.0,0.0
83,20.75,R12Z1,108.5392177553559,0.0,135.0,0.0,0.0,23.192093966886144,138.05816284871563,0.0,16.98239879393431,0.0,0.0,0.0,132.17179532629908,0.0,0.0,0.0,0.0,0.0,0.0
83,20.75,R12Z2,125.45054006598538,0.0,135.0,8.383520420799272,175.6111122745066,-1.4210854715202004e-14,0.0,0.0,8.491199396967154,0.0,0.0,0.0,84.30739228316256,0.0,0.0,0.0,0.0,0.0,0.0
83,20.75,R12Z3,106.23947358895336,0.0,0.0,0.0,0.0,28.178471829415212,74.25044223234272,0.0,8.491199396967154,0.0,0.0,0.0,152.76513711809778,0.0,0.0,0.0,0.0,0.0,0.0
83,20.75,R12Z4,110.1678609862,0.0,0.0,0.0,28.988484046949253,27.46062728129004,17.550862214836997,0.0,0.0,0.0,0.0,0.0,0.0,0.0,0.0,0.0,0.0,0.0,0.0
83,20.75,R12Z5,89.00133908156657,0.0,0.0,6.931331346369703,47.21052276958403,-1.7763568394002505e-15,0.0,0.0,0.0,0.0,0.0,0.0,144.62554091465753,0.0,0.0,0.0,0.0,0.0,0.0
83,20.75,R12Z6,66.81898006761215,0.0,0.0,0.0,0.0,19.095465742945606,204.057653943561,0.0,0.0,0.0,0.0,0.0,0.0,0.0,0.0,0.0,0.0,0.0,0.0
83,20.75,R12Z7,67.92839707156762,0.0,0.0,24.39156387897158,73.86754419817873,3.552713678800501e-15,0.0,0.0,16.98239879393431,0.0,0.0,0.0,0.0,0.0,0.0,0.0,0.0,0.0,0.0
83,20.75,R12Z8,127.6583601210046,0.0,0.0,0.0,0.0,24.501710119031696,108.92442476762115,0.0,0.0,0.0,0.0,0.0,69.85502866165412,0.0,0.0,0.0,0.0,0.0,0.0
83,20.75,R12Z9,87.37322473299253,0.0,0.0,8.929654982838287,204.05394838765426,-3.552713678800501e-15,0.0,0.0,16.98239879393431,0.0,0.0,0.0,158.49568454453387,0.0,0.0,0.0,0.0,0.0,0.0
84,21.0,R1Z1,53.74314224081045,0.0,0.0,16.171843865659724,151.88424418227265,7.105427357601002e-15,0.0,0.0,48.901101616322414,0.0,0.0,0.0,144.78296829563905,0.0,0.0,566.5619956187192,0.0,0.0,0.0
84,21.0,R1Z2,59.3865209526853,0.0,0.0,6.669930574581258,132.70967240463838,-2.6645352591003757e-15,0.0,0.0,48.901101616322414,0.0,0.0,0.0,200.4074638946155,0.0,0.0,0.0,0.0,0.0,0.0
84,21.0,R1Z3,127.65940202389844,0.0,0.0,22.005625512992424,108.47968609607193,1.4210854715202004e-14,0.0,0.0,24.450550808161207,0.0,0.0,45.239451902881214,188.671239993915,0.0,0.0,0.0,0.0,0.0,0.0
84,21.0,R1Z4,84.98175896354093,0.0,0.0,7.7404880195288115,94.78480354605252,-1.7763568394002505e-15,0.0,0.0,48.901101616322414,0.0,0.0,0.0,0.0,0.0,0.0,0.0,0.0,0.0,0.0
84,21.0,R1Z5,148.85698858968055,0.0,0.0,15.12559564422569,61.93351782071482,3.552713678800501e-15,0.0,0.0,48.901101616322414,0.0,0.0,0.0,0.0,0.0,0.0,0.0,0.0,0.0,0.0
84,21.0,R1Z6,154.47391237222294,0.0,0.0,17.324467011273782,74.309144268726,0.0,0.0,0.0,0.0,0.0,0.0,0.0,100.20373194730774,0.0,0.0,0.0,0.0,0.0,0.0
84,21.0,R1Z7,96.35220611247553,0.0,0.0,6.379236723916634,45.88770322285096,2.6645352591003757e-15,0.0,0.0,24.450550808161207,0.0,0.0,11.267788886632992,97.2805910232479,0.0,0.0,0.0,0.0,0.0,0.0
84,21.0,R1Z8,103.02042356986529,0.0,0.0,7.714172060210899,123.25468717697501,-2.6645352591003757e-15,0.0,0.0,0.0,0.0,0.0,0.0,0.0,0.0,0.0,0.0,0.0,0.0,0.0
84,21.0,R1Z9,129.32512883031552,0.0,0.0,12.355457997504388,71.19151462502063,-3.552713678800501e-15,0.0,0.0,0.0,0.0,0.0,0.0,200.4074638946155,0.0,0.0,0.0,0.0,0.0,0.0
84,21.0,R1Z10,105.2639889947881,0.0,0.0,12.968908528003638,49.960440629448186,3.552713678800501e-15,0.0,0.0,0.0,0.0,0.0,0.0,200.4074638946155,0.0,0.0,0.0,0.0,0.0,0.0
84,21.0,R2Z1,113.97608646641073,0.0,135.0,16.002340106461673,73.2932300363356,0.0,0.0,0.0,0.0,0.0,0.0,0.0,71.23442600442297,0.0,0.0,627.4928744803326,0.0,0.0,0.0
84,21.0,R2Z2,135.5114725112583,0.0,135.0,19.23782689765433,42.47105532764708,-3.552713678800501e-15,0.0,0.0,0.0,0.0,0.0,0.0,76.99210216441361,0.0,0.0,624.2705387496077,0.0,0.0,0.0
84,21.0,R2Z3,131.94835520090012,0.0,0.0,22.527080959355906,59.61524183429301,-3.552713678800501e-15,0.0,0.0,24.450550808161207,0.0,0.0,0.0,66.6475524382714,0.0,0.0,0.0,0.0,0.0,0.0
84,21.0,R2Z4,120.4205432509351,0.0,0.0,0.0,24.528400092740966,5.154130927016426,122.92723373835098,0.0,48.901101616322414,0.0,0.0,0.0,0.0,0.0,0.0,0.0,0.0,0.0,0.0
84,21.0,R2Z5,77.18720719224854,0.0,0.0,5.0240838104554655,133.26029790112386,-8.881784197001252e-16,0.0,0.0,24.450550808161207,0.0,0.0,0.0,0.0,0.0,0.0,0.0,0.0,0.0,0.0
84,21.0,R2Z6,55.48845119089825,0.0,0.0,9.511810704256249,142.3308619743095,1.4210854715202004e-14,0.0,0.0,48.901101616322414,0.0,0.0,0.0,160.91951122564927,0.0,0.0,0.0,0.0,0.0,0.0
84,21.0,R2Z7,98.94518811999781,0.0,0.0,8.117342499999317,45.358168220172445,0.0,0.0,0.0,48.901101616322414,0.0,0.0,0.0,82.22026246823252,0.0,0.0,0.0,0.0,0.0,0.0
84,21.0,R2Z8,108.87945619694099,0.0,0.0,9.951914478731226,67.13380925445824,-3.552713678800501e-15,0.0,0.0,0.0,0.0,0.0,0.0,84.72503589736185,0.0,0.0,0.0,0.0,0.0,0.0
84,21.0,R2Z9,65.90756423194156,0.0,0.0,0.0,0.0,2.2329533515951434,67.99841610424555,0.0,24.450550808161207,0.0,0.0,0.0,77.49093507732756,0.0,0.0,0.0,0.0,0.0,0.0
84,21.0,R3Z1,76.03589498877992,0.0,0.0,10.252487596349972,53.091481224165236,0.0,0.0,0.0,0.0,0.0,0.0,0.0,0.0,0.0,0.0,0.0,0.0,0.0,0.0
84,21.0,R3Z2,106.02677051053794,0.0,0.0,0.0,0.0,26.00715022773694,134.97699335171637,0.0,48.901101616322414,0.0,0.0,0.0,154.35061426973377,0.0,0.0,0.0,0.0,0.0,0.0
84,21.0,R3Z3,118.28445345363694,0.0,0.0,10.463376233591745,65.43086148939975,5.329070518200751e-15,0.0,0.0,24.450550808161207,0.0,0.0,0.0,0.0,0.0,0.0,0.0,0.0,0.0,0.0
84,21.0,R4Z1,137.93934958675706,0.0,135.0,0.0,0.0,3.416411305964518,129.8659500236272,0.0,48.901101616322414,0.0,0.0,0.0,76.36276873684305,0.0,0.0,0.0,0.0,0.0,0.0
84,21.0,R4Z2,135.8910560534773,0.0,0.0,13.530197647334212,45.81071397181174,-1.7763568394002505e-15,0.0,0.0,48.901101616322414,0.0,0.0,0.0,150.95826481737413,0.0,0.0,0.0,0.0,0.0,0.0
84,21.0,R4Z3,118.08359587561763,0.0,0.0,0.0,0.0,11.86507459574456,108.06012168543917,0.0,0.0,0.0,0.0,0.0,0.0,0.0,0.0,0.0,0.0,0.0,0.0
84,21.0,R4Z4,132.3923021855888,0.0,0.0,7.484781282580656,78.2478618761803,-6.217248937900877e-15,0.0,0.0,0.0,0.0,0.0,0.0,0.0,0.0,0.0,0.0,0.0,0.0,0.0
84,21.0,R4Z5,92.98545604495102,0.0,0.0,5.264409034414186,111.45418116022212,6.217248937900877e-15,0.0,0.0,48.901101616322414,0.0,0.0,0.0,0.0,0.0,0.0,0.0,0.0,0.0,0.0
84,21.0,R4Z6,104.21625434349671,0.0,0.0,7.985274231282652,62.21371488486127,-5.329070518200751e-15,0.0,0.0,48.901101616322414,0.0,0.0,0.0,143.67171238834692,0.0,0.0,0.0,0.0,0.0,0.0
84,21.0,R4Z7,143.444005234116,0.0,0.0,0.0,0.0,4.7302630742102005,232.02721855377592,0.0,48.901101616322414,0.0,0.0,0.0,0.0,0.0,0.0,0.0,0.0,0.0,0.0
84,21.0,R4Z8,95.69153602327324,0.0,0.0,0.0,53.85120697588039,4.940533961714093,22.90975178658738,0.0,48.901101616322414,0.0,0.0,0.0,0.0,0.0,0.0,0.0,0.0,0.0,0.0
84,21.0,R4Z9,122.1798223144174,0.0,0.0,9.741703569949493,150.86162806847335,-7.105427357601002e-15,0.0,0.0,0.0,0.0,0.0,0.0,83.1587095873312,0.0,0.0,0.0,0.0,0.0,0.0
84,21.0,R4Z10,88.79159100719562,0.0,0.0,0.33850039934293363,134.79850133912058,-5.551115123125783e-15,0.0,0.0,0.0,0.0,0.0,0.0,84.71579218690239,0.0,0.0,0.0,0.0,0.0,0.0
84,21.0,R4Z11,135.22170330360862,0.0,0.0,0.0,0.0,5.298455603617225,105.73247945150948,0.0,24.450550808161207,0.0,0.0,0.0,78.37379690639798,0.0,0.0,0.0,0.0,0.0,0.0
84,21.0,R5Z1,65.37830246984515,0.0,135.0,0.0,0.0,23.15070689614641,48.79008266234531,0.0,0.0,0.0,0.0,0.0,68.42331905796713,0.0,0.0,0.0,0.0,0.0,0.0
84,21.0,R5Z2,108.6595535550541,0.0,135.0,0.0,0.0,6.148220061047739,71.98826044314013,0.0,24.450550808161207,0.0,0.0,0.0,162.80122664774598,0.0,0.0,0.0,0.0,0.0,0.0
84,21.0,R5Z3,113.01062253344675,0.0,0.0,0.0,0.0,17.46886786991115,137.03425945585113,0.0,24.450550808161207,0.0,0.0,0.0,138.086800318361,0.0,0.0,0.0,0.0,0.0,0.0
84,21.0,R5Z4,93.2859136329124,0.0,0.0,0.0,0.0,18.016277620630945,52.416588790193586,0.0,48.901101616322414,0.0,0.0,0.0,0.0,0.0,0.0,0.0,0.0,0.0,0.0
84,21.0,R5Z5,109.22042971594253,0.0,0.0,0.0,0.0,5.951863369832674,93.6833251182619,0.0,24.450550808161207,0.0,0.0,0.0,75.96982722273144,0.0,0.0,0.0,0.0,0.0,0.0
84,21.0,R5Z6,175.67479219153128,0.0,0.0,5.401905032910605,147.21335816028204,-6.217248937900877e-15,0.0,0.0,48.901101616322414,0.0,0.0,0.0,154.21187275925755,0.0,0.0,0.0,0.0,0.0,0.0
84,21.0,R5Z7,88.98030828660379,0.0,0.0,14.169654526856974,56.98887270600994,-1.7763568394002505e-15,0.0,0.0,0.0,0.0,0.0,0.0,83.66547763579601,0.0,0.0,0.0,0.0,0.0,0.0
84,21.0,R5Z8,110.50323118792959,0.0,0.0,0.0,91.69941482106196,17.11662508374949,17.207434521166277,0.0,24.450550808161207,0.0,0.0,0.0,155.72123049714205,0.0,0.0,0.0,0.0,0.0,0.0
84,21.0,R5Z9,131.2854023524159,0.0,0.0,16.65972419693267,207.1905666687806,1.0658141036401503e-14,0.0,0.0,0.0,0.0,0.0,0.0,81.13225608556272,0.0,0.0,0.0,0.0,0.0,0.0
84,21.0,R6Z1,153.21618311781992,0.0,135.0,0.0,0.0,9.41626879230656,46.57919299738162,0.0,0.0,0.0,0.0,0.0,0.0,0.0,0.0,625.3428078381609,0.0,0.0,0.0
84,21.0,R6Z2,138.78117260987625,0.0,135.0,0.0,0.0,3.693349718199817,40.646367177258966,0.0,48.901101616322414,0.0,0.0,0.0,132.16682972328138,0.0,0.0,625.8796328475446,0.0,0.0,0.0
84,21.0,R6Z3,87.0784696616082,0.0,0.0,18.385829518124865,98.3101101896006,3.552713678800501e-15,0.0,0.0,24.450550808161207,0.0,0.0,0.0,77.84054363481141,0.0,0.0,0.0,0.0,0.0,0.0
84,21.0,R6Z4,114.35166420350892,0.0,0.0,0.0,0.0,9.632640314352159,92.93531388239873,0.0,24.450550808161207,0.0,0.0,0.0,73.80950666817753,0.0,0.0,0.0,0.0,0.0,0.0
84,21.0,R7Z1,59.89610885321464,0.0,135.0,16.375786534353324,144.3471869010066,3.552713678800501e-15,0.0,0.0,24.450550808161207,0.0,0.0,0.0,0.0,0.0,0.0,624.2705387496077,0.0,0.0,0.0
84,21.0,R7Z2,75.69515918962507,0.0,135.0,0.0,0.0,0.0,40.14098691751553,0.0,0.0,0.0,0.0,0.0,157.3561606730743,0.0,0.0,0.0,0.0,0.0,0.0
84,21.0,R7Z3,60.513399306691205,0.0,0.0,6.629766278591987,56.866004298605375,1.7763568394002505e-15,0.0,0.0,48.901101616322414,0.0,0.0,0.0,134.38360974355757,0.0,0.0,0.0,0.0,0.0,0.0
84,21.0,R7Z4,111.34099431182406,0.0,0.0,27.98229266330989,122.84843873535627,7.105427357601002e-15,0.0,0.0,24.450550808161207,0.0,0.0,0.0,65.56740231422856,0.0,0.0,0.0,0.0,0.0,0.0
84,21.0,R7Z5,102.83871473118063,0.0,0.0,0.0,0.0,2.556536086343452,123.67125243813034,0.0,48.901101616322414,0.0,0.0,0.0,0.0,0.0,0.0,0.0,0.0,0.0,0.0
84,21.0,R7Z6,62.525762555036856,0.0,0.0,0.0,36.6262373039331,12.61668570699257,47.34075451071457,0.0,48.901101616322414,0.0,0.0,0.0,0.0,0.0,0.0,0.0,0.0,0.0,0.0
84,21.0,R7Z7,111.24286537419657,0.0,0.0,0.0,0.0,2.1691307066749808,97.35301930458019,0.0,0.0,0.0,0.0,0.0,65.86164658519286,0.0,0.0,0.0,0.0,0.0,0.0
84,21.0,R7Z8,107.83782952275907,0.0,0.0,26.366912318166897,88.74206691970909,7.105427357601002e-15,0.0,0.0,48.901101616322414,0.0,0.0,0.0,139.8951666203267,0.0,0.0,0.0,0.0,0.0,0.0
84,21.0,R7Z9,110.2225825125801,0.0,0.0,4.08065222614502,57.215204967220494,1.7763568394002505e-15,0.0,0.0,48.901101616322414,0.0,0.0,0.0,76.48908687498098,0.0,0.0,0.0,0.0,0.0,0.0
84,21.0,R8Z1,156.20908988927263,0.0,135.0,0.0,0.0,9.578195861242504,160.0,0.0,24.450550808161207,0.0,0.0,0.0,81.4482057835541,0.0,0.0,626.4169186939077,0.0,0.0,0.0
84,21.0,R8Z2,85.64279125059106,0.0,135.0,0.0,0.0,19.44109035447202,240.0,0.0,24.450550808161207,0.0,0.0,0.0,141.8898899744209,0.0,0.0,0.0,0.0,0.0,0.0
84,21.0,R8Z3,58.562923907180135,0.0,0.0,0.0,0.0,15.506602282915203,107.1625749370567,0.0,24.450550808161207,0.0,0.0,0.0,166.0011160948978,0.0,0.0,0.0,0.0,0.0,0.0
84,21.0,R8Z4,161.07306764505213,0.0,0.0,21.704717807089793,160.0,-1.0658141036401503e-14,0.0,0.0,0.0,0.0,0.0,0.0,0.0,0.0,0.0,0.0,0.0,0.0,0.0
84,21.0,R8Z5,79.79294267101312,0.0,0.0,0.0,54.16881482267382,11.305255576842397,92.93603167750501,0.0,24.450550808161207,0.0,0.0,0.0,82.61085505168249,0.0,0.0,0.0,0.0,0.0,0.0
84,21.0,R8Z6,141.8112429483843,0.0,0.0,0.0,0.0,5.695236978061283,160.0,0.0,24.450550808161207,0.0,0.0,0.0,0.0,0.0,0.0,0.0,0.0,0.0,0.0
84,21.0,R8Z7,52.71052950800034,0.0,0.0,29.271455769820456,49.55918297053089,3.552713678800501e-15,0.0,0.0,0.0,0.0,0.0,0.0,76.53758231110452,0.0,0.0,0.0,0.0,0.0,0.0
84,21.0,R8Z8,120.02106389303992,0.0,0.0,0.0,0.0,21.51456570695402,196.69300058509322,0.0,24.450550808161207,0.0,0.0,0.0,81.37595530926788,0.0,0.0,0.0,0.0,0.0,0.0
84,21.0,R9Z1,126.52099802379415,0.0,135.0,2.7660720534512535,43.63172050203532,-1.7763568394002505e-15,0.0,0.0,24.450550808161207,0.0,0.0,0.0,0.0,0.0,0.0,625.3428078381609,0.0,0.0,0.0
84,21.0,R9Z2,125.67542367560549,0.0,135.0,4.933642521624364,138.37393313760907,-2.6645352591003757e-15,0.0,0.0,24.450550808161207,0.0,0.0,0.0,72.36315659055575,0.0,0.0,625.3428078381609,0.0,0.0,0.0
84,21.0,R9Z3,153.9067210451274,0.0,0.0,0.0,0.0,8.210277815393919,60.319920796522226,0.0,48.901101616322414,0.0,0.0,0.0,133.01711125187887,0.0,0.0,0.0,0.0,0.0,0.0
84,21.0,R9Z4,119.09818616831471,0.0,0.0,14.584324704584532,199.4633264755454,7.105427357601002e-15,0.0,0.0,24.450550808161207,0.0,0.0,0.0,69.76847621411376,0.0,0.0,0.0,0.0,0.0,0.0
84,21.0,R9Z5,75.83247191936141,0.0,0.0,0.0,20.113117457277042,7.850293914347193,215.94473640188517,0.0,24.450550808161207,0.0,0.0,0.0,145.31058385347242,0.0,0.0,0.0,0.0,0.0,0.0
84,21.0,R9Z6,94.78327233181909,0.0,0.0,6.58455258999583,50.08829357709942,8.881784197001252e-16,0.0,0.0,24.450550808161207,0.0,0.0,0.0,154.49804727974484,0.0,0.0,0.0,0.0,0.0,0.0
84,21.0,R9Z7,99.14968994575472,0.0,0.0,26.276083899400316,21.22348572173509,-3.552713678800501e-15,0.0,0.0,0.0,0.0,0.0,0.0,74.04647321412656,0.0,0.0,0.0,0.0,0.0,0.0
84,21.0,R9Z8,162.48642312530765,0.0,0.0,0.0,0.0,10.538181827783118,49.715409041948575,0.0,24.450550808161207,0.0,0.0,0.0,69.18843681663377,0.0,0.0,0.0,0.0,0.0,0.0
84,21.0,R9Z9,78.75206368181095,0.0,0.0,0.0,0.0,12.527900929509535,43.74246275848723,0.0,0.0,0.0,0.0,0.0,157.01144567369892,0.0,0.0,0.0,0.0,0.0,0.0
84,21.0,R9Z10,79.04051260609275,0.0,0.0,6.7070238184368804,190.57421597085843,-8.881784197001252e-15,0.0,0.0,0.0,0.0,0.0,0.0,0.0,0.0,0.0,0.0,0.0,0.0,0.0
84,21.0,R9Z11,110.8786766577048,0.0,0.0,3.230571147814004,84.41552460623552,-4.440892098500626e-15,0.0,0.0,0.0,0.0,0.0,0.0,155.1733275277815,0.0,0.0,0.0,0.0,0.0,0.0
84,21.0,R10Z1,145.43932605185228,0.0,0.0,0.0,0.0,5.954041830225726,154.53902827959357,0.0,0.0,0.0,0.0,0.0,68.02144066441794,0.0,0.0,623.7350938809234,0.0,0.0,0.0
84,21.0,R10Z2,79.51760076122471,0.0,0.0,15.355248822904997,150.55684458261527,-1.0658141036401503e-14,0.0,0.0,0.0,0.0,0.0,0.0,161.99324054781692,0.0,0.0,625.3428078381609,0.0,0.0,0.0
84,21.0,R10Z3,115.32621165666644,0.0,0.0,0.0,27.325716017260035,22.68609468703458,78.96003771220546,0.0,0.0,0.0,0.0,0.0,77.86933577565254,0.0,0.0,0.0,0.0,0.0,0.0
84,21.0,R10Z4,113.37175705045676,0.0,0.0,0.0,0.0,6.913554693021744,60.401279912686675,0.0,48.901101616322414,0.0,0.0,0.0,78.95102828722752,0.0,0.0,0.0,0.0,0.0,0.0
84,21.0,R10Z5,51.06673109218252,0.0,0.0,0.0,0.0,10.639300115423234,76.42986407396673,0.0,48.901101616322414,0.0,0.0,0.0,0.0,0.0,0.0,0.0,0.0,0.0,0.0
84,21.0,R10Z6,122.03439247890674,0.0,0.0,0.0,0.0,16.51463835216107,70.88474168726842,0.0,48.901101616322414,0.0,0.0,0.0,66.98233542803834,0.0,0.0,0.0,0.0,0.0,0.0
84,21.0,R10Z7,136.59154222243134,0.0,0.0,8.357703254980947,161.64030947131766,-7.105427357601002e-15,0.0,0.0,48.901101616322414,0.0,0.0,0.0,81.0335354426658,0.0,0.0,0.0,0.0,0.0,0.0
84,21.0,R10Z8,101.68872161373118,0.0,0.0,0.0,0.0,7.519528633666846,25.640639159985234,0.0,0.0,0.0,0.0,0.0,78.41344845181757,0.0,0.0,0.0,0.0,0.0,0.0
84,21.0,R10Z9,95.71037604795602,0.0,0.0,7.02039804844425,93.03205904236205,4.440892098500626e-15,0.0,0.0,24.450550808161207,0.0,0.0,0.0,0.0,0.0,0.0,0.0,0.0,0.0,0.0
84,21.0,R11Z1,89.63923457267954,0.0,135.0,0.0,100.27174060944185,18.110045882771583,62.071192791955184,0.0,48.901101616322414,0.0,0.0,0.0,153.08287744016727,0.0,0.0,0.0,0.0,0.0,0.0
84,21.0,R11Z2,114.30982159271063,0.0,135.0,11.762203083869608,60.86527890178236,0.0,0.0,0.0,24.450550808161207,0.0,0.0,0.0,67.04653741545133,0.0,0.0,0.0,0.0,0.0,0.0
84,21.0,R11Z3,95.45212708360405,0.0,0.0,7.602050394501205,56.14612639630563,-2.6645352591003757e-15,0.0,0.0,24.450550808161207,0.0,0.0,0.0,0.0,0.0,0.0,0.0,0.0,0.0,0.0
84,21.0,R11Z4,178.63085065039058,0.0,0.0,0.0,0.0,28.254233716416174,181.0773042864649,0.0,0.0,0.0,0.0,0.0,77.73538080837521,0.0,0.0,0.0,0.0,0.0,0.0
84,21.0,R11Z5,55.35019744473871,0.0,0.0,4.437635494376757,48.1061981963549,0.0,0.0,0.0,24.450550808161207,0.0,0.0,0.0,85.11632690595019,0.0,0.0,0.0,0.0,0.0,0.0
84,21.0,R11Z6,114.95485424801409,0.0,0.0,9.354640710597621,109.22364160135274,5.329070518200751e-15,0.0,0.0,0.0,0.0,0.0,0.0,0.0,0.0,0.0,0.0,0.0,0.0,0.0
84,21.0,R11Z7,106.36539141654681,0.0,0.0,0.0,0.0,10.071303554081014,141.13443407272266,0.0,24.450550808161207,0.0,0.0,0.0,0.0,0.0,0.0,0.0,0.0,0.0,0.0
84,21.0,R11Z8,103.81949685077878,0.0,0.0,0.0,103.54183261342418,14.710074217568735,115.9076616357775,0.0,24.450550808161207,0.0,0.0,0.0,152.934866586815,0.0,0.0,0.0,0.0,0.0,0.0
84,21.0,R12Z1,107.52689508002837,0.0,135.0,0.0,0.0,20.88868448439924,136.52562859256201,0.0,48.901101616322414,0.0,0.0,0.0,132.02399720676976,0.0,0.0,0.0,0.0,0.0,0.0
84,21.0,R12Z2,119.68972039270493,0.0,135.0,10.118292218323518,172.84890132838143,1.2434497875801753e-14,0.0,0.0,24.450550808161207,0.0,0.0,0.0,84.21311744932899,0.0,0.0,0.0,0.0,0.0,0.0
84,21.0,R12Z3,114.62646346332556,0.0,0.0,0.0,0.0,19.197610523752058,44.742716558841536,0.0,24.450550808161207,0.0,0.0,0.0,152.59431096006648,0.0,0.0,0.0,0.0,0.0,0.0
84,21.0,R12Z4,111.99756519622844,0.0,0.0,0.0,0.0,36.3152886508812,41.62545142630179,0.0,0.0,0.0,0.0,0.0,0.0,0.0,0.0,0.0,0.0,0.0,0.0
84,21.0,R12Z5,99.75025299457734,0.0,0.0,0.0,0.0,7.287315903687686,109.22896521191373,0.0,0.0,0.0,0.0,0.0,144.4638166759096,0.0,0.0,0.0,0.0,0.0,0.0
84,21.0,R12Z6,86.97417939480455,0.0,0.0,0.0,50.95521559529489,20.22807567894906,69.74501365414896,0.0,0.0,0.0,0.0,0.0,0.0,0.0,0.0,0.0,0.0,0.0,0.0
84,21.0,R12Z7,64.42748428928742,0.0,0.0,28.942455658438945,97.75867413066209,3.552713678800501e-15,0.0,0.0,48.901101616322414,0.0,0.0,0.0,0.0,0.0,0.0,0.0,0.0,0.0,0.0
84,21.0,R12Z8,109.27509465344802,0.0,0.0,0.0,0.0,19.14249334360298,119.30160010495439,0.0,0.0,0.0,0.0,0.0,69.77691485643291,0.0,0.0,0.0,0.0,0.0,0.0
84,21.0,R12Z9,100.77176196095607,0.0,0.0,10.635408826550872,158.91970464635938,1.4210854715202004e-14,0.0,0.0,48.901101616322414,0.0,0.0,0.0,158.3184503315056,0.0,0.0,0.0,0.0,0.0,0.0
85,21.25,R1Z1,47.43254311570148,0.0,0.0,0.9059781097313078,132.25528540757043,-1.2212453270876722e-14,0.0,0.0,46.23595907520773,0.0,0.0,0.0,144.62106801728436,0.0,0.0,566.076048109562,0.0,0.0,0.0
85,21.25,R1Z2,52.33477315779542,0.0,0.0,12.760400108649918,211.9753278666017,3.552713678800501e-15,0.0,0.0,46.23595907520773,0.0,0.0,0.0,200.18336278264877,0.0,0.0,0.0,0.0,0.0,0.0
85,21.25,R1Z3,132.7714558369786,0.0,0.0,31.86638102961625,74.03211125554228,3.552713678800501e-15,0.0,0.0,23.117979537603865,0.0,0.0,0.0,188.46026264877477,0.0,0.0,0.0,0.0,0.0,0.0
85,21.25,R1Z4,96.4590895831948,0.0,0.0,5.069474946778428,135.60992498968778,7.105427357601002e-15,0.0,0.0,46.23595907520773,0.0,0.0,0.0,0.0,0.0,0.0,0.0,0.0,0.0,0.0
85,21.25,R1Z5,148.79496635794152,0.0,0.0,13.154783075679163,44.53762057058019,1.7763568394002505e-15,0.0,0.0,46.23595907520773,0.0,0.0,0.0,0.0,0.0,0.0,0.0,0.0,0.0,0.0
85,21.25,R1Z6,145.44420854794618,0.0,0.0,0.0,76.01086436683597,0.0,0.0,0.0,0.0,0.0,0.0,0.0,100.09168139132439,0.0,0.0,0.0,0.0,0.0,0.0
85,21.25,R1Z7,94.75857564803748,0.0,0.0,10.76074094748624,43.3993959878905,3.552713678800501e-15,0.0,0.0,23.117979537603865,0.0,0.0,28.850824967674654,89.68719727077467,0.0,0.0,0.0,0.0,0.0,0.0
85,21.25,R1Z8,102.96312375805371,0.0,0.0,4.362604397295641,80.661364257585,2.6645352591003757e-15,0.0,0.0,0.0,0.0,0.0,0.0,0.0,0.0,0.0,0.0,0.0,0.0,0.0
85,21.25,R1Z9,128.92553698981624,0.0,0.0,13.635091924843124,158.40230590328756,-7.105427357601002e-15,0.0,0.0,0.0,0.0,0.0,0.0,200.18336278264877,0.0,0.0,0.0,0.0,0.0,0.0
85,21.25,R1Z10,84.19982727577356,0.0,0.0,16.583247667641103,58.393845645546236,-7.105427357601002e-15,0.0,0.0,0.0,0.0,0.0,0.0,200.18336278264877,0.0,0.0,0.0,0.0,0.0,0.0
85,21.25,R2Z1,117.61685808560759,0.0,135.0,26.202430988900588,120.05025547127359,1.4210854715202004e-14,0.0,0.0,0.0,0.0,0.0,0.0,71.15476971933423,0.0,0.0,626.9546657728555,0.0,0.0,0.0
85,21.25,R2Z2,134.95281669585066,0.0,135.0,0.0,0.0,0.5509342914202965,50.49856297166612,0.0,0.0,0.0,0.0,0.0,76.90600748823542,0.0,0.0,623.7350938809234,0.0,0.0,0.0
85,21.25,R2Z3,142.70021554726543,0.0,0.0,9.673795928709197,41.277567859157074,0.0,0.0,0.0,23.117979537603865,0.0,0.0,0.0,66.57302532076281,0.0,0.0,0.0,0.0,0.0,0.0
85,21.25,R2Z4,93.1444993905584,0.0,0.0,0.0,0.0,2.4700133794701564,164.99585619780498,0.0,46.23595907520773,0.0,0.0,0.0,0.0,0.0,0.0,0.0,0.0,0.0,0.0
85,21.25,R2Z5,77.50712447893633,0.0,0.0,2.9878279391949576,60.41376946545835,4.440892098500626e-16,0.0,0.0,23.117979537603865,0.0,0.0,0.0,0.0,0.0,0.0,0.0,0.0,0.0,0.0
85,21.25,R2Z6,63.21094211544142,0.0,0.0,0.0,0.0,10.191670376299935,154.42187699859582,0.0,46.23595907520773,0.0,0.0,0.0,160.73956662327774,0.0,0.0,0.0,0.0,0.0,0.0
85,21.25,R2Z7,94.33051407781431,0.0,0.0,0.0,0.0,6.920663814386952,39.79639426224892,0.0,46.23595907520773,0.0,0.0,0.0,82.12832152008993,0.0,0.0,0.0,0.0,0.0,0.0
85,21.25,R2Z8,88.23873091770328,0.0,0.0,5.925605852908703,41.88981313457575,-2.6645352591003757e-15,0.0,0.0,0.0,0.0,0.0,0.0,84.63029404300656,0.0,0.0,0.0,0.0,0.0,0.0
85,21.25,R2Z9,62.92719586529839,0.0,0.0,4.861442283578867,195.50160811163659,1.0658141036401503e-14,0.0,0.0,23.117979537603865,0.0,0.0,0.0,77.40428259253137,0.0,0.0,0.0,0.0,0.0,0.0
85,21.25,R3Z1,111.34388905148774,0.0,0.0,38.34317961564655,43.238219980260965,0.0,0.0,0.0,0.0,0.0,0.0,0.0,0.0,0.0,0.0,0.0,0.0,0.0,0.0
85,21.25,R3Z2,113.05105097556746,0.0,0.0,0.0,21.85645399660899,19.19046028249739,60.53020180677872,0.0,46.23595907520773,0.0,0.0,0.0,154.17801518775156,0.0,0.0,0.0,0.0,0.0,0.0
85,21.25,R3Z3,110.1936640676946,0.0,0.0,3.579343674074053,46.00043251599498,2.6645352591003757e-15,0.0,0.0,23.117979537603865,0.0,0.0,0.0,0.0,0.0,0.0,0.0,0.0,0.0,0.0
85,21.25,R4Z1,131.31104424613505,0.0,135.0,2.973805567176896,118.22053137631994,-2.6645352591003757e-15,0.0,0.0,46.23595907520773,0.0,0.0,0.0,76.27737779853058,0.0,0.0,0.0,0.0,0.0,0.0
85,21.25,R4Z2,154.93379865692646,0.0,0.0,11.97501667535279,53.97925674951448,-5.329070518200751e-15,0.0,0.0,46.23595907520773,0.0,0.0,0.0,150.7894591534098,0.0,0.0,0.0,0.0,0.0,0.0
85,21.25,R4Z3,100.25260574084402,0.0,0.0,0.0,0.0,10.434225617910743,144.48208765980874,0.0,0.0,0.0,0.0,0.0,0.0,0.0,0.0,0.0,0.0,0.0,0.0
85,21.25,R4Z4,126.1094604723031,0.0,0.0,1.040306784649438,52.17348574540209,0.0,0.0,0.0,0.0,0.0,0.0,0.0,0.0,0.0,0.0,0.0,0.0,0.0,0.0
85,21.25,R4Z5,105.31408543637379,0.0,0.0,6.953155422359771,129.4155437500112,1.3322676295501878e-14,0.0,0.0,46.23595907520773,0.0,0.0,0.0,0.0,0.0,0.0,0.0,0.0,0.0,0.0
85,21.25,R4Z6,95.25989559731956,0.0,0.0,10.19618439514226,40.90990690477413,0.0,0.0,0.0,46.23595907520773,0.0,0.0,0.0,143.5110547467667,0.0,0.0,0.0,0.0,0.0,0.0
85,21.25,R4Z7,122.38870312122683,0.0,0.0,9.154224583415072,154.6884894330099,-1.0658141036401503e-14,0.0,0.0,46.23595907520773,0.0,0.0,0.0,0.0,0.0,0.0,0.0,0.0,0.0,0.0
85,21.25,R4Z8,102.45130102084941,0.0,0.0,6.325801009738875,54.92666043648299,0.0,0.0,0.0,46.23595907520773,0.0,0.0,0.0,0.0,0.0,0.0,0.0,0.0,0.0,0.0
85,21.25,R4Z9,106.75643891717763,0.0,0.0,5.480774407547244,150.4114022803258,1.1546319456101628e-14,0.0,0.0,0.0,0.0,0.0,0.0,83.0657192419315,0.0,0.0,0.0,0.0,0.0,0.0
85,21.25,R4Z10,99.86092052649064,0.0,0.0,0.0,0.0,3.0707831152317455,214.40413698200075,0.0,0.0,0.0,0.0,0.0,84.62106066911717,0.0,0.0,0.0,0.0,0.0,0.0
85,21.25,R4Z11,157.9731152691004,0.0,0.0,0.0,58.253089494673674,1.001931312194503,30.451595808205,0.0,23.117979537603865,0.0,0.0,0.0,78.28615718133757,0.0,0.0,0.0,0.0,0.0,0.0
85,21.25,R5Z1,58.10218369906377,0.0,135.0,0.0,0.0,24.340133805649465,52.195688537531886,0.0,0.0,0.0,0.0,0.0,68.34680622961555,0.0,0.0,0.0,0.0,0.0,0.0
85,21.25,R5Z2,83.75813675850291,0.0,135.0,0.0,0.0,8.010401176448147,48.561538564928924,0.0,23.117979537603865,0.0,0.0,0.0,162.61917785968046,0.0,0.0,0.0,0.0,0.0,0.0
85,21.25,R5Z3,137.6838970103602,0.0,0.0,0.0,0.0,21.787490620897767,166.35884925185786,0.0,23.117979537603865,0.0,0.0,0.0,137.93238787833562,0.0,0.0,0.0,0.0,0.0,0.0
85,21.25,R5Z4,96.47598085904256,0.0,0.0,22.05095180508139,59.8449547860778,7.105427357601002e-15,0.0,0.0,46.23595907520773,0.0,0.0,0.0,0.0,0.0,0.0,0.0,0.0,0.0,0.0
85,21.25,R5Z5,91.66417567077808,0.0,0.0,0.0,67.72695668436623,6.597469925183742,44.9381360290228,0.0,23.117979537603865,0.0,0.0,0.0,75.8848756823762,0.0,0.0,0.0,0.0,0.0,0.0
85,21.25,R5Z6,142.01811184150284,0.0,0.0,7.033794168560149,89.61763079534917,1.7763568394002505e-15,0.0,0.0,46.23595907520773,0.0,0.0,0.0,154.03942882183017,0.0,0.0,0.0,0.0,0.0,0.0
85,21.25,R5Z7,92.17696990722357,0.0,0.0,0.0,0.0,15.937787998811414,53.33614391770739,0.0,0.0,0.0,0.0,0.0,83.57192060849253,0.0,0.0,0.0,0.0,0.0,0.0
85,21.25,R5Z8,133.42910437226232,0.0,0.0,0.0,0.0,14.005290224576132,141.06690260678832,0.0,23.117979537603865,0.0,0.0,0.0,155.54709875457587,0.0,0.0,0.0,0.0,0.0,0.0
85,21.25,R5Z9,106.8076721804372,0.0,0.0,22.53759535933827,218.36051239956953,3.552713678800501e-15,0.0,0.0,0.0,0.0,0.0,0.0,81.04153177593967,0.0,0.0,0.0,0.0,0.0,0.0
85,21.25,R6Z1,153.7247016574483,0.0,135.0,0.0,0.0,12.658695240701133,35.68178319167954,0.0,0.0,0.0,0.0,0.0,0.0,0.0,0.0,624.8064432704908,0.0,0.0,0.0
85,21.25,R6Z2,117.32914550294642,0.0,135.0,0.0,0.0,6.0867082281916876,33.29060103650862,0.0,46.23595907520773,0.0,0.0,0.0,132.0190371564253,0.0,0.0,625.3428078381609,0.0,0.0,0.0
85,21.25,R6Z3,67.04558883627625,0.0,0.0,0.0,0.0,10.947612734725071,129.95010770477947,0.0,23.117979537603865,0.0,0.0,0.0,77.75350020815628,0.0,0.0,0.0,0.0,0.0,0.0
85,21.25,R6Z4,74.57723223970065,0.0,0.0,2.446254144859239,194.67531314522057,1.3766765505351941e-14,0.0,0.0,23.117979537603865,0.0,0.0,0.0,73.72697085740178,0.0,0.0,0.0,0.0,0.0,0.0
85,21.25,R7Z1,71.2292610958063,0.0,135.0,0.0,161.4627612700898,2.8062738849785753,24.519874342078253,0.0,23.117979537603865,0.0,0.0,0.0,0.0,0.0,0.0,623.7350938809234,0.0,0.0,0.0
85,21.25,R7Z2,64.70451245571533,0.0,135.0,0.0,0.0,11.819095839005373,62.2847288150275,0.0,0.0,0.0,0.0,0.0,157.18020070683176,0.0,0.0,0.0,0.0,0.0,0.0
85,21.25,R7Z3,59.94458042855596,0.0,0.0,7.819611188757051,108.057557246035,3.552713678800501e-15,0.0,0.0,46.23595907520773,0.0,0.0,0.0,134.23333831260197,0.0,0.0,0.0,0.0,0.0,0.0
85,21.25,R7Z4,106.78787746327366,0.0,0.0,0.0,0.0,23.116993183773168,113.72596614031396,0.0,23.117979537603865,0.0,0.0,0.0,65.49408305015608,0.0,0.0,0.0,0.0,0.0,0.0
85,21.25,R7Z5,130.93293140680578,0.0,0.0,0.0,0.0,6.707955415507236,143.38344569364253,0.0,46.23595907520773,0.0,0.0,0.0,0.0,0.0,0.0,0.0,0.0,0.0,0.0
85,21.25,R7Z6,65.62251413207667,0.0,0.0,0.0,0.0,6.806143490588391,135.16241528923115,0.0,46.23595907520773,0.0,0.0,0.0,0.0,0.0,0.0,0.0,0.0,0.0,0.0
85,21.25,R7Z7,89.47727021388364,0.0,0.0,0.0,0.0,7.960371527233899,132.56111932650992,0.0,0.0,0.0,0.0,0.0,65.78799828912211,0.0,0.0,0.0,0.0,0.0,0.0
85,21.25,R7Z8,88.63866517184567,0.0,0.0,2.3255375870124055,99.69210490865973,5.773159728050814e-15,0.0,0.0,46.23595907520773,0.0,0.0,0.0,139.73873201560124,0.0,0.0,0.0,0.0,0.0,0.0
85,21.25,R7Z9,108.83575525779266,0.0,0.0,0.0,61.85696625705597,15.699453986491399,47.18221622377156,0.0,46.23595907520773,0.0,0.0,0.0,76.40355468426868,0.0,0.0,0.0,0.0,0.0,0.0
85,21.25,R8Z1,118.70374153984712,0.0,135.0,0.0,0.0,12.356729109331237,146.2644238105126,0.0,23.117979537603865,0.0,0.0,0.0,81.35712817033014,0.0,0.0,625.8796328475446,0.0,0.0,0.0
85,21.25,R8Z2,89.96352822466079,0.0,135.0,0.0,110.7898997438154,15.693398650553373,90.06743406751198,0.0,23.117979537603865,0.0,0.0,0.0,141.73122481543848,0.0,0.0,0.0,0.0,0.0,0.0
85,21.25,R8Z3,56.83115557343195,0.0,0.0,0.0,0.0,9.397113290556835,114.56048429970639,0.0,23.117979537603865,0.0,0.0,0.0,165.8154891028605,0.0,0.0,0.0,0.0,0.0,0.0
85,21.25,R8Z4,143.27320395776593,0.0,0.0,0.0,64.4128427509878,21.663038336161385,75.92463175030556,0.0,0.0,0.0,0.0,0.0,0.0,0.0,0.0,0.0,0.0,0.0,0.0
85,21.25,R8Z5,75.1547509825026,0.0,0.0,0.0,0.0,12.307861966360191,111.5465567001548,0.0,23.117979537603865,0.0,0.0,0.0,82.51847733222121,0.0,0.0,0.0,0.0,0.0,0.0
85,21.25,R8Z6,147.98174626880225,0.0,0.0,0.0,0.0,4.5980794407639785,141.42766135790853,0.0,23.117979537603865,0.0,0.0,0.0,0.0,0.0,0.0,0.0,0.0,0.0,0.0
85,21.25,R8Z7,80.2654894613021,0.0,0.0,15.598322048808427,61.5088121711309,7.105427357601002e-15,0.0,0.0,0.0,0.0,0.0,0.0,76.45199589146806,0.0,0.0,0.0,0.0,0.0,0.0
85,21.25,R8Z8,116.65500833878465,0.0,0.0,14.942401450835291,152.8684689558964,5.329070518200751e-15,0.0,0.0,23.117979537603865,0.0,0.0,0.0,81.28495848850201,0.0,0.0,0.0,0.0,0.0,0.0
85,21.25,R9Z1,119.8465991941247,0.0,135.0,2.0575624287381373,50.079303948323634,2.6645352591003757e-15,0.0,0.0,23.117979537603865,0.0,0.0,0.0,0.0,0.0,0.0,624.8064432704908,0.0,0.0,0.0
85,21.25,R9Z2,132.6523591499433,0.0,135.0,0.0,0.0,3.497158216558307,54.27114075889335,0.0,23.117979537603865,0.0,0.0,0.0,72.28223812802835,0.0,0.0,624.8064432704908,0.0,0.0,0.0
85,21.25,R9Z3,128.55211463491477,0.0,0.0,0.0,0.0,9.561317941180102,30.625529984531017,0.0,46.23595907520773,0.0,0.0,0.0,132.8683678769424,0.0,0.0,0.0,0.0,0.0,0.0
85,21.25,R9Z4,120.57395051731118,0.0,0.0,9.121486186210518,150.25115291751973,0.0,0.0,0.0,23.117979537603865,0.0,0.0,0.0,69.69045919420861,0.0,0.0,0.0,0.0,0.0,0.0
85,21.25,R9Z5,81.36145626683016,0.0,0.0,0.0,108.18692039800692,10.816255648880478,108.24198482981558,0.0,23.117979537603865,0.0,0.0,0.0,145.14809358095832,0.0,0.0,0.0,0.0,0.0,0.0
85,21.25,R9Z6,82.52314778341189,0.0,0.0,2.9281639054507593,61.414250964004154,-3.9968028886505635e-15,0.0,0.0,23.117979537603865,0.0,0.0,0.0,154.32528333413512,0.0,0.0,0.0,0.0,0.0,0.0
85,21.25,R9Z7,89.62442187896387,0.0,0.0,23.71080695860175,62.86530386803564,0.0,0.0,0.0,0.0,0.0,0.0,0.0,73.96367242087257,0.0,0.0,0.0,0.0,0.0,0.0
85,21.25,R9Z8,153.5677609660985,0.0,0.0,6.226314960035353,57.16810041851833,8.881784197001252e-16,0.0,0.0,23.117979537603865,0.0,0.0,0.0,69.11106841266054,0.0,0.0,0.0,0.0,0.0,0.0
85,21.25,R9Z9,97.24567736814295,0.0,0.0,0.0,0.0,7.6148131266175465,45.59876244375013,0.0,0.0,0.0,0.0,0.0,156.83587117720472,0.0,0.0,0.0,0.0,0.0,0.0
85,21.25,R9Z10,66.93522118327503,0.0,0.0,0.0,133.27220422223672,12.848067953007341,34.20089983076667,0.0,0.0,0.0,0.0,0.0,0.0,0.0,0.0,0.0,0.0,0.0,0.0
85,21.25,R9Z11,117.34621762306654,0.0,0.0,0.0,0.0,4.8505971925806675,126.48097711481786,0.0,0.0,0.0,0.0,0.0,154.9998084653137,0.0,0.0,0.0,0.0,0.0,0.0
85,21.25,R10Z1,129.12617761106296,0.0,0.0,11.470192443122308,54.64435082480178,-1.7763568394002505e-15,0.0,0.0,0.0,0.0,0.0,0.0,67.94537722748683,0.0,0.0,623.2001082701884,0.0,0.0,0.0
85,21.25,R10Z2,70.86120303291534,0.0,0.0,0.0,0.0,16.666555213707664,189.81560384626042,0.0,0.0,0.0,0.0,0.0,161.81209527192567,0.0,0.0,624.8064432704908,0.0,0.0,0.0
85,21.25,R10Z3,107.61309221268644,0.0,0.0,16.033896596174657,122.8879240597625,-1.0658141036401503e-14,0.0,0.0,0.0,0.0,0.0,0.0,77.78226015283738,0.0,0.0,0.0,0.0,0.0,0.0
85,21.25,R10Z4,134.7424659919086,0.0,0.0,0.0,0.0,6.003658517847889,46.838029067438356,0.0,46.23595907520773,0.0,0.0,0.0,78.86274308623626,0.0,0.0,0.0,0.0,0.0,0.0
85,21.25,R10Z5,59.36373145094431,0.0,0.0,0.0,0.0,7.472556017625458,143.1557563422501,0.0,46.23595907520773,0.0,0.0,0.0,0.0,0.0,0.0,0.0,0.0,0.0,0.0
85,21.25,R10Z6,126.92253328207119,0.0,0.0,17.813524277376153,28.564635216238223,3.552713678800501e-15,0.0,0.0,46.23595907520773,0.0,0.0,0.0,66.90743394702642,0.0,0.0,0.0,0.0,0.0,0.0
85,21.25,R10Z7,100.83168750210446,0.0,0.0,8.631328458567822,185.64846734158277,8.881784197001252e-15,0.0,0.0,46.23595907520773,0.0,0.0,0.0,80.94292152516798,0.0,0.0,0.0,0.0,0.0,0.0
85,21.25,R10Z8,124.12051201226151,0.0,0.0,0.0,0.0,4.874423630006124,53.88465050086617,0.0,0.0,0.0,0.0,0.0,78.3257643873137,0.0,0.0,0.0,0.0,0.0,0.0
85,21.25,R10Z9,96.07234899506125,0.0,0.0,0.0,14.527393637300975,7.80259995810189,112.74937628206551,0.0,23.117979537603865,0.0,0.0,0.0,0.0,0.0,0.0,0.0,0.0,0.0,0.0
85,21.25,R11Z1,100.40961816103702,0.0,135.0,0.0,0.0,16.353526411312586,150.43928210082998,0.0,46.23595907520773,0.0,0.0,0.0,152.91169597621018,0.0,0.0,0.0,0.0,0.0,0.0
85,21.25,R11Z2,119.18844658885767,0.0,135.0,10.035004302326954,58.457747487835505,1.7763568394002505e-15,0.0,0.0,23.117979537603865,0.0,0.0,0.0,66.97156414201964,0.0,0.0,0.0,0.0,0.0,0.0
85,21.25,R11Z3,88.23840609637571,0.0,0.0,0.0,0.0,9.10561578042102,67.89569250359257,0.0,23.117979537603865,0.0,0.0,0.0,0.0,0.0,0.0,0.0,0.0,0.0,0.0
85,21.25,R11Z4,163.85136495885303,0.0,0.0,21.671597499819285,201.65123985780107,1.4210854715202004e-14,0.0,0.0,0.0,0.0,0.0,0.0,77.64845497767125,0.0,0.0,0.0,0.0,0.0,0.0
85,21.25,R11Z5,40.09599294479519,0.0,0.0,7.640598538093364,34.95598963664563,0.0,0.0,0.0,23.117979537603865,0.0,0.0,0.0,85.0211474992781,0.0,0.0,0.0,0.0,0.0,0.0
85,21.25,R11Z6,121.3495203215241,0.0,0.0,0.0,0.0,11.042201380372182,117.66028402395874,0.0,0.0,0.0,0.0,0.0,0.0,0.0,0.0,0.0,0.0,0.0,0.0
85,21.25,R11Z7,115.0516994964283,0.0,0.0,0.0,0.0,8.669761216393509,133.06745098406185,0.0,23.117979537603865,0.0,0.0,0.0,0.0,0.0,0.0,0.0,0.0,0.0,0.0
85,21.25,R11Z8,71.92301339900627,0.0,0.0,0.0,127.37556492142969,13.071383753494308,18.717172609581155,0.0,23.117979537603865,0.0,0.0,0.0,152.7638506326457,0.0,0.0,0.0,0.0,0.0,0.0
85,21.25,R12Z1,102.32585409455436,0.0,135.0,0.0,0.0,24.45797877131057,134.24197672605746,0.0,46.23595907520773,0.0,0.0,0.0,131.87636435914345,0.0,0.0,0.0,0.0,0.0,0.0
85,21.25,R12Z2,135.82124852772313,0.0,135.0,2.760216017217516,160.45749029789687,1.2878587085651816e-14,0.0,0.0,23.117979537603865,0.0,0.0,0.0,84.11894803619525,0.0,0.0,0.0,0.0,0.0,0.0
85,21.25,R12Z3,95.7447479535016,0.0,0.0,0.0,0.0,38.07011950819393,76.60886326973821,0.0,23.117979537603865,0.0,0.0,0.0,152.4236758245212,0.0,0.0,0.0,0.0,0.0,0.0
85,21.25,R12Z4,119.27259763713838,0.0,0.0,0.0,0.0,24.545309841632893,57.678364891075866,0.0,0.0,0.0,0.0,0.0,0.0,0.0,0.0,0.0,0.0,0.0,0.0
85,21.25,R12Z5,104.50497680631122,0.0,0.0,0.0,0.0,8.479338992252902,105.23667547123722,0.0,0.0,0.0,0.0,0.0,144.30227328163238,0.0,0.0,0.0,0.0,0.0,0.0
85,21.25,R12Z6,85.19745429750547,0.0,0.0,0.0,0.0,19.698107846574256,148.12991839930595,0.0,0.0,0.0,0.0,0.0,0.0,0.0,0.0,0.0,0.0,0.0,0.0
85,21.25,R12Z7,72.1877929568619,0.0,0.0,0.0,66.72754217856615,27.82549672164831,45.15577155345453,0.0,46.23595907520773,0.0,0.0,0.0,0.0,0.0,0.0,0.0,0.0,0.0,0.0
85,21.25,R12Z8,107.39549445591018,0.0,0.0,24.747259977368714,98.6456989942883,-3.552713678800501e-15,0.0,0.0,0.0,0.0,0.0,0.0,69.69888840020694,0.0,0.0,0.0,0.0,0.0,0.0
85,21.25,R12Z9,101.05763814968137,0.0,0.0,6.712142544281761,209.69495277204825,2.6645352591003757e-15,0.0,0.0,46.23595907520773,0.0,0.0,0.0,158.14141430662585,0.0,0.0,0.0,0.0,0.0,0.0
86,21.5,R1Z1,62.36682666436155,0.0,0.0,19.385340733098985,168.07449387549963,-1.0658141036401503e-14,0.0,0.0,61.41009099132609,0.0,0.0,0.0,144.4593487802527,0.0,0.0,565.5905174038322,0.0,0.0,0.0
86,21.5,R1Z2,52.88706280377691,0.0,0.0,9.285642018182358,178.53522430831654,-7.105427357601002e-15,0.0,0.0,61.41009099132609,0.0,3.72287395640129,0.0,200.85641902900448,0.0,0.0,0.0,0.0,0.0,0.0
86,21.5,R1Z3,144.43983190869483,0.0,0.0,14.059293853865341,124.91241407197555,-1.7763568394002505e-15,0.0,0.0,30.705045495663047,0.0,52.32861817942849,0.0,200.85641902900448,0.0,0.0,0.0,0.0,0.0,0.0
86,21.5,R1Z4,85.45209812031592,0.0,0.0,21.764050305683142,89.60380405686249,3.552713678800501e-15,0.0,0.0,61.41009099132609,0.0,0.0,0.0,0.0,0.0,0.0,0.0,0.0,0.0,0.0
86,21.5,R1Z5,148.40601941566547,0.0,0.0,1.073451384609335,60.18351958966459,-2.220446049250313e-15,0.0,0.0,61.41009099132609,0.0,0.0,0.0,0.0,0.0,0.0,0.0,0.0,0.0,0.0
86,21.5,R1Z6,155.54795099540073,0.0,0.0,19.07809414586501,76.39250979976752,-3.552713678800501e-15,0.0,0.0,0.0,0.0,1.861436978200645,0.0,100.42820951450224,0.0,0.0,0.0,0.0,0.0,0.0
86,21.5,R1Z7,91.8223150112021,0.0,0.0,8.137786158453054,56.99753004622464,-5.329070518200751e-15,0.0,0.0,30.705045495663047,0.0,45.0,0.0,100.42820951450224,0.0,0.0,0.0,0.0,0.0,0.0
86,21.5,R1Z8,89.97504521460442,0.0,0.0,7.2496354947105885,226.04399128846876,3.552713678800501e-15,0.0,0.0,0.0,0.0,0.0,0.0,0.0,0.0,0.0,0.0,0.0,0.0,0.0
86,21.5,R1Z9,129.8403723955213,0.0,0.0,15.887963509950964,109.24297406327837,-3.552713678800501e-15,0.0,0.0,0.0,0.0,3.72287395640129,0.0,200.85641902900448,0.0,0.0,0.0,0.0,0.0,0.0
86,21.5,R1Z10,99.8029665848561,0.0,0.0,11.80721916362571,50.99546130657763,3.552713678800501e-15,0.0,0.0,0.0,0.0,3.72287395640129,0.0,200.85641902900448,0.0,0.0,0.0,0.0,0.0,0.0
86,21.5,R2Z1,114.33901044194933,0.0,135.0,0.0,0.0,20.947998753019895,154.15189166692696,0.0,0.0,0.0,0.0,0.0,71.07520250808393,0.0,0.0,626.4169186939077,0.0,0.0,0.0
86,21.5,R2Z2,116.41776588457309,0.0,135.0,6.8160074366151235,80.0,6.217248937900877e-15,0.0,0.0,0.0,0.0,0.0,0.0,76.82000908548085,0.0,0.0,623.2001082701884,0.0,0.0,0.0
86,21.5,R2Z3,139.03161690247867,0.0,0.0,9.053651104265278,42.06335723327611,-1.7763568394002505e-15,0.0,0.0,30.705045495663047,0.0,0.0,0.0,66.49858154151707,0.0,0.0,0.0,0.0,0.0,0.0
86,21.5,R2Z4,104.89644426103793,0.0,0.0,5.242578550473809,170.3034349678696,-8.881784197001252e-16,0.0,0.0,61.41009099132609,0.0,0.0,0.0,0.0,0.0,0.0,0.0,0.0,0.0,0.0
86,21.5,R2Z5,73.48366847576591,0.0,0.0,0.0,0.0,1.6810983244996383,68.3303117896528,0.0,30.705045495663047,0.0,0.0,0.0,0.0,0.0,0.0,0.0,0.0,0.0,0.0
86,21.5,R2Z6,66.11545557828744,0.0,0.0,0.0,0.0,3.5791593829480037,92.25202342749698,0.0,61.41009099132609,0.0,0.0,0.0,160.55982323988627,0.0,0.0,0.0,0.0,0.0,0.0
86,21.5,R2Z7,106.28129979662448,0.0,0.0,0.0,0.0,4.525883252005545,31.110003030019634,0.0,61.41009099132609,0.0,0.0,0.0,82.03648338283227,0.0,0.0,0.0,0.0,0.0,0.0
86,21.5,R2Z8,99.86847549127606,0.0,0.0,0.0,0.0,20.423409279756292,36.71259505323722,0.0,0.0,0.0,0.0,0.0,84.53565813158622,0.0,0.0,0.0,0.0,0.0,0.0
86,21.5,R2Z9,83.68122382551242,0.0,0.0,1.1767595930195114,151.9687331342823,-6.661338147750939e-15,0.0,0.0,30.705045495663047,0.0,0.0,0.0,77.31772700491568,0.0,0.0,0.0,0.0,0.0,0.0
86,21.5,R3Z1,87.76161426685327,0.0,0.0,0.0,0.0,21.324569359133505,58.169503434795615,0.0,0.0,0.0,0.0,0.0,0.0,0.0,0.0,0.0,0.0,0.0,0.0
86,21.5,R3Z2,97.62376407977244,0.0,0.0,15.646780579040382,219.55042907432323,-3.552713678800501e-15,0.0,0.0,61.41009099132609,0.0,0.0,0.0,154.00560911078745,0.0,0.0,0.0,0.0,0.0,0.0
86,21.5,R3Z3,130.32135483235925,0.0,0.0,0.0,0.0,11.235174353679959,40.59387945960317,0.0,30.705045495663047,0.0,0.0,0.0,0.0,0.0,0.0,0.0,0.0,0.0,0.0
86,21.5,R4Z1,103.23018759495048,0.0,135.0,0.0,0.0,0.0,85.23977355245835,0.0,61.41009099132609,0.0,0.0,0.0,76.19208234670278,0.0,0.0,0.0,0.0,0.0,0.0
86,21.5,R4Z2,144.0775185410463,0.0,0.0,11.418103957960469,55.257799631182365,3.552713678800501e-15,0.0,0.0,61.41009099132609,0.0,0.0,0.0,150.62084225255973,0.0,0.0,0.0,0.0,0.0,0.0
86,21.5,R4Z3,122.90075164911931,0.0,0.0,0.0,132.35112679369558,8.644070963432824,58.02811776323887,0.0,0.0,0.0,0.0,0.0,0.0,0.0,0.0,0.0,0.0,0.0,0.0
86,21.5,R4Z4,144.70949794913557,0.0,0.0,5.733573227277823,47.422603547379644,2.6645352591003757e-15,0.0,0.0,0.0,0.0,0.0,0.0,0.0,0.0,0.0,0.0,0.0,0.0,0.0
86,21.5,R4Z5,94.56651993873872,0.0,0.0,0.0,0.0,1.2273608445821478,160.0048617409154,0.0,61.41009099132609,0.0,0.0,0.0,0.0,0.0,0.0,0.0,0.0,0.0,0.0
86,21.5,R4Z6,105.91980416957864,0.0,0.0,0.0,0.0,3.9894583042531893,39.79920632511317,0.0,61.41009099132609,0.0,0.0,0.0,143.35057675695901,0.0,0.0,0.0,0.0,0.0,0.0
86,21.5,R4Z7,124.103941638015,0.0,0.0,9.601486685847334,142.31384614636355,-1.0658141036401503e-14,0.0,0.0,61.41009099132609,0.0,0.0,0.0,0.0,0.0,0.0,0.0,0.0,0.0,0.0
86,21.5,R4Z8,107.15148488002042,0.0,0.0,0.0,0.0,0.4610297718418924,48.15371671556029,0.0,61.41009099132609,0.0,0.0,0.0,0.0,0.0,0.0,0.0,0.0,0.0,0.0
86,21.5,R4Z9,107.4648285263427,0.0,0.0,1.9641978574483119,154.79253207456003,-1.1546319456101628e-14,0.0,0.0,0.0,0.0,0.0,0.0,82.9728328808815,0.0,0.0,0.0,0.0,0.0,0.0
86,21.5,R4Z10,97.72708573877439,0.0,0.0,1.9100530441711498,143.98490049161347,1.2212453270876722e-14,0.0,0.0,0.0,0.0,0.0,0.0,84.52643508270826,0.0,0.0,0.0,0.0,0.0,0.0
86,21.5,R4Z11,127.57532425578853,0.0,0.0,0.0,0.0,4.268919160248238,40.49153146508729,0.0,30.705045495663047,0.0,0.0,0.0,78.19861545741672,0.0,0.0,0.0,0.0,0.0,0.0
86,21.5,R5Z1,61.64721688854171,0.0,135.0,0.0,0.0,21.637308994926247,60.6096974518621,0.0,0.0,0.0,0.0,0.0,68.27037896000307,0.0,0.0,0.0,0.0,0.0,0.0
86,21.5,R5Z2,102.64869335684702,0.0,135.0,0.0,0.0,6.542536222290328,80.0,0.0,30.705045495663047,0.0,0.0,0.0,162.43733264355305,0.0,0.0,0.0,0.0,0.0,0.0
86,21.5,R5Z3,108.64147992008057,0.0,0.0,0.0,48.933879557788146,14.217213161790138,85.58805896875845,0.0,30.705045495663047,0.0,0.0,0.0,137.77814810652748,0.0,0.0,0.0,0.0,0.0,0.0
86,21.5,R5Z4,94.17589408447175,0.0,0.0,11.094221141039661,50.674136818735356,0.0,0.0,0.0,61.41009099132609,0.0,0.0,0.0,0.0,0.0,0.0,0.0,0.0,0.0,0.0
86,21.5,R5Z5,99.87108032839222,0.0,0.0,0.0,0.0,9.232652555485727,127.09451795231239,0.0,30.705045495663047,0.0,0.0,0.0,75.80001913715883,0.0,0.0,0.0,0.0,0.0,0.0
86,21.5,R5Z6,160.40292105083387,0.0,0.0,8.158864892236977,160.0,0.4280923389673479,0.0,0.0,61.41009099132609,0.0,0.0,0.0,153.86717771593402,0.0,0.0,0.0,0.0,0.0,0.0
86,21.5,R5Z7,95.3834708756112,0.0,0.0,10.186582147105142,80.0,5.329070518200751e-15,0.0,0.0,0.0,0.0,0.0,0.0,83.47846819921797,0.0,0.0,0.0,0.0,0.0,0.0
86,21.5,R5Z8,126.52915847482858,0.0,0.0,0.0,0.0,14.04643396324832,159.59652967554487,0.0,30.705045495663047,0.0,0.0,0.0,155.3731617308908,0.0,0.0,0.0,0.0,0.0,0.0
86,21.5,R5Z9,128.26724362834634,0.0,0.0,0.0,10.929656281502702,17.292439347337595,111.50365461928479,0.0,0.0,0.0,0.0,0.0,80.95090891672311,0.0,0.0,0.0,0.0,0.0,0.0
86,21.5,R6Z1,124.28849862493358,0.0,135.0,0.0,0.0,10.760561664867703,34.17437826785357,0.0,0.0,0.0,0.0,0.0,0.0,0.0,0.0,624.2705387496077,0.0,0.0,0.0
86,21.5,R6Z2,130.57575258278754,0.0,135.0,0.0,0.0,0.0,51.95794938806894,0.0,61.41009099132609,0.0,0.0,0.0,131.8714098552631,0.0,0.0,624.8064432704908,0.0,0.0,0.0
86,21.5,R6Z3,69.39946407351424,0.0,0.0,37.55135964289761,108.41779058298059,1.4210854715202004e-14,0.0,0.0,30.705045495663047,0.0,0.0,0.0,77.66655411584351,0.0,0.0,0.0,0.0,0.0,0.0
86,21.5,R6Z4,102.14052743880127,0.0,0.0,0.0,0.0,6.400290201571925,153.09878816725535,0.0,30.705045495663047,0.0,0.0,0.0,73.64452734042894,0.0,0.0,0.0,0.0,0.0,0.0
86,21.5,R7Z1,79.17562898248553,0.0,135.0,0.0,0.0,11.286439696279382,139.0575170644014,0.0,30.705045495663047,0.0,0.0,0.0,0.0,0.0,0.0,623.2001082701884,0.0,0.0,0.0
86,21.5,R7Z2,62.75547612321605,0.0,135.0,0.0,0.0,4.068880361953138,80.0,0.0,0.0,0.0,0.0,0.0,157.0044375038401,0.0,0.0,0.0,0.0,0.0,0.0
86,21.5,R7Z3,70.84320897120345,0.0,0.0,0.0,0.0,0.522534136877588,182.48754254147022,0.0,61.41009099132609,0.0,0.0,0.0,134.0832349192739,0.0,0.0,0.0,0.0,0.0,0.0
86,21.5,R7Z4,98.86400736830018,0.0,0.0,0.0,0.0,21.83620214128324,222.75213943481904,0.0,30.705045495663047,0.0,0.0,0.0,65.42084577369167,0.0,0.0,0.0,0.0,0.0,0.0
86,21.5,R7Z5,118.7173861630972,0.0,0.0,8.06701833458007,216.36970046192528,-1.7763568394002505e-15,0.0,0.0,61.41009099132609,0.0,0.0,0.0,0.0,0.0,0.0,0.0,0.0,0.0,0.0
86,21.5,R7Z6,82.79730276694718,0.0,0.0,2.0722955551740085,123.96498467953727,4.884981308350689e-15,0.0,0.0,61.41009099132609,0.0,0.0,0.0,0.0,0.0,0.0,0.0,0.0,0.0,0.0
86,21.5,R7Z7,110.86008629672948,0.0,0.0,0.0,0.0,12.821480686609377,138.31979739805266,0.0,0.0,0.0,0.0,0.0,65.71443234859204,0.0,0.0,0.0,0.0,0.0,0.0
86,21.5,R7Z8,93.17044269915532,0.0,0.0,0.0,0.0,9.355456002066253,101.6100520175395,0.0,61.41009099132609,0.0,0.0,0.0,139.58247234033297,0.0,0.0,0.0,0.0,0.0,0.0
86,21.5,R7Z9,105.84666459218556,0.0,0.0,0.0,0.0,11.376026398556855,76.35185214078734,0.0,61.41009099132609,0.0,0.0,0.0,76.31811813799335,0.0,0.0,0.0,0.0,0.0,0.0
86,21.5,R8Z1,148.7523497614176,0.0,135.0,0.0,0.0,18.726183549569537,93.72957390155827,0.0,30.705045495663047,0.0,0.0,0.0,81.2661524025864,0.0,0.0,625.3428078381609,0.0,0.0,0.0
86,21.5,R8Z2,68.68435792290963,0.0,135.0,0.0,0.0,3.34437106337526,124.02741853586456,0.0,30.705045495663047,0.0,0.0,0.0,141.57273708018005,0.0,0.0,0.0,0.0,0.0,0.0
86,21.5,R8Z3,59.38279509879096,0.0,0.0,5.338020809710457,151.58324225837572,0.0,0.0,0.0,30.705045495663047,0.0,0.0,0.0,165.63006968400694,0.0,0.0,0.0,0.0,0.0,0.0
86,21.5,R8Z4,156.07441694364906,0.0,0.0,0.0,0.0,5.4524701441974655,139.8830806309888,0.0,0.0,0.0,0.0,0.0,0.0,0.0,0.0,0.0,0.0,0.0,0.0
86,21.5,R8Z5,94.18764750450032,0.0,0.0,0.0,0.0,7.002941321858868,87.94407547923869,0.0,30.705045495663047,0.0,0.0,0.0,82.42620291205452,0.0,0.0,0.0,0.0,0.0,0.0
86,21.5,R8Z6,125.4935511074103,0.0,0.0,6.061807849047,104.2054435747292,5.329070518200751e-15,0.0,0.0,30.705045495663047,0.0,0.0,0.0,0.0,0.0,0.0,0.0,0.0,0.0,0.0
86,21.5,R8Z7,65.11845049281925,0.0,0.0,0.0,0.0,10.040853725087437,43.38547545951691,0.0,0.0,0.0,0.0,0.0,76.36650517690883,0.0,0.0,0.0,0.0,0.0,0.0
86,21.5,R8Z8,115.20191165172406,0.0,0.0,7.255465092158289,140.5270069541243,9.289179175966275,0.0,0.0,30.705045495663047,0.0,0.0,0.0,81.19406342287202,0.0,0.0,0.0,0.0,0.0,0.0
86,21.5,R9Z1,108.70811971307283,0.0,135.0,5.893247626052997,66.61531138434145,3.552713678800501e-15,0.0,0.0,30.705045495663047,0.0,0.0,0.0,0.0,0.0,0.0,624.2705387496077,0.0,0.0,0.0
86,21.5,R9Z2,137.14876215098832,0.0,135.0,0.0,0.0,2.470830218445874,113.3215492700472,0.0,30.705045495663047,0.0,0.0,0.0,72.2014101507408,0.0,0.0,624.2705387496077,0.0,0.0,0.0
86,21.5,R9Z3,99.45660738388521,0.0,0.0,0.0,0.0,1.2379747975165443,58.61791636943322,0.0,61.41009099132609,0.0,0.0,0.0,132.71979083091938,0.0,0.0,0.0,0.0,0.0,0.0
86,21.5,R9Z4,115.54086764525628,0.0,0.0,0.0,0.0,13.349289347050815,116.33821084530486,0.0,30.705045495663047,0.0,0.0,0.0,69.61252941507074,0.0,0.0,0.0,0.0,0.0,0.0
86,21.5,R9Z5,61.08147397839663,0.0,0.0,0.0,0.0,9.302337960013388,188.6399882414346,0.0,30.705045495663047,0.0,0.0,0.0,144.98578500951487,0.0,0.0,0.0,0.0,0.0,0.0
86,21.5,R9Z6,99.89809240349265,0.0,0.0,3.499315214594205,70.23791203770385,-8.881784197001252e-16,0.0,0.0,30.705045495663047,0.0,0.0,0.0,154.15271257789848,0.0,0.0,0.0,0.0,0.0,0.0
86,21.5,R9Z7,82.18517035246182,0.0,0.0,0.0,0.0,18.952694225818874,63.52338667068777,0.0,0.0,0.0,0.0,0.0,73.88096421773211,0.0,0.0,0.0,0.0,0.0,0.0
86,21.5,R9Z8,166.2793772040817,0.0,0.0,11.674465512096745,76.18499156855647,7.105427357601002e-15,0.0,0.0,30.705045495663047,0.0,0.0,0.0,69.03378652415451,0.0,0.0,0.0,0.0,0.0,0.0
86,21.5,R9Z9,90.76279547654671,0.0,0.0,8.216211652683896,62.575924334751136,5.329070518200751e-15,0.0,0.0,0.0,0.0,0.0,0.0,156.66049301291858,0.0,0.0,0.0,0.0,0.0,0.0
86,21.5,R9Z10,87.8740537286598,0.0,0.0,0.0,114.34728195981579,9.614144590055938,26.16244283415888,0.0,0.0,0.0,0.0,0.0,0.0,0.0,0.0,0.0,0.0,0.0,0.0
86,21.5,R9Z11,101.28469540702561,0.0,0.0,2.053631919056812,152.98453735205405,3.1086244689504383e-15,0.0,0.0,0.0,0.0,0.0,0.0,154.8264834366113,0.0,0.0,0.0,0.0,0.0,0.0
86,21.5,R10Z1,122.90282381252794,0.0,0.0,0.0,0.0,7.604958062230525,90.16667696952749,0.0,0.0,0.0,0.0,0.0,67.869398846773,0.0,35.116185317315384,613.2534559098959,0.0,0.0,0.0
86,21.5,R10Z2,78.97043283975687,0.0,0.0,7.520494690885556,193.7880360166653,-7.993605777301127e-15,0.0,0.0,0.0,0.0,0.0,0.0,161.6311525576405,0.0,0.0,624.2705387496077,0.0,0.0,0.0
86,21.5,R10Z3,117.53776341097536,0.0,0.0,0.0,0.0,23.356134564168322,51.349309295304984,0.0,0.0,0.0,0.0,0.0,77.69528190036719,0.0,0.0,0.0,0.0,0.0,0.0
86,21.5,R10Z4,130.0557576859939,0.0,0.0,0.0,0.0,8.023397953996483,57.59310568648664,0.0,61.41009099132609,0.0,0.0,0.0,78.77455660817343,0.0,0.0,0.0,0.0,0.0,0.0
86,21.5,R10Z5,59.801927928556935,0.0,0.0,0.0,64.69902372690323,5.792671165760543,37.290004360324815,0.0,61.41009099132609,0.0,0.0,0.0,0.0,0.0,0.0,0.0,0.0,0.0,0.0
86,21.5,R10Z6,113.68548402424017,0.0,0.0,0.0,0.0,14.130364078731757,55.47729610366028,0.0,61.41009099132609,0.0,0.0,0.0,66.83261622290087,0.0,0.0,0.0,0.0,0.0,0.0
86,21.5,R10Z7,128.23363723906564,0.0,0.0,7.357502316832978,190.37810032762516,-7.993605777301127e-15,0.0,0.0,61.41009099132609,0.0,0.0,0.0,80.85240893463312,0.0,0.0,0.0,0.0,0.0,0.0
86,21.5,R10Z8,115.19288140098361,0.0,0.0,0.0,0.0,8.079375844574356,46.62552173229143,0.0,0.0,0.0,0.0,0.0,78.23817837353096,0.0,0.0,0.0,0.0,0.0,0.0
86,21.5,R10Z9,92.63117319702836,0.0,0.0,0.0,0.0,5.960634146284294,117.58061846519465,0.0,30.705045495663047,0.0,0.0,0.0,0.0,0.0,0.0,0.0,0.0,0.0,0.0
86,21.5,R11Z1,98.47218064084903,0.0,135.0,0.0,0.0,18.482907256498002,213.4495809157221,0.0,61.41009099132609,0.0,0.0,0.0,152.74070593205192,0.0,0.0,0.0,0.0,0.0,0.0
86,21.5,R11Z2,115.7756257260843,0.0,135.0,0.0,0.0,8.448050383071914,40.99249990732155,0.0,30.705045495663047,0.0,0.0,0.0,66.89667470575459,0.0,0.0,0.0,0.0,0.0,0.0
86,21.5,R11Z3,104.29496495490221,0.0,0.0,0.0,0.0,12.311356926327068,74.91695725285257,0.0,30.705045495663047,0.0,0.0,0.0,0.0,0.0,0.0,0.0,0.0,0.0,0.0
86,21.5,R11Z4,167.87150161677476,0.0,0.0,0.0,0.0,16.256037249105468,203.37766162418004,0.0,0.0,0.0,0.0,0.0,77.56162634981064,0.0,0.0,0.0,0.0,0.0,0.0
86,21.5,R11Z5,58.7135124961378,0.0,0.0,0.0,35.77177606681238,6.802287122056015,9.761280182644526,0.0,30.705045495663047,0.0,0.0,0.0,84.92607452482395,0.0,0.0,0.0,0.0,0.0,0.0
86,21.5,R11Z6,105.361063409626,0.0,0.0,10.27535156495162,153.64659238348344,-3.552713678800501e-15,0.0,0.0,0.0,0.0,0.0,0.0,0.0,0.0,0.0,0.0,0.0,0.0,0.0
86,21.5,R11Z7,114.85830146942517,0.0,0.0,2.6793175771093303,103.84899156595094,4.440892098500626e-15,0.0,0.0,30.705045495663047,0.0,0.0,0.0,0.0,0.0,0.0,0.0,0.0,0.0,0.0
86,21.5,R11Z8,96.30145624860914,0.0,0.0,0.0,0.0,11.235674197754042,105.40967226539792,0.0,30.705045495663047,0.0,0.0,0.0,152.59302591319764,0.0,0.0,0.0,0.0,0.0,0.0
86,21.5,R12Z1,87.35276340922792,0.0,135.0,35.87679733135846,109.73715641193621,0.0,0.0,0.0,61.41009099132609,0.0,0.0,0.0,131.72889659860857,0.0,0.0,0.0,0.0,0.0,0.0
86,21.5,R12Z2,107.26111746660567,0.0,135.0,0.0,79.9302509436771,7.287888932177444,61.78977933165791,0.0,30.705045495663047,0.0,0.0,0.0,84.024883925877,0.0,0.0,0.0,0.0,0.0,0.0
86,21.5,R12Z3,94.21134863011089,0.0,0.0,0.0,0.0,33.82664621734051,50.47094692439221,0.0,30.705045495663047,0.0,0.0,0.0,152.25323149785538,0.0,0.0,0.0,0.0,0.0,0.0
86,21.5,R12Z4,121.25337940650506,0.0,0.0,0.0,0.0,38.72798360008222,64.23575136368214,0.0,0.0,0.0,0.0,0.0,0.0,0.0,0.0,0.0,0.0,0.0,0.0
86,21.5,R12Z5,103.91193880711779,0.0,0.0,0.0,0.0,12.666956985405292,99.83617961453048,0.0,0.0,0.0,0.0,0.0,144.14091052960066,0.0,0.0,0.0,0.0,0.0,0.0
86,21.5,R12Z6,93.95418865444046,0.0,0.0,0.0,85.41276106720385,21.365490791621585,66.24717619418637,0.0,0.0,0.0,0.0,0.0,0.0,0.0,0.0,0.0,0.0,0.0,0.0
86,21.5,R12Z7,87.58202826672637,0.0,0.0,0.0,0.0,32.53983119215355,91.5803927536661,0.0,61.41009099132609,0.0,0.0,0.0,0.0,0.0,0.0,0.0,0.0,0.0,0.0
86,21.5,R12Z8,112.34794119597335,0.0,0.0,14.935438125809895,94.46637102656412,1.7763568394002505e-15,0.0,0.0,0.0,0.0,0.0,0.0,69.62094919530017,0.0,0.0,0.0,0.0,0.0,0.0
86,21.5,R12Z9,113.81807215466179,0.0,0.0,9.253474845722081,151.12703551740535,1.2434497875801753e-14,0.0,0.0,61.41009099132609,0.0,0.0,0.0,157.9645762482752,0.0,0.0,0.0,0.0,0.0,0.0
87,21.75,R1Z1,47.614817109457206,0.0,0.0,23.196578759703215,179.33599616429896,-3.552713678800501e-15,0.0,0.0,50.21005514341695,0.0,0.0,0.0,144.2978103820987,0.0,0.0,565.1054031440324,0.0,0.0,0.0
87,21.75,R1Z2,60.94407695860752,0.0,0.0,6.375542505601572,152.81554479659698,2.6645352591003757e-15,0.0,0.0,50.21005514341695,0.0,0.0,0.0,200.63181588311704,0.0,0.0,0.0,0.0,0.0,0.0
87,21.75,R1Z3,116.54067441604424,0.0,0.0,1.8639460125772445,76.6450899562467,-2.4424906541753444e-15,0.0,0.0,25.105027571708476,0.0,0.0,0.0,200.63181588311704,0.0,0.0,0.0,0.0,0.0,0.0
87,21.75,R1Z4,119.84297825088444,0.0,0.0,30.2298470717204,92.40104935164692,-7.105427357601002e-15,0.0,0.0,50.21005514341695,0.0,0.0,0.0,0.0,0.0,0.0,0.0,0.0,0.0,0.0
87,21.75,R1Z5,125.3275587095397,0.0,0.0,9.495953945408758,44.95877942472376,3.552713678800501e-15,0.0,0.0,50.21005514341695,0.0,0.0,0.0,0.0,0.0,0.0,0.0,0.0,0.0,0.0
87,21.75,R1Z6,132.91655129165497,0.0,0.0,4.909967225227376,120.99894130243851,-8.881784197001252e-16,0.0,0.0,0.0,0.0,0.0,0.0,100.31590794155852,0.0,0.0,0.0,0.0,0.0,0.0
87,21.75,R1Z7,88.91257353204541,0.0,0.0,8.839936652598837,52.73136841637324,1.7763568394002505e-15,0.0,0.0,25.105027571708476,0.0,0.0,0.0,100.31590794155852,0.0,0.0,0.0,0.0,0.0,0.0
87,21.75,R1Z8,80.38253872047005,0.0,0.0,6.285924440993654,95.46530290226056,-1.7763568394002505e-15,0.0,0.0,0.0,0.0,0.0,0.0,0.0,0.0,0.0,0.0,0.0,0.0,0.0
87,21.75,R1Z9,124.52946148508389,0.0,0.0,0.0,128.11306155530096,0.0,0.0,0.0,0.0,0.0,0.0,0.0,200.63181588311704,0.0,0.0,0.0,0.0,0.0,0.0
87,21.75,R1Z10,107.64893792852781,0.0,0.0,28.529076527612865,37.03584403098025,7.105427357601002e-15,0.0,0.0,0.0,0.0,0.0,0.0,200.63181588311704,0.0,0.0,0.0,0.0,0.0,0.0
87,21.75,R2Z1,120.38072499118326,0.0,135.0,0.0,0.0,11.402123685668496,94.72498035514128,0.0,0.0,0.0,0.0,0.0,70.99572427106729,0.0,0.0,625.8796328475446,0.0,0.0,0.0
87,21.75,R2Z2,130.49023385681647,0.0,135.0,0.0,0.0,10.530104728333377,46.50125224939025,0.0,0.0,0.0,0.0,0.0,76.73410684849429,0.0,6.871459102158557,620.8238371644787,0.0,0.0,0.0
87,21.75,R2Z3,128.23884333635593,0.0,0.0,4.915769019592304,35.3029461735012,-8.881784197001252e-16,0.0,0.0,25.105027571708476,0.0,0.0,0.0,66.42422100734305,0.0,0.0,0.0,0.0,0.0,0.0
87,21.75,R2Z4,107.67594861061764,0.0,0.0,0.0,0.0,3.8712731687012325,240.0,0.0,50.21005514341695,0.0,0.0,0.0,0.0,0.0,0.0,0.0,0.0,0.0,0.0
87,21.75,R2Z5,78.74035489639566,0.0,0.0,6.335912112681456,137.41434498615456,1.3322676295501878e-14,0.0,0.0,25.105027571708476,0.0,0.0,0.0,0.0,0.0,0.0,0.0,0.0,0.0,0.0
87,21.75,R2Z6,63.40939147005152,0.0,0.0,0.0,0.0,0.0,33.08077556872773,0.0,50.21005514341695,0.0,0.0,0.0,160.38028085046628,0.0,0.0,0.0,0.0,0.0,0.0
87,21.75,R2Z7,100.98767011963518,0.0,0.0,3.7272679973463525,58.34202682896033,-2.220446049250313e-15,0.0,0.0,50.21005514341695,0.0,0.0,0.0,81.94474794149365,0.0,0.0,0.0,0.0,0.0,0.0
87,21.75,R2Z8,97.04191467411705,0.0,0.0,8.734776373430417,29.509977461744175,3.552713678800501e-15,0.0,0.0,0.0,0.0,0.0,0.0,84.44112804463252,0.0,0.0,0.0,0.0,0.0,0.0
87,21.75,R2Z9,63.32613300279804,0.0,0.0,0.0,145.29334291330136,0.40543517770344006,94.70665708669864,0.0,25.105027571708476,0.0,0.0,0.0,77.23126820612738,0.0,0.0,0.0,0.0,0.0,0.0
87,21.75,R3Z1,107.37462682882075,0.0,0.0,26.04926287956568,33.51962777535372,-3.552713678800501e-15,0.0,0.0,0.0,0.0,0.0,0.0,0.0,0.0,0.0,0.0,0.0,0.0,0.0
87,21.75,R3Z2,82.75502949660839,0.0,0.0,2.289103518940067,84.6180925291699,5.329070518200751e-15,0.0,0.0,50.21005514341695,0.0,0.0,0.0,153.83339582301795,0.0,0.0,0.0,0.0,0.0,0.0
87,21.75,R3Z3,132.00009742715156,0.0,0.0,0.43481703288679796,57.801911145262906,3.164135620181696e-15,0.0,0.0,25.105027571708476,0.0,0.0,0.0,0.0,0.0,0.0,0.0,0.0,0.0,0.0
87,21.75,R4Z1,124.4067395657192,0.0,135.0,0.0,157.55527347681743,1.259437170141422,22.88517911864878,0.0,50.21005514341695,0.0,0.0,0.0,76.10688227458405,0.0,0.0,0.0,0.0,0.0,0.0
87,21.75,R4Z2,151.54513565577994,0.0,0.0,0.0,0.0,3.2439100877679583,58.21405880180599,0.0,50.21005514341695,0.0,0.0,0.0,150.4524139037438,0.0,0.0,0.0,0.0,0.0,0.0
87,21.75,R4Z3,99.3428141525974,0.0,0.0,4.5164281987550225,164.57139476262893,-2.6645352591003757e-15,0.0,0.0,0.0,0.0,0.0,0.0,0.0,0.0,0.0,0.0,0.0,0.0,0.0
87,21.75,R4Z4,132.4288142494235,0.0,0.0,1.8029272160524457,36.65254037975338,2.886579864025407e-15,0.0,0.0,0.0,0.0,0.0,0.0,0.0,0.0,0.0,0.0,0.0,0.0,0.0
87,21.75,R4Z5,101.33559337766215,0.0,0.0,1.9732614896664131,141.93936625909146,1.4210854715202004e-14,0.0,0.0,50.21005514341695,0.0,0.0,0.0,0.0,0.0,0.0,0.0,0.0,0.0,0.0
87,21.75,R4Z6,114.5117736543809,0.0,0.0,5.267811644035568,55.20780783497291,-8.881784197001252e-16,0.0,0.0,50.21005514341695,0.0,0.0,0.0,143.19027821803235,0.0,0.0,0.0,0.0,0.0,0.0
87,21.75,R4Z7,123.37699479959271,0.0,0.0,0.0,97.03033930636488,0.0,10.0573891076928,0.0,50.21005514341695,0.0,0.0,0.0,0.0,0.0,0.0,0.0,0.0,0.0,0.0
87,21.75,R4Z8,87.44566366111935,0.0,0.0,6.716445551336527,42.45659779832646,-1.7763568394002505e-15,0.0,0.0,50.21005514341695,0.0,0.0,0.0,0.0,0.0,0.0,0.0,0.0,0.0,0.0
87,21.75,R4Z9,111.40088017489454,0.0,0.0,0.0,0.0,4.7559822540573276,157.37963644635641,0.0,0.0,0.0,0.0,0.0,82.88005038790303,0.0,0.0,0.0,0.0,0.0,0.0
87,21.75,R4Z10,100.4344732560681,0.0,0.0,0.0,0.0,1.8075557372782842,153.5345321665578,0.0,0.0,0.0,0.0,0.0,84.4319153092203,0.0,0.0,0.0,0.0,0.0,0.0
87,21.75,R4Z11,143.5677253627704,0.0,0.0,0.2603462359896156,112.48070932400695,5.162537064506978e-15,0.0,0.0,25.105027571708476,0.0,0.0,0.0,78.1111716250479,0.0,0.0,0.0,0.0,0.0,0.0
87,21.75,R5Z1,54.14819268868052,0.0,135.0,0.0,0.0,14.828430021448781,58.56061829684976,0.0,0.0,0.0,0.0,0.0,68.19403715345553,0.0,0.0,0.0,0.0,0.0,0.0
87,21.75,R5Z2,83.76509423786442,0.0,135.0,0.0,0.0,5.531623882248607,43.86341259969889,0.0,25.105027571708476,0.0,0.0,0.0,162.25569077172403,0.0,0.0,0.0,0.0,0.0,0.0
87,21.75,R5Z3,110.71585395640123,0.0,0.0,13.862747251409331,159.2868319236425,1.4210854715202004e-14,0.0,0.0,25.105027571708476,0.0,0.0,0.0,137.62408080985423,0.0,0.0,0.0,0.0,0.0,0.0
87,21.75,R5Z4,97.68874204881865,0.0,0.0,12.527273792406689,71.81803803617109,3.552713678800501e-15,0.0,0.0,50.21005514341695,0.0,0.0,0.0,0.0,0.0,0.0,0.0,0.0,0.0,0.0
87,21.75,R5Z5,79.18426862740073,0.0,0.0,0.0,54.07924105569225,3.78139374217732,94.81655334193766,0.0,25.105027571708476,0.0,0.0,0.0,75.71525748085313,0.0,0.0,0.0,0.0,0.0,0.0
87,21.75,R5Z6,160.74314142780415,0.0,0.0,4.127405550633867,77.95407662155802,4.440892098500626e-15,0.0,0.0,50.21005514341695,0.0,0.0,0.0,153.69511922593958,0.0,0.0,0.0,0.0,0.0,0.0
87,21.75,R5Z7,79.42043327509202,0.0,0.0,0.0,0.0,9.385783232659389,64.20639394541777,0.0,0.0,0.0,0.0,0.0,83.38512029098557,0.0,0.0,0.0,0.0,0.0,0.0
87,21.75,R5Z8,113.75496144535283,0.0,0.0,0.0,0.0,7.717752887979605,84.47289422802851,0.0,25.105027571708476,0.0,0.0,0.0,155.1994192083469,0.0,0.0,0.0,0.0,0.0,0.0
87,21.75,R5Z9,131.89953148116228,0.0,0.0,0.0,110.0629136875788,19.90356542256628,129.9370863124212,0.0,0.0,0.0,0.0,0.0,80.86038739446838,0.0,0.0,0.0,0.0,0.0,0.0
87,21.75,R6Z1,140.41633308165393,0.0,135.0,0.0,0.0,2.5210223270233714,43.16185772010874,0.0,0.0,0.0,0.0,0.0,0.0,0.0,0.0,623.7350938809234,0.0,0.0,0.0
87,21.75,R6Z2,130.337847446958,0.0,135.0,14.716389910999787,33.83359215266745,0.0,0.0,0.0,50.21005514341695,0.0,0.0,0.0,131.72394763499008,0.0,0.0,624.2705387496077,0.0,0.0,0.0
87,21.75,R6Z3,77.61269142850628,0.0,0.0,20.734140339316227,88.45040490981937,-7.105427357601002e-15,0.0,0.0,25.105027571708476,0.0,0.0,0.0,77.57970524903116,0.0,0.0,0.0,0.0,0.0,0.0
87,21.75,R6Z4,118.25951732898235,0.0,0.0,0.0,0.0,2.7548996759292086,138.83779319060073,0.0,25.105027571708476,0.0,0.0,0.0,73.56217601405355,0.0,0.0,0.0,0.0,0.0,0.0
87,21.75,R7Z1,83.63503102424364,0.0,135.0,4.680639925885544,215.71482262627433,6.217248937900877e-15,0.0,0.0,25.105027571708476,0.0,0.0,0.0,0.0,0.0,36.77701180183798,612.8083076868342,0.0,0.0,0.0
87,21.75,R7Z2,52.6484989130148,0.0,135.0,0.0,0.0,23.121979097499523,74.96441817184507,0.0,0.0,0.0,0.0,0.0,156.82887084407326,0.0,0.0,0.0,0.0,0.0,0.0
87,21.75,R7Z3,71.54199409226102,0.0,0.0,0.0,0.0,2.7370967405953897,240.0,0.0,50.21005514341695,0.0,0.0,0.0,133.93329937566907,0.0,0.0,0.0,0.0,0.0,0.0
87,21.75,R7Z4,114.53634929336431,0.0,0.0,0.0,0.0,17.972025467597806,223.51165965958248,0.0,25.105027571708476,0.0,0.0,0.0,65.34769039315458,0.0,0.0,0.0,0.0,0.0,0.0
87,21.75,R7Z5,127.74144856626273,0.0,0.0,0.0,98.95622469089666,11.738117910450217,141.04377530910335,0.0,50.21005514341695,0.0,0.0,0.0,0.0,0.0,0.0,0.0,0.0,0.0,0.0
87,21.75,R7Z6,71.82678031182893,0.0,0.0,0.0,0.0,1.9728911264716582,93.52785717975708,0.0,50.21005514341695,0.0,0.0,0.0,0.0,0.0,0.0,0.0,0.0,0.0,0.0
87,21.75,R7Z7,104.64803874327484,0.0,0.0,0.0,0.0,3.5727627492982723,141.46181287721345,0.0,0.0,0.0,0.0,0.0,65.6409486715104,0.0,0.0,0.0,0.0,0.0,0.0
87,21.75,R7Z8,82.30971743066587,0.0,0.0,0.0,0.0,9.51236254458751,160.0,0.0,50.21005514341695,0.0,0.0,0.0,139.42638739891095,0.0,0.0,0.0,0.0,0.0,0.0
87,21.75,R7Z9,114.63207066523168,0.0,0.0,14.731484032363483,106.00637997189283,-3.552713678800501e-15,0.0,0.0,50.21005514341695,0.0,0.0,0.0,76.23277712920276,0.0,0.0,0.0,0.0,0.0,0.0
87,21.75,R8Z1,127.2236702457525,0.0,135.0,0.0,0.0,10.361153033243742,96.06095121616468,0.0,25.105027571708476,0.0,0.0,0.0,81.17527836643646,0.0,0.0,624.8064432704908,0.0,0.0,0.0
87,21.75,R8Z2,68.75639305206496,0.0,135.0,0.0,89.08759853030581,16.384232838459642,17.999778058612236,0.0,25.105027571708476,0.0,0.0,0.0,141.41442657024552,0.0,0.0,0.0,0.0,0.0,0.0
87,21.75,R8Z3,52.578852292526314,0.0,0.0,0.0,0.0,9.631650740037665,160.0,0.0,25.105027571708476,0.0,0.0,0.0,165.4448576062231,0.0,0.0,0.0,0.0,0.0,0.0
87,21.75,R8Z4,149.46380070542193,0.0,0.0,0.0,42.81048863121276,3.077775363795819,56.558894122692635,0.0,0.0,0.0,0.0,0.0,0.0,0.0,0.0,0.0,0.0,0.0,0.0
87,21.75,R8Z5,85.4800129268631,0.0,0.0,0.0,0.0,3.1010025086225648,75.15345136951018,0.0,25.105027571708476,0.0,0.0,0.0,82.33403167567033,0.0,0.0,0.0,0.0,0.0,0.0
87,21.75,R8Z6,137.3433353675162,0.0,0.0,0.0,0.0,2.1855976274789564,73.55980687857843,0.0,25.105027571708476,0.0,0.0,0.0,0.0,0.0,0.0,0.0,0.0,0.0,0.0
87,21.75,R8Z7,76.15531581472162,0.0,0.0,12.410321350375085,49.54261356488762,-1.7763568394002505e-15,0.0,0.0,0.0,0.0,0.0,0.0,76.2811100604068,0.0,0.0,0.0,0.0,0.0,0.0
87,21.75,R8Z8,129.3628051267914,0.0,0.0,11.103975363490946,195.73802398252505,5.329070518200751e-15,0.0,0.0,25.105027571708476,0.0,0.0,0.0,81.10326999859252,0.0,0.0,0.0,0.0,0.0,0.0
87,21.75,R9Z1,93.83744229324685,0.0,135.0,0.0,0.0,2.842289162389583,41.37022619254289,0.0,25.105027571708476,0.0,0.0,0.0,0.0,0.0,0.0,623.7350938809234,0.0,0.0,0.0
87,21.75,R9Z2,129.90486263047256,0.0,135.0,6.68259581338873,120.24924170003885,-8.881784197001252e-16,0.0,0.0,25.105027571708476,0.0,0.0,0.0,72.12067255750998,0.0,0.0,623.7350938809234,0.0,0.0,0.0
87,21.75,R9Z3,132.50076965089832,0.0,0.0,0.0,0.0,9.738106316633957,65.81874772014517,0.0,50.21005514341695,0.0,0.0,0.0,132.57137992781628,0.0,0.0,0.0,0.0,0.0,0.0
87,21.75,R9Z4,121.70612941390449,0.0,0.0,0.0,23.744854958553987,13.20448657439026,166.12498652627562,0.0,25.105027571708476,0.0,0.0,0.0,69.53468677914508,0.0,0.0,0.0,0.0,0.0,0.0
87,21.75,R9Z5,66.85438834514652,0.0,0.0,0.0,0.0,3.665757166588016,182.20201889553329,0.0,25.105027571708476,0.0,0.0,0.0,144.82365793595895,0.0,0.0,0.0,0.0,0.0,0.0
87,21.75,R9Z6,73.04431907348436,0.0,0.0,0.0,0.0,4.138391790132126,48.409257527715404,0.0,25.105027571708476,0.0,0.0,0.0,153.98033479500535,0.0,0.0,0.0,0.0,0.0,0.0
87,21.75,R9Z7,97.26238586685577,0.0,0.0,8.414808017574316,63.45806367708725,1.7763568394002505e-15,0.0,0.0,0.0,0.0,0.0,0.0,73.79834850116843,0.0,0.0,0.0,0.0,0.0,0.0
87,21.75,R9Z8,156.00718063163538,0.0,0.0,14.17311388333691,42.02411403249043,0.0,0.0,0.0,25.105027571708476,0.0,0.0,0.0,68.95659105437164,0.0,0.0,0.0,0.0,0.0,0.0
87,21.75,R9Z9,91.78712512639932,0.0,0.0,0.0,0.0,7.406620607682823,32.659397809383044,0.0,0.0,0.0,0.0,0.0,156.48531096129645,0.0,0.0,0.0,0.0,0.0,0.0
87,21.75,R9Z10,85.6419177841271,0.0,0.0,0.0,186.60748129832587,6.713027824152649,19.17668401340549,0.0,0.0,0.0,0.0,0.0,0.0,0.0,0.0,0.0,0.0,0.0,0.0
87,21.75,R9Z11,122.88682982399797,0.0,0.0,0.2798553643144146,240.0,-8.881784197001252e-16,0.0,0.0,0.0,0.0,0.0,0.0,154.65335222470054,0.0,0.0,0.0,0.0,0.0,0.0
87,21.75,R10Z1,101.60465022356318,0.0,0.0,0.0,0.0,8.717162240668943,86.19982053365426,0.0,0.0,0.0,0.0,0.0,67.79350542716429,0.0,80.0,591.2852098380779,0.0,0.0,0.0
87,21.75,R10Z2,81.74964805347913,0.0,0.0,0.0,0.0,7.525529683612106,68.34429662638402,0.0,0.0,0.0,0.0,0.0,161.45041217845144,0.0,0.0,623.7350938809234,0.0,0.0,0.0
87,21.75,R10Z3,108.23351904158355,0.0,0.0,0.0,0.0,15.451498990521404,95.01496189989993,0.0,0.0,0.0,0.0,0.0,77.60840090935983,0.0,0.0,0.0,0.0,0.0,0.0
87,21.75,R10Z4,135.9412973836699,0.0,0.0,0.0,0.0,7.140317421398117,67.71330959771129,0.0,50.21005514341695,0.0,0.0,0.0,78.68646874264432,0.0,0.0,0.0,0.0,0.0,0.0
87,21.75,R10Z5,65.75395723603293,0.0,0.0,0.0,115.77896986219471,9.629055606973907,88.19405385562578,0.0,50.21005514341695,0.0,0.0,0.0,0.0,0.0,0.0,0.0,0.0,0.0,0.0
87,21.75,R10Z6,134.02812232603097,0.0,0.0,11.458785025166293,36.65026234809286,-1.7763568394002505e-15,0.0,0.0,50.21005514341695,0.0,0.0,0.0,66.75788216200246,0.0,0.0,0.0,0.0,0.0,0.0
87,21.75,R10Z7,119.03590195930708,0.0,0.0,1.5581501470382761,178.39062729205094,9.547918011776346e-15,0.0,0.0,50.21005514341695,0.0,0.0,0.0,80.76199755775463,0.0,0.0,0.0,0.0,0.0,0.0
87,21.75,R10Z8,101.53274544248829,0.0,0.0,6.463983094988194,67.70541045782974,-8.881784197001252e-16,0.0,0.0,0.0,0.0,0.0,0.0,78.15069030082635,0.0,0.0,0.0,0.0,0.0,0.0
87,21.75,R10Z9,99.29571268355174,0.0,0.0,3.185179497433438,114.47052361840358,-1.7763568394002505e-15,0.0,0.0,25.105027571708476,0.0,0.0,0.0,0.0,0.0,0.0,0.0,0.0,0.0,0.0
87,21.75,R11Z1,76.3910987452781,0.0,135.0,0.0,0.0,13.359267308212342,184.80475235126858,0.0,50.21005514341695,0.0,0.0,0.0,152.56990709364163,0.0,0.0,0.0,0.0,0.0,0.0
87,21.75,R11Z2,94.12391563414457,0.0,135.0,0.0,0.0,11.83104282992472,49.328776394054046,0.0,25.105027571708476,0.0,0.0,0.0,66.82186901290714,0.0,0.0,0.0,0.0,0.0,0.0
87,21.75,R11Z3,101.20309827591443,0.0,0.0,0.0,0.0,7.574325199111977,71.62720944055755,0.0,25.105027571708476,0.0,0.0,0.0,0.0,0.0,0.0,0.0,0.0,0.0,0.0
87,21.75,R11Z4,163.9048428472687,0.0,0.0,28.272574214567584,178.98054985232824,1.0658141036401503e-14,0.0,0.0,0.0,0.0,0.0,0.0,77.4748948160985,0.0,0.0,0.0,0.0,0.0,0.0
87,21.75,R11Z5,69.49476917985895,0.0,0.0,0.0,0.0,6.923134712703042,44.10897186422393,0.0,25.105027571708476,0.0,0.0,0.0,84.8311078635723,0.0,0.0,0.0,0.0,0.0,0.0
87,21.75,R11Z6,111.16348226687299,0.0,0.0,0.0,0.0,4.9363642212430765,144.3861857853896,0.0,0.0,0.0,0.0,0.0,0.0,0.0,0.0,0.0,0.0,0.0,0.0
87,21.75,R11Z7,110.86539977114563,0.0,0.0,0.0,0.0,7.541731269389478,160.0,0.0,25.105027571708476,0.0,0.0,0.0,0.0,0.0,0.0,0.0,0.0,0.0,0.0
87,21.75,R11Z8,87.24483214869294,0.0,0.0,11.928235487638062,136.7434268886859,-1.0658141036401503e-14,0.0,0.0,25.105027571708476,0.0,0.0,0.0,152.42239221462694,0.0,0.0,0.0,0.0,0.0,0.0
87,21.75,R12Z1,84.19693929131994,0.0,135.0,0.0,0.0,16.188125019177765,181.23031668061313,0.0,50.21005514341695,0.0,0.0,0.0,131.58159374056024,0.0,0.0,0.0,0.0,0.0,0.0
87,21.75,R12Z2,121.84550165864432,0.0,135.0,0.0,0.0,5.003732253423762,144.65144057741787,0.0,25.105027571708476,0.0,0.0,0.0,83.93092500062178,0.0,0.0,0.0,0.0,0.0,0.0
87,21.75,R12Z3,97.40070762087502,0.0,0.0,36.93868253665474,58.05594784338335,0.0,0.0,0.0,25.105027571708476,0.0,0.0,0.0,152.08297776670125,0.0,0.0,0.0,0.0,0.0,0.0
87,21.75,R12Z4,123.6935489970784,0.0,0.0,0.0,0.0,25.36321009573308,24.16036294240883,0.0,0.0,0.0,0.0,0.0,0.0,0.0,0.0,0.0,0.0,0.0,0.0
87,21.75,R12Z5,103.27286457775391,0.0,0.0,0.0,0.0,7.782926278304661,113.98361732554334,0.0,0.0,0.0,0.0,0.0,143.9797282178153,0.0,0.0,0.0,0.0,0.0,0.0
87,21.75,R12Z6,87.03100715503709,0.0,0.0,10.351659380525007,97.95937818812519,5.329070518200751e-15,0.0,0.0,0.0,0.0,0.0,0.0,0.0,0.0,0.0,0.0,0.0,0.0,0.0
87,21.75,R12Z7,69.13792052414134,0.0,0.0,0.0,0.0,24.034546611748443,106.3843799466647,0.0,50.21005514341695,0.0,0.0,0.0,0.0,0.0,0.0,0.0,0.0,0.0,0.0
87,21.75,R12Z8,123.73339308792485,0.0,0.0,0.0,12.17037216725305,14.953365843594083,118.97185683658952,0.0,0.0,0.0,0.0,0.0,69.54309714414578,0.0,0.0,0.0,0.0,0.0,0.0
87,21.75,R12Z9,94.28095388505838,0.0,0.0,9.750624255649143,152.13895489409248,5.329070518200751e-15,0.0,0.0,50.21005514341695,0.0,0.0,0.0,157.78793593508203,0.0,0.0,0.0,0.0,0.0,0.0
88,22.0,R1Z1,62.18628518641804,0.0,0.0,11.45697330734734,240.0,-1.7763568394002505e-15,0.0,0.0,57.25772860608296,0.0,0.0,0.0,144.13645262060336,0.0,0.0,564.6207049729713,0.0,0.0,0.0
88,22.0,R1Z2,59.88538023126393,0.0,0.0,3.9741582319239654,98.28750630445126,-6.661338147750939e-15,0.0,0.0,57.25772860608296,0.0,0.0,0.0,200.4074638946155,0.0,0.0,0.0,0.0,0.0,0.0
88,22.0,R1Z3,145.42323037262497,0.0,0.0,19.04290657921372,50.62695878032274,-7.105427357601002e-15,0.0,0.0,28.62886430304148,0.0,0.0,0.0,200.4074638946155,0.0,0.0,0.0,0.0,0.0,0.0
88,22.0,R1Z4,107.71803413784058,0.0,0.0,11.726524828502534,64.20063899589508,1.7763568394002505e-15,0.0,0.0,57.25772860608296,0.0,0.0,0.0,0.0,0.0,0.0,0.0,0.0,0.0,0.0
88,22.0,R1Z5,144.6012502810744,0.0,0.0,6.7733776195378255,58.10610102296897,-4.440892098500626e-15,0.0,0.0,57.25772860608296,0.0,0.0,0.0,0.0,0.0,0.0,0.0,0.0,0.0,0.0
88,22.0,R1Z6,174.9354286525186,0.0,0.0,16.431068949837396,86.39365058052778,-7.105427357601002e-15,0.0,0.0,0.0,0.0,0.0,0.0,100.20373194730774,0.0,0.0,0.0,0.0,0.0,0.0
88,22.0,R1Z7,96.91176999551682,0.0,0.0,1.4325666264282901,60.11962259351114,2.220446049250313e-16,0.0,0.0,28.62886430304148,0.0,0.0,0.0,100.20373194730774,0.0,0.0,0.0,0.0,0.0,0.0
88,22.0,R1Z8,95.98841500940831,0.0,0.0,4.692582173928187,122.79547502493224,6.217248937900877e-15,0.0,0.0,0.0,0.0,0.0,0.0,0.0,0.0,0.0,0.0,0.0,0.0,0.0
88,22.0,R1Z9,124.30228243756237,0.0,0.0,5.8201053676454535,178.41456716529552,1.1546319456101628e-14,0.0,0.0,0.0,0.0,0.0,0.0,200.4074638946155,0.0,0.0,0.0,0.0,0.0,0.0
88,22.0,R1Z10,109.8675565879642,0.0,0.0,12.609244722967581,55.75069268799641,0.0,0.0,0.0,0.0,0.0,0.0,0.0,200.4074638946155,0.0,0.0,0.0,0.0,0.0,0.0
88,22.0,R2Z1,106.54249576038674,0.0,135.0,11.886087100416518,133.29765131371337,-1.4210854715202004e-14,0.0,0.0,0.0,0.0,0.0,0.0,70.91633490879087,0.0,0.0,625.3428078381609,0.0,0.0,0.0
88,22.0,R2Z2,106.95167987986977,0.0,135.0,0.0,0.0,0.0,66.28539113830846,0.0,0.0,0.0,0.0,0.0,76.64830066974058,0.0,80.0,598.8490978793099,0.0,0.0,0.0
88,22.0,R2Z3,130.2615315985747,0.0,0.0,0.0,0.0,28.563453344210068,38.887928768642425,0.0,28.62886430304148,0.0,0.0,0.0,66.34994362515387,0.0,0.0,0.0,0.0,0.0,0.0
88,22.0,R2Z4,104.97639150280474,0.0,0.0,3.062905235677391,140.72337369353778,-1.1546319456101628e-14,0.0,0.0,57.25772860608296,0.0,0.0,0.0,0.0,0.0,0.0,0.0,0.0,0.0,0.0
88,22.0,R2Z5,72.49562680071064,0.0,0.0,0.0,0.0,6.809139444965982,113.66110445036563,0.0,28.62886430304148,0.0,0.0,0.0,0.0,0.0,0.0,0.0,0.0,0.0,0.0
88,22.0,R2Z6,82.63590521453354,0.0,0.0,5.640492004343315,84.73381445074759,8.881784197001252e-16,0.0,0.0,57.25772860608296,0.0,0.0,0.0,160.20093923026087,0.0,0.0,0.0,0.0,0.0,0.0
88,22.0,R2Z7,117.74094658108106,0.0,0.0,0.0,36.26373511428257,0.0,0.0,0.0,57.25772860608296,0.0,0.0,0.0,81.85311508123662,0.0,0.0,0.0,0.0,0.0,0.0
88,22.0,R2Z8,96.99465652692585,0.0,0.0,0.0,0.0,5.710249512676388,50.37826294521188,0.0,0.0,0.0,0.0,0.0,84.34670366380969,0.0,0.0,0.0,0.0,0.0,0.0
88,22.0,R2Z9,58.28285501000051,0.0,0.0,0.0,136.45147417280776,0.0,0.0,0.0,28.62886430304148,0.0,0.0,0.0,77.14490608793456,0.0,0.0,0.0,0.0,0.0,0.0
88,22.0,R3Z1,76.92763644188479,0.0,0.0,0.0,0.0,0.0,41.941471545077185,0.0,0.0,0.0,0.0,0.0,0.0,0.0,0.0,0.0,0.0,0.0,0.0
88,22.0,R3Z2,102.29846947249544,0.0,0.0,0.0,0.0,17.562674636627005,103.64596638550114,0.0,57.25772860608296,0.0,0.0,0.0,153.6613751088609,0.0,0.0,0.0,0.0,0.0,0.0
88,22.0,R3Z3,148.78854163500108,0.0,0.0,0.0,0.0,4.740046701401235,21.72834574923778,0.0,28.62886430304148,0.0,0.0,0.0,0.0,0.0,0.0,0.0,0.0,0.0,0.0
88,22.0,R4Z1,115.69038115794946,0.0,135.0,0.0,0.0,0.0,136.14865987571628,0.0,57.25772860608296,0.0,0.0,0.0,76.02177747551816,0.0,0.0,0.0,0.0,0.0,0.0
88,22.0,R4Z2,145.96573301530879,0.0,0.0,0.0,33.280711251289645,0.0,0.0,0.0,57.25772860608296,0.0,0.0,0.0,150.28417389611798,0.0,0.0,0.0,0.0,0.0,0.0
88,22.0,R4Z3,127.97269785123572,0.0,0.0,0.0,136.0142110759823,0.0,0.0,0.0,0.0,0.0,0.0,0.0,0.0,0.0,0.0,0.0,0.0,0.0,0.0
88,22.0,R4Z4,125.67957485947022,0.0,0.0,1.1478128275950823,61.43226397384546,1.1102230246251565e-15,0.0,0.0,0.0,0.0,0.0,0.0,0.0,0.0,0.0,0.0,0.0,0.0,0.0
88,22.0,R4Z5,89.51984483325414,0.0,0.0,0.0,31.90863577330488,1.408243347009866,106.19348784699973,0.0,57.25772860608296,0.0,0.0,0.0,0.0,0.0,0.0,0.0,0.0,0.0,0.0
88,22.0,R4Z6,88.51876390353827,0.0,0.0,2.853379034083801,42.01839754080103,-3.552713678800501e-15,0.0,0.0,57.25772860608296,0.0,0.0,0.0,143.03015892931987,0.0,0.0,0.0,0.0,0.0,0.0
88,22.0,R4Z7,132.11892937349378,0.0,0.0,0.0,183.62686978213515,0.0,0.0,0.0,57.25772860608296,0.0,0.0,0.0,0.0,0.0,0.0,0.0,0.0,0.0,0.0
88,22.0,R4Z8,88.42856115152257,0.0,0.0,0.0,0.0,0.0,65.02783296049861,0.0,57.25772860608296,0.0,0.0,0.0,0.0,0.0,0.0,0.0,0.0,0.0,0.0
88,22.0,R4Z9,97.14189611590486,0.0,0.0,0.0,137.57982243896262,0.0,0.0,0.0,0.0,0.0,0.0,0.0,82.78737164684799,0.0,0.0,0.0,0.0,0.0,0.0
88,22.0,R4Z10,87.70412211096959,0.0,0.0,0.0,0.0,1.3148705348881993,128.44902430500466,0.0,0.0,0.0,0.0,0.0,84.33750123033039,0.0,0.0,0.0,0.0,0.0,0.0
88,22.0,R4Z11,163.12844122976264,0.0,0.0,1.720499794255531,82.40193787286006,-3.552713678800501e-15,0.0,0.0,28.62886430304148,0.0,0.0,0.0,78.02382557476606,0.0,0.0,0.0,0.0,0.0,0.0
88,22.0,R5Z1,65.8977480682355,0.0,135.0,0.0,0.0,19.606691844734257,40.304130366475384,0.0,0.0,0.0,0.0,0.0,68.11778071440582,0.0,0.0,0.0,0.0,0.0,0.0
88,22.0,R5Z2,91.32643527512376,0.0,135.0,0.0,11.136902185852506,4.666287967438352,43.3378365406348,0.0,28.62886430304148,0.0,0.0,0.0,162.07425201680826,0.0,0.0,0.0,0.0,0.0,0.0
88,22.0,R5Z3,96.43327412860909,0.0,0.0,0.0,0.0,18.818809086268626,214.67885114518162,0.0,28.62886430304148,0.0,0.0,0.0,137.47018579544945,0.0,0.0,0.0,0.0,0.0,0.0
88,22.0,R5Z4,90.01904309269959,0.0,0.0,12.513839062331101,65.46161955275039,5.329070518200751e-15,0.0,0.0,57.25772860608296,0.0,0.0,0.0,0.0,0.0,0.0,0.0,0.0,0.0,0.0
88,22.0,R5Z5,94.17614373666379,0.0,0.0,0.0,0.0,6.62059346541974,101.76818286736781,0.0,28.62886430304148,0.0,0.0,0.0,75.6305906073517,0.0,0.0,0.0,0.0,0.0,0.0
88,22.0,R5Z6,162.49127322299609,0.0,0.0,4.9646851434764585,101.95417381237448,1.7763568394002505e-15,0.0,0.0,57.25772860608296,0.0,0.0,0.0,153.52325313645852,0.0,0.0,0.0,0.0,0.0,0.0
88,22.0,R5Z7,79.19155085795398,0.0,0.0,13.844615940712458,48.419312967395754,-3.552713678800501e-15,0.0,0.0,0.0,0.0,0.0,0.0,83.29187676693941,0.0,0.0,0.0,0.0,0.0,0.0
88,22.0,R5Z8,119.20973995813591,0.0,0.0,10.874323498364873,152.85851555510146,-7.105427357601002e-15,0.0,0.0,28.62886430304148,0.0,0.0,0.0,155.02587096944765,0.0,0.0,0.0,0.0,0.0,0.0
88,22.0,R5Z9,122.31369380227365,0.0,0.0,0.0,0.0,20.866768972140676,118.58759846360326,0.0,0.0,0.0,0.0,0.0,80.76996709585771,0.0,0.0,0.0,0.0,0.0,0.0
88,22.0,R6Z1,119.36464187672391,0.0,135.0,0.0,0.0,17.396466011785826,48.78318622374404,0.0,0.0,0.0,0.0,0.0,0.0,0.0,0.0,623.2001082701884,0.0,0.0,0.0
88,22.0,R6Z2,132.30355995947997,0.0,135.0,0.0,24.310129565975885,11.678195423024752,9.980858430948516,0.0,57.25772860608296,0.0,0.0,0.0,131.57665031100834,0.0,0.0,623.7350938809234,0.0,0.0,0.0
88,22.0,R6Z3,95.19745184818676,0.0,0.0,15.838843008344156,102.18795991549791,-1.7763568394002505e-15,0.0,0.0,28.62886430304148,0.0,0.0,0.0,77.49295349899906,0.0,0.0,0.0,0.0,0.0,0.0
88,22.0,R6Z4,97.39624399073112,0.0,0.0,0.0,0.0,4.258207422217669,156.68017498417484,0.0,28.62886430304148,0.0,0.0,0.0,73.47991677518554,0.0,0.0,0.0,0.0,0.0,0.0
88,22.0,R7Z1,82.86713332023089,0.0,135.0,0.0,0.0,9.27308764509803,215.35689705916582,0.0,28.62886430304148,0.0,0.0,0.0,0.0,0.0,80.0,590.8404434243712,0.0,0.0,0.0
88,22.0,R7Z2,80.04772471036813,0.0,135.0,0.0,0.0,6.831838998334105,68.40660015991966,0.0,0.0,0.0,0.0,0.0,156.65350050775123,0.0,0.0,0.0,0.0,0.0,0.0
88,22.0,R7Z3,66.06948194410704,0.0,0.0,0.0,0.0,3.0752999034762936,218.07590092680303,0.0,57.25772860608296,0.0,0.0,0.0,133.78353149409335,0.0,0.0,0.0,0.0,0.0,0.0
88,22.0,R7Z4,116.88251631205839,0.0,0.0,0.0,0.0,14.4324400882236,191.85104056764732,0.0,28.62886430304148,0.0,0.0,0.0,65.27461681696651,0.0,0.0,0.0,0.0,0.0,0.0
88,22.0,R7Z5,120.46772659689643,0.0,0.0,2.9607744921054007,240.0,8.881784197001252e-16,0.0,0.0,57.25772860608296,0.0,0.0,0.0,0.0,0.0,0.0,0.0,0.0,0.0,0.0
88,22.0,R7Z6,79.62232766234742,0.0,0.0,10.096781924615215,105.84061880013846,-7.105427357601002e-15,0.0,0.0,57.25772860608296,0.0,0.0,0.0,0.0,0.0,0.0,0.0,0.0,0.0,0.0
88,22.0,R7Z7,108.40586309439344,0.0,0.0,0.0,0.0,0.0,137.8426374328046,0.0,0.0,0.0,0.0,0.0,65.56754716588799,0.0,0.0,0.0,0.0,0.0,0.0
88,22.0,R7Z8,110.33199844266939,0.0,0.0,0.0,0.0,12.83381538502868,156.5831074538636,0.0,57.25772860608296,0.0,0.0,0.0,139.270476995943,0.0,0.0,0.0,0.0,0.0,0.0
88,22.0,R7Z9,112.82809481799748,0.0,0.0,1.3765576767187895,90.48501283135515,8.881784197001252e-16,0.0,0.0,57.25772860608296,0.0,0.0,0.0,76.14753155106426,0.0,0.0,0.0,0.0,0.0,0.0
88,22.0,R8Z1,114.7296978681876,0.0,135.0,0.0,0.0,5.097114883817971,83.5766384007359,0.0,28.62886430304148,0.0,0.0,0.0,81.08450594812128,0.0,0.0,624.2705387496077,0.0,0.0,0.0
88,22.0,R8Z2,93.41329672231488,0.0,135.0,0.0,0.0,11.715381644163134,154.34609364626107,0.0,28.62886430304148,0.0,0.0,0.0,141.25629308745673,0.0,0.0,0.0,0.0,0.0,0.0
88,22.0,R8Z3,53.787113424814144,0.0,0.0,0.0,0.0,3.935581778117298,113.98100281873246,0.0,28.62886430304148,0.0,0.0,0.0,165.25985263765455,0.0,0.0,0.0,0.0,0.0,0.0
88,22.0,R8Z4,139.48920162403314,0.0,0.0,0.0,0.0,0.0,78.93773359555396,0.0,0.0,0.0,0.0,0.0,0.0,0.0,0.0,0.0,0.0,0.0,0.0
88,22.0,R8Z5,87.44549049681646,0.0,0.0,0.0,84.28347115376637,0.0,0.0,0.0,28.62886430304148,0.0,0.0,0.0,82.24196350768571,0.0,0.0,0.0,0.0,0.0,0.0
88,22.0,R8Z6,140.7925690197566,0.0,0.0,0.0,89.27895523781187,0.0,0.0,0.0,28.62886430304148,0.0,0.0,0.0,0.0,0.0,0.0,0.0,0.0,0.0,0.0
88,22.0,R8Z7,62.987176513936305,0.0,0.0,0.0,0.0,14.794631204432369,57.7637370543485,0.0,0.0,0.0,0.0,0.0,76.1958104350616,0.0,0.0,0.0,0.0,0.0,0.0
88,22.0,R8Z8,121.79918560621287,0.0,0.0,2.4985144185318546,121.76604753438079,5.329070518200751e-15,0.0,0.0,28.62886430304148,0.0,0.0,0.0,81.01257810200538,0.0,0.0,0.0,0.0,0.0,0.0
88,22.0,R9Z1,94.29336785333265,0.0,135.0,0.0,0.0,1.4690018411462487,52.140285452511066,0.0,28.62886430304148,0.0,0.0,0.0,0.0,0.0,0.0,623.2001082701884,0.0,0.0,0.0
88,22.0,R9Z2,134.20131393415485,0.0,135.0,0.0,48.96178570914293,1.0801194244564896,75.05377544449242,0.0,28.62886430304148,0.0,0.0,0.0,72.04002524726597,0.0,0.0,623.2001082701884,0.0,0.0,0.0
88,22.0,R9Z3,130.51730781412968,0.0,0.0,2.1441110117797564,78.32017451783601,-6.661338147750939e-15,0.0,0.0,57.25772860608296,0.0,0.0,0.0,132.4231349818476,0.0,0.0,0.0,0.0,0.0,0.0
88,22.0,R9Z4,115.4488878854701,0.0,0.0,0.0,0.0,6.091032367590623,71.24348335289825,0.0,28.62886430304148,0.0,0.0,0.0,69.45693118898575,0.0,0.0,0.0,0.0,0.0,0.0
88,22.0,R9Z5,68.41952389953224,0.0,0.0,8.554001426061632,94.38678049084247,-1.7763568394002505e-15,0.0,0.0,28.62886430304148,0.0,0.0,0.0,144.66171215733465,0.0,0.0,0.0,0.0,0.0,0.0
88,22.0,R9Z6,81.37245011321727,0.0,0.0,0.0,0.0,2.07516319333631,55.92019943247298,0.0,28.62886430304148,0.0,0.0,0.0,153.80814976966764,0.0,0.0,0.0,0.0,0.0,0.0
88,22.0,R9Z7,87.32484706168351,0.0,0.0,0.0,16.121042765268953,13.006155437962324,27.1147805593925,0.0,0.0,0.0,0.0,0.0,73.71582516776049,0.0,0.0,0.0,0.0,0.0,0.0
88,22.0,R9Z8,139.44083594183772,0.0,0.0,8.811467297147018,45.06127233466307,3.552713678800501e-15,0.0,0.0,28.62886430304148,0.0,0.0,0.0,68.87948190667622,0.0,0.0,0.0,0.0,0.0,0.0
88,22.0,R9Z9,106.78714221915048,0.0,0.0,5.900394894669496,49.65290340876608,0.0,0.0,0.0,0.0,0.0,0.0,0.0,156.31032480303978,0.0,0.0,0.0,0.0,0.0,0.0
88,22.0,R9Z10,91.0230189463388,0.0,0.0,5.9586953679610986,82.6070003343525,8.881784197001252e-16,0.0,0.0,0.0,0.0,0.0,0.0,0.0,0.0,0.0,0.0,0.0,0.0,0.0
88,22.0,R9Z11,118.66102375167574,0.0,0.0,3.4735699484637337,155.07655528402867,-9.769962616701378e-15,0.0,0.0,0.0,0.0,0.0,0.0,154.48041461285013,0.0,0.0,0.0,0.0,0.0,0.0
88,22.0,R10Z1,102.40780165440096,0.0,0.0,0.0,0.0,6.622471977707444,138.03284259201715,0.0,0.0,0.0,0.0,0.0,67.71769687365483,0.0,80.0,569.335806213409,0.0,0.0,0.0
88,22.0,R10Z2,65.30807799779937,0.0,0.0,0.0,0.0,7.987527049596034,134.2779319886637,0.0,0.0,0.0,0.0,0.0,161.26987390810189,0.0,0.0,623.2001082701884,0.0,0.0,0.0
88,22.0,R10Z3,131.79195623952444,0.0,0.0,0.0,0.0,5.925704043697479,86.77564550145489,0.0,0.0,0.0,0.0,0.0,77.52161707105483,0.0,0.0,0.0,0.0,0.0,0.0
88,22.0,R10Z4,136.36225805450303,0.0,0.0,0.0,0.0,5.442177294793017,69.83016700388666,0.0,57.25772860608296,0.0,0.0,0.0,78.59847937937772,0.0,0.0,0.0,0.0,0.0,0.0
88,22.0,R10Z5,68.60101549205093,0.0,0.0,4.400264873271027,140.26083090817855,-2.6645352591003757e-15,0.0,0.0,57.25772860608296,0.0,0.0,0.0,0.0,0.0,0.0,0.0,0.0,0.0,0.0
88,22.0,R10Z6,137.31064287147245,0.0,0.0,8.384654457852037,64.72965059940216,7.105427357601002e-15,0.0,0.0,57.25772860608296,0.0,0.0,0.0,66.68323167077666,0.0,0.0,0.0,0.0,0.0,0.0
88,22.0,R10Z7,132.65917906183458,0.0,0.0,3.7869612018867542,209.94924971074371,-1.0658141036401503e-14,0.0,0.0,57.25772860608296,0.0,0.0,0.0,80.67168728135265,0.0,0.0,0.0,0.0,0.0,0.0
88,22.0,R10Z8,116.1393550464392,0.0,0.0,0.0,0.0,6.365827719269478,62.229090121227316,0.0,0.0,0.0,0.0,0.0,78.0633000596795,0.0,0.0,0.0,0.0,0.0,0.0
88,22.0,R10Z9,89.69223922936693,0.0,0.0,0.0,0.0,3.628274695775744,118.1912484189292,0.0,28.62886430304148,0.0,0.0,0.0,0.0,0.0,0.0,0.0,0.0,0.0,0.0
88,22.0,R11Z1,114.75731373623546,0.0,135.0,0.0,0.0,11.558000303826223,189.8351110036728,0.0,57.25772860608296,0.0,0.0,0.0,152.39929924716782,0.0,0.0,0.0,0.0,0.0,0.0
88,22.0,R11Z2,100.3724174438816,0.0,135.0,0.0,0.0,9.636799850080731,40.873680763673555,0.0,28.62886430304148,0.0,0.0,0.0,66.74714696983314,0.0,0.0,0.0,0.0,0.0,0.0
88,22.0,R11Z3,76.10633429406215,0.0,0.0,0.0,0.0,8.454956259213,51.78129630126829,0.0,28.62886430304148,0.0,0.0,0.0,0.0,0.0,0.0,0.0,0.0,0.0,0.0
88,22.0,R11Z4,181.28334074588406,0.0,0.0,0.0,135.37268523336192,24.719886587755354,51.231372009369494,0.0,0.0,0.0,0.0,0.0,77.3882602679615,0.0,0.0,0.0,0.0,0.0,0.0
88,22.0,R11Z5,47.02206841897849,0.0,0.0,0.0,0.0,6.102994396278579,48.02457065966002,0.0,28.62886430304148,0.0,0.0,0.0,84.73624739664083,0.0,0.0,0.0,0.0,0.0,0.0
88,22.0,R11Z6,113.1644440029728,0.0,0.0,5.130140536290568,110.06482901650975,8.881784197001252e-16,0.0,0.0,0.0,0.0,0.0,0.0,0.0,0.0,0.0,0.0,0.0,0.0,0.0
88,22.0,R11Z7,118.73854794313733,0.0,0.0,7.896460081513368,105.7209004647173,6.217248937900877e-15,0.0,0.0,28.62886430304148,0.0,0.0,0.0,0.0,0.0,0.0,0.0,0.0,0.0,0.0
88,22.0,R11Z8,115.16795181380674,0.0,0.0,17.359038871583564,125.09666116387636,7.105427357601002e-15,0.0,0.0,28.62886430304148,0.0,0.0,0.0,152.2519493233288,0.0,0.0,0.0,0.0,0.0,0.0
88,22.0,R12Z1,77.11529792683007,0.0,135.0,0.0,0.0,7.302875347761531,168.7568618338815,0.0,57.25772860608296,0.0,0.0,0.0,131.43445560059996,0.0,0.0,0.0,0.0,0.0,0.0
88,22.0,R12Z2,124.92162328173873,0.0,135.0,3.725078899004899,123.37163608176395,-4.884981308350689e-15,0.0,0.0,28.62886430304148,0.0,0.0,0.0,83.83707114280877,0.0,0.0,0.0,0.0,0.0,0.0
88,22.0,R12Z3,114.07398267029345,0.0,0.0,0.0,0.0,18.353695937694123,55.38108938534552,0.0,28.62886430304148,0.0,0.0,0.0,151.91291441792973,0.0,0.0,0.0,0.0,0.0,0.0
88,22.0,R12Z4,112.24448994196219,0.0,0.0,26.71199843614891,37.37922703310566,7.105427357601002e-15,0.0,0.0,0.0,0.0,0.0,0.0,0.0,0.0,0.0,0.0,0.0,0.0,0.0
88,22.0,R12Z5,118.40309297374033,0.0,0.0,0.0,0.0,7.806208612079156,117.17586958893448,0.0,0.0,0.0,0.0,0.0,143.81872614450307,0.0,0.0,0.0,0.0,0.0,0.0
88,22.0,R12Z6,78.01177258640364,0.0,0.0,0.0,0.0,7.040075947251555,165.01602219862497,0.0,0.0,0.0,0.0,0.0,0.0,0.0,0.0,0.0,0.0,0.0,0.0
88,22.0,R12Z7,63.234180679279746,0.0,0.0,0.0,0.0,16.394589643880423,108.58255452853649,0.0,57.25772860608296,0.0,0.0,0.0,0.0,0.0,0.0,0.0,0.0,0.0,0.0
88,22.0,R12Z8,116.44661377787456,0.0,0.0,17.959175856763537,68.32586644119358,-7.105427357601002e-15,0.0,0.0,0.0,0.0,0.0,0.0,69.46533214928607,0.0,0.0,0.0,0.0,0.0,0.0
88,22.0,R12Z9,97.88257697953043,0.0,0.0,7.763416331914613,182.32284146685367,-5.329070518200751e-15,0.0,0.0,57.25772860608296,0.0,0.0,0.0,157.61149314592234,0.0,0.0,0.0,0.0,0.0,0.0
89,22.25,R1Z1,64.51131815496242,0.0,0.0,6.921579414261522,54.270705342911135,3.552713678800501e-15,0.0,0.0,61.62040984746015,0.0,0.0,0.0,143.97527529377385,0.0,0.0,564.1364225337644,0.0,0.0,0.0
89,22.25,R1Z2,59.806103631483204,0.0,0.0,0.0,22.939982799481605,0.0,0.0,0.0,61.62040984746015,0.0,0.0,0.0,200.18336278264877,0.0,0.0,0.0,0.0,0.0,0.0
89,22.25,R1Z3,129.87647528567464,0.0,0.0,18.295891764997975,110.34911304758012,0.0,0.0,0.0,30.810204923730076,0.0,0.0,0.0,200.18336278264877,0.0,0.0,0.0,0.0,0.0,0.0
89,22.25,R1Z4,74.87011158730544,0.0,0.0,6.159389496841232,27.511545800414847,-8.881784197001252e-16,0.0,0.0,61.62040984746015,0.0,0.0,0.0,0.0,0.0,0.0,0.0,0.0,0.0,0.0
89,22.25,R1Z5,135.27650407208412,0.0,0.0,4.497745654215805,50.16263394064956,-1.7763568394002505e-15,0.0,0.0,61.62040984746015,0.0,0.0,0.0,0.0,0.0,0.0,0.0,0.0,0.0,0.0
89,22.25,R1Z6,147.7714068182293,0.0,0.0,10.022900832662074,52.54148574268888,3.552713678800501e-15,0.0,0.0,0.0,0.0,0.0,0.0,100.09168139132439,0.0,0.0,0.0,0.0,0.0,0.0
89,22.25,R1Z7,87.68252769956733,0.0,0.0,2.4629695015890896,30.826178298368188,-8.881784197001252e-16,0.0,0.0,30.810204923730076,0.0,0.0,0.0,100.09168139132439,0.0,0.0,0.0,0.0,0.0,0.0
89,22.25,R1Z8,85.52555099193454,0.0,0.0,2.1751175663551123,130.92191454197518,-4.884981308350689e-15,0.0,0.0,0.0,0.0,0.0,0.0,0.0,0.0,0.0,0.0,0.0,0.0,0.0
89,22.25,R1Z9,117.09696986101042,0.0,0.0,13.779372645043793,185.37007092561439,-3.552713678800501e-15,0.0,0.0,0.0,0.0,0.0,7.471380935328364,198.24510323669583,0.0,0.0,0.0,0.0,0.0,0.0
89,22.25,R1Z10,108.63371163970102,0.0,0.0,17.66843659039406,50.21578734721508,3.552713678800501e-15,0.0,0.0,0.0,0.0,0.0,12.563534640673756,196.92407361522712,0.0,0.0,0.0,0.0,0.0,0.0
89,22.25,R2Z1,105.19443975986371,0.0,135.0,0.0,0.0,18.46812681131879,83.35436997009404,0.0,0.0,0.0,0.0,0.0,70.83703432187252,0.0,0.0,624.8064432704908,0.0,0.0,0.0
89,22.25,R2Z2,104.02410572184905,0.0,135.0,1.803430616012001,50.44341756433974,-8.881784197001252e-16,0.0,0.0,0.0,0.0,0.0,0.0,76.56259044180477,0.0,80.0,576.8932066106026,0.0,0.0,0.0
89,22.25,R2Z3,116.04022749865176,0.0,0.0,14.448951029357055,48.679547983637804,1.7763568394002505e-15,0.0,0.0,30.810204923730076,0.0,0.0,0.0,66.27574930196667,0.0,0.0,0.0,0.0,0.0,0.0
89,22.25,R2Z4,108.94474515293633,0.0,0.0,0.0,73.40095397463662,4.323655449108266,107.71933213774619,0.0,61.62040984746015,0.0,0.0,0.0,0.0,0.0,0.0,0.0,0.0,0.0,0.0
89,22.25,R2Z5,79.25926490766425,0.0,0.0,3.8682171884786385,160.0,-1.021405182655144e-14,0.0,0.0,30.810204923730076,0.0,0.0,0.0,0.0,0.0,0.0,0.0,0.0,0.0,0.0
89,22.25,R2Z6,64.43189982143907,0.0,0.0,10.024530628517951,115.78714248420182,-3.552713678800501e-15,0.0,0.0,61.62040984746015,0.0,0.0,0.0,160.02179815476435,0.0,0.0,0.0,0.0,0.0,0.0
89,22.25,R2Z7,106.86583573623389,0.0,0.0,0.0,0.0,5.742087550044547,80.0,0.0,61.62040984746015,0.0,0.0,0.0,81.76158468735225,0.0,0.0,0.0,0.0,0.0,0.0
89,22.25,R2Z8,115.38831947689745,0.0,0.0,0.0,0.0,0.9567606093546113,36.682074670147,0.0,0.0,0.0,0.0,0.0,84.2523848709142,0.0,0.0,0.0,0.0,0.0,0.0
89,22.25,R2Z9,57.435048412565344,0.0,0.0,0.0,0.0,2.602149374962519,199.27606648536982,0.0,30.810204923730076,0.0,0.0,0.0,77.05864054222633,0.0,0.0,0.0,0.0,0.0,0.0
89,22.25,R3Z1,83.23111926437784,0.0,0.0,44.90878821530546,46.471095937370414,0.0,0.0,0.0,0.0,0.0,0.0,0.0,0.0,0.0,0.0,0.0,0.0,0.0,0.0
89,22.25,R3Z2,94.41011092999253,0.0,0.0,0.0,0.0,21.943003445994957,181.9366547578314,0.0,61.62040984746015,0.0,0.0,0.0,153.48954675297523,0.0,0.0,0.0,0.0,0.0,0.0
89,22.25,R3Z3,119.39793270480045,0.0,0.0,0.0,23.455527046327816,3.5911813141632765,14.005719850137993,0.0,30.810204923730076,0.0,0.0,0.0,0.0,0.0,0.0,0.0,0.0,0.0,0.0
89,22.25,R4Z1,136.6528331586195,0.0,135.0,0.0,0.0,0.0,139.735157911102,0.0,61.62040984746015,0.0,0.0,0.0,75.93676784296822,0.0,0.0,0.0,0.0,0.0,0.0
89,22.25,R4Z2,141.32930585541646,0.0,0.0,7.190250304287474,35.40011047221017,0.893306366340056,0.0,0.0,61.62040984746015,0.0,0.0,0.0,150.11612201907397,0.0,0.0,0.0,0.0,0.0,0.0
89,22.25,R4Z3,99.77440912221877,0.0,0.0,0.0,136.89294435367745,0.0,0.0,0.0,0.0,0.0,0.0,0.0,0.0,0.0,0.0,0.0,0.0,0.0,0.0
89,22.25,R4Z4,114.85376161391007,0.0,0.0,0.0,0.0,0.0,55.87219566525552,0.0,0.0,0.0,0.0,0.0,0.0,0.0,0.0,0.0,0.0,0.0,0.0
89,22.25,R4Z5,114.64990293139128,0.0,0.0,0.021249032445410876,135.1612800417035,1.0429157537572564e-14,0.0,0.0,61.62040984746015,0.0,0.0,0.0,0.0,0.0,0.0,0.0,0.0,0.0,0.0
89,22.25,R4Z6,104.78537310546211,0.0,0.0,0.36255268968583465,43.06091629057973,1.3877787807814457e-15,0.0,0.0,61.62040984746015,0.0,0.0,0.0,142.87021869037903,0.0,0.0,0.0,0.0,0.0,0.0
89,22.25,R4Z7,116.29001406276149,0.0,0.0,0.0,60.72155271903043,1.7965905006384397,64.34218338328276,0.0,61.62040984746015,0.0,0.0,0.0,0.0,0.0,0.0,0.0,0.0,0.0,0.0
89,22.25,R4Z8,104.29364049595415,0.0,0.0,0.0,0.0,0.0,50.29218044447039,0.0,61.62040984746015,0.0,0.0,0.0,0.0,0.0,0.0,0.0,0.0,0.0,0.0
89,22.25,R4Z9,97.88554417002676,0.0,0.0,0.0,0.0,2.211263617583975,131.19998019564142,0.0,0.0,0.0,0.0,0.0,82.69479654169812,0.0,0.0,0.0,0.0,0.0,0.0
89,22.25,R4Z10,101.05701699080134,0.0,0.0,0.0,88.42788429311861,0.0,0.0,0.0,0.0,0.0,0.0,0.0,84.24319272784793,0.0,0.0,0.0,0.0,0.0,0.0
89,22.25,R4Z11,155.34301957692563,0.0,0.0,6.443193439900753,79.30921107268269,-7.105427357601002e-15,0.0,0.0,30.810204923730076,0.0,0.0,0.0,77.93657719722862,0.0,0.0,0.0,0.0,0.0,0.0
89,22.25,R5Z1,67.54977243679993,0.0,135.0,0.0,0.0,17.318507653934496,69.33047880985187,0.0,0.0,0.0,0.0,0.0,68.04160954739365,0.0,0.0,0.0,0.0,0.0,0.0
89,22.25,R5Z2,100.46123284633917,0.0,135.0,4.245924387416935,40.65388838201707,1.7763568394002505e-15,0.0,0.0,30.810204923730076,0.0,0.0,0.0,161.89301615167483,0.0,0.0,0.0,0.0,0.0,0.0
89,22.25,R5Z3,106.81246353532009,0.0,0.0,0.0,0.0,14.376252519283442,217.9814439823911,0.0,30.810204923730076,0.0,0.0,0.0,137.31646287066243,0.0,0.0,0.0,0.0,0.0,0.0
89,22.25,R5Z4,94.28346160865787,0.0,0.0,0.0,0.0,14.688307435365957,38.943476402950225,0.0,61.62040984746015,0.0,0.0,0.0,0.0,0.0,0.0,0.0,0.0,0.0,0.0
89,22.25,R5Z5,103.9442151404256,0.0,0.0,7.4223570301169275,160.0,2.6645352591003757e-15,0.0,0.0,30.810204923730076,0.0,0.0,0.0,75.54601841066587,0.0,0.0,0.0,0.0,0.0,0.0
89,22.25,R5Z6,157.5578199314402,0.0,0.0,0.0,42.60073728133651,4.025691125510644,34.63129536728633,0.0,61.62040984746015,0.0,0.0,0.0,153.35157923234328,0.0,0.0,0.0,0.0,0.0,0.0
89,22.25,R5Z7,86.86384142859272,0.0,0.0,0.0,0.0,8.780850142015103,72.86673500163002,0.0,0.0,0.0,0.0,0.0,83.19873751035423,0.0,0.0,0.0,0.0,0.0,0.0
89,22.25,R5Z8,123.16969995501174,0.0,0.0,0.0,0.0,8.171062925063342,66.08458141340417,0.0,30.810204923730076,0.0,0.0,0.0,154.85251679693974,0.0,0.0,0.0,0.0,0.0,0.0
89,22.25,R5Z9,107.68377701918054,0.0,0.0,11.614139008068122,165.3075984229717,7.105427357601002e-15,0.0,0.0,0.0,0.0,0.0,0.0,80.67964790770006,0.0,0.0,0.0,0.0,0.0,0.0
89,22.25,R6Z1,130.28015859007468,0.0,135.0,17.530606759763486,56.97518727038721,0.0,0.0,0.0,0.0,0.0,0.0,0.0,0.0,0.0,60.64300230373139,606.4115507934843,0.0,0.0,0.0
89,22.25,R6Z2,121.71856157383668,0.0,135.0,5.299910164253106,55.399310480945694,8.881784197001252e-16,0.0,0.0,61.62040984746015,0.0,0.0,0.0,131.42951769892633,0.0,0.0,623.2001082701884,0.0,0.0,0.0
89,22.25,R6Z3,95.89243544412165,0.0,0.0,11.463897302967467,107.72226441832304,1.7763568394002505e-15,0.0,0.0,30.810204923730076,0.0,0.0,0.0,77.40629875714852,0.0,0.0,0.0,0.0,0.0,0.0
89,22.25,R6Z4,97.88497557121914,0.0,0.0,0.0,0.0,0.0,94.79358249971922,0.0,30.810204923730076,0.0,0.0,0.0,73.39774952085016,0.0,0.0,0.0,0.0,0.0,0.0
89,22.25,R7Z1,62.07605294523468,0.0,135.0,0.0,0.0,0.0,193.7831604812578,0.0,30.810204923730076,0.0,0.0,0.0,0.0,0.0,80.0,568.8914212815746,0.0,0.0,0.0
89,22.25,R7Z2,104.19375786725399,0.0,135.0,0.0,0.0,8.699984501903783,19.953473915925976,0.0,0.0,0.0,0.0,0.0,156.47832627533978,0.0,0.0,0.0,0.0,0.0,0.0
89,22.25,R7Z3,58.64222026293918,0.0,0.0,0.0,0.0,8.278017144473818,240.0,0.0,61.62040984746015,0.0,0.0,0.0,133.63393108706248,0.0,0.0,0.0,0.0,0.0,0.0
89,22.25,R7Z4,126.69139412348541,0.0,0.0,0.0,0.0,6.897904945154674,63.198672851344234,0.0,30.810204923730076,0.0,0.0,0.0,65.2016249536516,0.0,0.0,0.0,0.0,0.0,0.0
89,22.25,R7Z5,122.40795886272142,0.0,0.0,0.0,0.0,4.009872592371669,45.405826216356964,0.0,61.62040984746015,0.0,0.0,0.0,0.0,0.0,0.0,0.0,0.0,0.0,0.0
89,22.25,R7Z6,82.55682015413173,0.0,0.0,0.0,0.0,9.23836618646707,160.0,0.0,61.62040984746015,0.0,0.0,0.0,0.0,0.0,0.0,0.0,0.0,0.0,0.0
89,22.25,R7Z7,97.55230663856631,0.0,0.0,9.340875164229601,146.66151600599986,-1.7763568394002505e-15,0.0,0.0,0.0,0.0,0.0,0.0,65.49422773983841,0.0,0.0,0.0,0.0,0.0,0.0
89,22.25,R7Z8,108.67471479498018,0.0,0.0,0.0,0.0,0.5693341773856023,160.0,0.0,61.62040984746015,0.0,0.0,0.0,139.11474093625543,0.0,0.0,0.0,0.0,0.0,0.0
89,22.25,R7Z9,96.02028491945501,0.0,0.0,0.0,0.0,12.393661398113514,129.15116315691012,0.0,61.62040984746015,0.0,0.0,0.0,76.06238129686473,0.0,0.0,0.0,0.0,0.0,0.0
89,22.25,R8Z1,132.71893273234392,0.0,135.0,0.0,96.66974302111566,8.193531007448136,63.00947292019862,0.0,30.810204923730076,0.0,0.0,0.0,80.99383503400901,0.0,0.0,623.7350938809234,0.0,0.0,0.0
89,22.25,R8Z2,72.73598642768688,0.0,135.0,0.0,0.0,1.9958327855477151,192.6379257939771,0.0,30.810204923730076,0.0,0.0,0.0,141.09833643385704,0.0,0.0,0.0,0.0,0.0,0.0
89,22.25,R8Z3,67.35894010403837,0.0,0.0,1.9806289966676047,100.05699711457318,-1.3322676295501878e-15,0.0,0.0,30.810204923730076,0.0,0.0,0.0,165.07505454670604,0.0,0.0,0.0,0.0,0.0,0.0
89,22.25,R8Z4,162.32528675594986,0.0,0.0,12.73200593776886,135.31987354876165,-1.7763568394002505e-15,0.0,0.0,0.0,0.0,0.0,0.0,0.0,0.0,0.0,0.0,0.0,0.0,0.0
89,22.25,R8Z5,77.12416326457587,0.0,0.0,0.0,0.0,13.080828616170367,143.97223207069723,0.0,30.810204923730076,0.0,0.0,0.0,82.14999829284676,0.0,0.0,0.0,0.0,0.0,0.0
89,22.25,R8Z6,146.92797165194682,0.0,0.0,0.0,0.0,5.665539552919369,115.76328081450539,0.0,30.810204923730076,0.0,0.0,0.0,0.0,0.0,0.0,0.0,0.0,0.0,0.0
89,22.25,R8Z7,82.17002346586607,0.0,0.0,0.0,0.0,1.8388941060784096,80.0,0.0,0.0,0.0,0.0,0.0,76.11060619409243,0.0,0.0,0.0,0.0,0.0,0.0
89,22.25,R8Z8,134.94653635859,0.0,0.0,0.0,144.65289818469267,17.496837995263796,66.39101858087065,0.0,30.810204923730076,0.0,0.0,0.0,80.92198761957955,0.0,0.0,0.0,0.0,0.0,0.0
89,22.25,R9Z1,96.47185884786018,0.0,135.0,0.0,43.216480986175426,3.793708004296868,14.136892577930666,0.0,30.810204923730076,0.0,0.0,0.0,0.0,0.0,23.42487096035983,616.3870570776012,0.0,0.0,0.0
89,22.25,R9Z2,142.18989657327148,0.0,135.0,0.0,0.0,3.00695975428475,92.52565346251669,0.0,30.810204923730076,0.0,0.0,0.0,71.95946811905186,0.0,41.93829097167536,611.4249396633892,0.0,0.0,0.0
89,22.25,R9Z3,143.52646859621623,0.0,0.0,0.0,0.0,6.040143994262669,46.40413608522506,0.0,61.62040984746015,0.0,0.0,0.0,132.27505580743542,0.0,0.0,0.0,0.0,0.0,0.0
89,22.25,R9Z4,114.87330116436044,0.0,0.0,0.0,90.6690952062286,12.911893218819923,65.26551796220028,0.0,30.810204923730076,0.0,0.0,0.0,69.37926254725576,0.0,0.0,0.0,0.0,0.0,0.0
89,22.25,R9Z5,83.63749198195312,0.0,0.0,7.894450809878649,120.23289603150222,9.769962616701378e-15,0.0,0.0,30.810204923730076,0.0,0.0,0.0,144.49994747091304,0.0,0.0,0.0,0.0,0.0,0.0
89,22.25,R9Z6,90.01835012473778,0.0,0.0,3.5466400436165344,43.0094010133676,3.1086244689504383e-15,0.0,0.0,30.810204923730076,0.0,0.0,0.0,153.63615728633852,0.0,0.0,0.0,0.0,0.0,0.0
89,22.25,R9Z7,95.10160024571793,0.0,0.0,0.0,0.0,3.7072778453703967,51.45230225625295,0.0,0.0,0.0,0.0,0.0,73.63339411420289,0.0,0.0,0.0,0.0,0.0,0.0
89,22.25,R9Z8,116.24548786303615,0.0,0.0,1.982233271632012,38.072097612597766,-2.4424906541753444e-15,0.0,0.0,30.810204923730076,0.0,0.0,0.0,68.80245898454048,0.0,0.0,0.0,0.0,0.0,0.0
89,22.25,R9Z9,98.58392900927038,0.0,0.0,5.249532496472966,65.40314134250666,-8.881784197001252e-16,0.0,0.0,0.0,0.0,0.0,0.0,156.13553431909526,0.0,0.0,0.0,0.0,0.0,0.0
89,22.25,R9Z10,85.66837167204915,0.0,0.0,0.0,154.28800417618945,0.0,0.0,0.0,0.0,0.0,0.0,0.0,0.0,0.0,0.0,0.0,0.0,0.0,0.0
89,22.25,R9Z11,110.89994869539166,0.0,0.0,0.0,4.987638751844727,3.694151322219098,164.22956760764043,0.0,0.0,0.0,0.0,0.0,154.3076703845712,0.0,0.0,0.0,0.0,0.0,0.0
89,22.25,R10Z1,112.5767541225648,0.0,0.0,0.0,0.0,4.260797335702061,105.7941296387172,0.0,0.0,0.0,0.0,0.0,67.64197309134505,0.0,80.0,547.4052288744799,0.0,0.0,0.0
89,22.25,R10Z2,81.49802872724528,0.0,0.0,0.0,37.63250952488624,6.325156157423311,100.18491176214928,0.0,0.0,0.0,0.0,0.0,161.0895375205882,0.0,14.521546527285986,618.7733985092077,0.0,0.0,0.0
89,22.25,R10Z3,141.19947139143463,0.0,0.0,7.696155154383831,116.71595093082524,2.6645352591003757e-15,0.0,0.0,0.0,0.0,0.0,0.0,77.4349302768134,0.0,0.0,0.0,0.0,0.0,0.0
89,22.25,R10Z4,143.5040501072635,0.0,0.0,0.0,0.0,4.520962498641121,31.282236532999388,0.0,61.62040984746015,0.0,0.0,0.0,78.5105884082257,0.0,0.0,0.0,0.0,0.0,0.0
89,22.25,R10Z5,63.286215325253636,0.0,0.0,4.753547771531416,124.92723594736403,3.552713678800501e-15,0.0,0.0,61.62040984746015,0.0,0.0,0.0,0.0,0.0,0.0,0.0,0.0,0.0,0.0
89,22.25,R10Z6,115.53255910798423,0.0,0.0,0.0,0.0,8.542239046013158,53.70503677870892,0.0,61.62040984746015,0.0,0.0,0.0,66.60866465577362,0.0,0.0,0.0,0.0,0.0,0.0
89,22.25,R10Z7,119.68178527426494,0.0,0.0,0.0,47.20469322254033,0.9114526843006633,126.80849954969455,0.0,61.62040984746015,0.0,0.0,0.0,80.58147799237382,0.0,0.0,0.0,0.0,0.0,0.0
89,22.25,R10Z8,113.82442887952465,0.0,0.0,3.5102871284644337,37.156821288855376,-8.881784197001252e-16,0.0,0.0,0.0,0.0,0.0,0.0,77.97600754069246,0.0,0.0,0.0,0.0,0.0,0.0
89,22.25,R10Z9,111.24264205125188,0.0,0.0,0.0,0.0,1.5071410198638717,148.51085271037633,0.0,30.810204923730076,0.0,0.0,0.0,0.0,0.0,0.0,0.0,0.0,0.0,0.0
89,22.25,R11Z1,101.50166992590529,0.0,135.0,13.672307630095986,204.19551746314113,0.0,0.0,0.0,61.62040984746015,0.0,0.0,0.0,152.22888217905805,0.0,0.0,0.0,0.0,0.0,0.0
89,22.25,R11Z2,103.74578909862946,0.0,135.0,0.0,0.0,7.838700985417908,51.913222557179694,0.0,30.810204923730076,0.0,0.0,0.0,66.6725084829931,0.0,0.0,0.0,0.0,0.0,0.0
89,22.25,R11Z3,104.83958128444563,0.0,0.0,7.428216624837191,73.07953726207074,-6.217248937900877e-15,0.0,0.0,30.810204923730076,0.0,0.0,0.0,0.0,0.0,0.0,0.0,0.0,0.0,0.0
89,22.25,R11Z4,150.7936201173245,0.0,0.0,1.7422907526979259,140.54279802110244,1.9984014443252818e-15,0.0,0.0,0.0,0.0,0.0,0.0,77.30172259694771,0.0,0.0,0.0,0.0,0.0,0.0
89,22.25,R11Z5,65.58819319676525,0.0,0.0,0.0,0.0,6.384738536251801,59.075012624564884,0.0,30.810204923730076,0.0,0.0,0.0,84.64149300528014,0.0,0.0,0.0,0.0,0.0,0.0
89,22.25,R11Z6,113.55911982289314,0.0,0.0,0.0,0.0,3.938903707463094,145.78668655397178,0.0,0.0,0.0,0.0,0.0,0.0,0.0,0.0,0.0,0.0,0.0,0.0
89,22.25,R11Z7,109.0759315576536,0.0,0.0,0.0,0.0,3.6952725160268844,68.54963701312636,0.0,30.810204923730076,0.0,0.0,0.0,0.0,0.0,0.0,0.0,0.0,0.0,0.0
89,22.25,R11Z8,66.3358940219013,0.0,0.0,0.0,52.27846611703199,6.954456441548286,81.71447379787892,0.0,30.810204923730076,0.0,0.0,0.0,152.08169702593733,0.0,0.0,0.0,0.0,0.0,0.0
89,22.25,R12Z1,92.68764508229334,0.0,135.0,0.0,0.0,17.419034528903794,132.99111610917876,0.0,61.62040984746015,0.0,0.0,0.0,131.28748199453545,0.0,0.0,0.0,0.0,0.0,0.0
89,22.25,R12Z2,124.4492248354136,0.0,135.0,0.0,0.0,5.511125943135609,116.32622360409091,0.0,30.810204923730076,0.0,0.0,0.0,83.74332223494866,0.0,0.0,0.0,0.0,0.0,0.0
89,22.25,R12Z3,88.93523101320974,0.0,0.0,0.0,0.0,19.485101590064293,42.247827422424834,0.0,30.810204923730076,0.0,0.0,0.0,151.74304123865002,0.0,0.0,0.0,0.0,0.0,0.0
89,22.25,R12Z4,111.70002606950924,0.0,0.0,34.85053336476052,69.82998239460998,7.105427357601002e-15,0.0,0.0,0.0,0.0,0.0,0.0,0.0,0.0,0.0,0.0,0.0,0.0,0.0
89,22.25,R12Z5,121.3167228041735,0.0,0.0,1.5133171503950962,97.85220290000247,1.1102230246251565e-15,0.0,0.0,0.0,0.0,0.0,0.0,143.65790410811644,0.0,0.0,0.0,0.0,0.0,0.0
89,22.25,R12Z6,71.307825913303,0.0,0.0,0.0,0.0,6.927527067962854,77.08996556431124,0.0,0.0,0.0,0.0,0.0,0.0,0.0,0.0,0.0,0.0,0.0,0.0
89,22.25,R12Z7,57.59270088100204,0.0,0.0,0.0,0.0,7.2255600854863715,114.70789342426853,0.0,61.62040984746015,0.0,0.0,0.0,0.0,0.0,0.0,0.0,0.0,0.0,0.0
89,22.25,R12Z8,133.74344786486037,0.0,0.0,17.412631648611523,91.39532164907585,0.0,0.0,0.0,0.0,0.0,0.0,0.0,69.38765411337232,0.0,0.0,0.0,0.0,0.0,0.0
89,22.25,R12Z9,97.70480970165707,0.0,0.0,0.0,0.0,6.774129382076927,94.99038313993599,0.0,61.62040984746015,0.0,0.0,0.0,157.43524765991933,0.0,0.0,0.0,0.0,0.0,0.0
90,22.5,R1Z1,50.56975682608158,0.0,0.0,18.677530794835405,94.5562070124869,0.0,0.0,0.0,26.720405674151415,0.0,0.0,0.0,143.8142781998432,0.0,0.0,563.652555469833,0.0,0.0,0.0
90,22.5,R1Z2,54.15970987748602,0.0,0.0,6.742659098917116,110.60780100753949,-3.552713678800501e-15,0.0,0.0,26.720405674151415,0.0,0.0,20.20497082135559,194.7178470498772,0.0,0.0,0.0,0.0,0.0,0.0
90,22.5,R1Z3,138.25281556601684,0.0,0.0,10.642605782263502,149.52862705053406,3.552713678800501e-15,0.0,0.0,13.360202837075708,0.0,0.0,90.0,176.61130386374447,0.0,0.0,0.0,0.0,0.0,0.0
90,22.5,R1Z4,95.75943284274292,0.0,0.0,1.193486680162934,72.84834775967016,8.881784197001252e-16,0.0,0.0,26.720405674151415,0.0,0.0,0.0,0.0,0.0,0.0,0.0,0.0,0.0,0.0
90,22.5,R1Z5,135.98943266515528,0.0,0.0,8.897722757724265,0.0,0.0,0.0,0.0,26.720405674151415,0.0,0.0,0.0,0.0,0.0,0.0,0.0,0.0,0.0,0.0
90,22.5,R1Z6,144.05289743455828,0.0,0.0,4.862547981407289,114.56458551517204,2.6645352591003757e-15,0.0,0.0,0.0,0.0,0.0,28.556435334041772,92.57151609529377,0.0,0.0,0.0,0.0,0.0,0.0
90,22.5,R1Z7,93.96316084678335,0.0,0.0,1.435846231630265,50.876076214391006,6.661338147750939e-16,0.0,0.0,13.360202837075708,0.0,0.0,0.0,99.97975613333993,0.0,0.0,0.0,0.0,0.0,0.0
90,22.5,R1Z8,96.84274002331453,0.0,0.0,7.573161087378125,43.67250191984117,3.552713678800501e-15,0.0,0.0,0.0,0.0,0.0,0.0,0.0,0.0,0.0,0.0,0.0,0.0,0.0
90,22.5,R1Z9,130.76511100102593,0.0,0.0,4.08750008852428,218.11017659751735,5.329070518200751e-15,0.0,0.0,0.0,0.0,0.0,0.0,198.02342013560803,0.0,0.0,0.0,0.0,0.0,0.0
90,22.5,R1Z10,105.27068634171802,0.0,0.0,23.88625574250068,74.68738979224372,0.0,0.0,0.0,0.0,0.0,0.0,63.554255493895894,180.21633436823555,0.0,0.0,0.0,0.0,0.0,0.0
90,22.5,R2Z1,120.16867779033765,0.0,135.0,0.0,129.57284249078435,0.0,0.0,0.0,0.0,0.0,0.0,0.0,70.75782241104118,0.0,0.0,624.2705387496077,0.0,0.0,0.0
90,22.5,R2Z2,95.14962520729101,0.0,135.0,0.0,0.0,0.0,53.50982799685263,0.0,0.0,0.0,0.0,0.0,76.47697605739201,0.0,80.0,554.9561471921711,0.0,0.0,0.0
90,22.5,R2Z3,121.9880734585531,0.0,0.0,0.0,80.0,0.0,0.0,0.0,13.360202837075708,0.0,0.0,0.0,66.20163794490261,0.0,0.0,0.0,0.0,0.0,0.0
90,22.5,R2Z4,111.14084210017013,0.0,0.0,0.0,167.16248779278536,0.0,0.0,0.0,26.720405674151415,0.0,0.0,0.0,0.0,0.0,0.0,0.0,0.0,0.0,0.0
90,22.5,R2Z5,78.59739262515552,0.0,0.0,0.0,21.59323304306521,0.0,82.85035893794279,0.0,13.360202837075708,0.0,0.0,0.0,0.0,0.0,0.0,0.0,0.0,0.0,0.0
90,22.5,R2Z6,69.54773049668516,0.0,0.0,0.0,73.231614665672,0.0,0.0,0.0,26.720405674151415,0.0,0.0,0.0,159.84285739972213,0.0,0.0,0.0,0.0,0.0,0.0
90,22.5,R2Z7,114.44926357505554,0.0,0.0,0.8259142640452168,61.16331080608718,1.887379141862766e-15,0.0,0.0,26.720405674151415,0.0,0.0,0.0,81.67015664525981,0.0,0.0,0.0,0.0,0.0,0.0
90,22.5,R2Z8,81.67510357864116,0.0,0.0,6.958207498149946,69.50247280070928,-4.440892098500626e-15,0.0,0.0,0.0,0.0,0.0,0.0,84.15817154787477,0.0,0.0,0.0,0.0,0.0,0.0
90,22.5,R2Z9,65.37070230399222,0.0,0.0,1.64437016599679,125.56487456212912,3.3306690738754696e-15,0.0,0.0,13.360202837075708,0.0,0.0,0.0,76.97247146101269,0.0,0.0,0.0,0.0,0.0,0.0
90,22.5,R3Z1,82.80650887098328,0.0,0.0,0.0,0.0,21.40470295011578,29.715924541819394,0.0,0.0,0.0,0.0,0.0,0.0,0.0,0.0,0.0,0.0,0.0,0.0
90,22.5,R3Z2,96.2993879546781,0.0,0.0,0.0,0.0,18.474411177395318,89.93478812545366,0.0,26.720405674151415,0.0,0.0,0.0,153.31791054026064,0.0,0.0,0.0,0.0,0.0,0.0
90,22.5,R3Z3,118.01849868002981,0.0,0.0,3.600585939072573,34.101104542818135,-1.7763568394002505e-15,0.0,0.0,13.360202837075708,0.0,0.0,0.0,0.0,0.0,0.0,0.0,0.0,0.0,0.0
90,22.5,R4Z1,144.9887380755657,0.0,135.0,0.0,71.5952754812785,0.0,107.24286607952293,0.0,26.720405674151415,0.0,0.0,0.0,75.8518532705164,0.0,0.0,0.0,0.0,0.0,0.0
90,22.5,R4Z2,122.88720984812329,0.0,0.0,0.21551022651859597,53.9591889871581,-5.828670879282072e-16,0.0,0.0,26.720405674151415,0.0,0.0,0.0,149.94825806223903,0.0,0.0,0.0,0.0,0.0,0.0
90,22.5,R4Z3,117.16503782596239,0.0,0.0,0.0,83.02095616354187,0.0,0.0,0.0,0.0,0.0,0.0,0.0,0.0,0.0,0.0,0.0,0.0,0.0,0.0
90,22.5,R4Z4,122.33570930436537,0.0,0.0,0.0,0.0,1.7978698840967242,52.10580650204336,0.0,0.0,0.0,0.0,0.0,0.0,0.0,0.0,0.0,0.0,0.0,0.0
90,22.5,R4Z5,96.97014063407796,0.0,0.0,0.6752449566840539,88.70413018303533,6.328271240363392e-15,0.0,0.0,26.720405674151415,0.0,0.0,0.0,0.0,0.0,0.0,0.0,0.0,0.0,0.0
90,22.5,R4Z6,102.5381385839331,0.0,0.0,0.0,32.314968162526526,0.0,0.0,0.0,26.720405674151415,0.0,0.0,0.0,142.71045730099146,0.0,0.0,0.0,0.0,0.0,0.0
90,22.5,R4Z7,129.30231118444868,0.0,0.0,0.0,150.20481338659926,0.0,0.0,0.0,26.720405674151415,0.0,0.0,0.0,0.0,0.0,0.0,0.0,0.0,0.0,0.0
90,22.5,R4Z8,110.71150272295088,0.0,0.0,0.0,32.82491989554464,0.0,0.0,0.0,26.720405674151415,0.0,0.0,0.0,0.0,0.0,0.0,0.0,0.0,0.0,0.0
90,22.5,R4Z9,85.25490230040151,0.0,0.0,0.0,94.45675866279193,0.0,0.0,0.0,0.0,0.0,0.0,0.0,82.60232495656494,0.0,0.0,0.0,0.0,0.0,0.0
90,22.5,R4Z10,110.25970803535874,0.0,0.0,0.0,117.92703246406823,0.0,20.006456332750233,0.0,0.0,0.0,0.0,0.0,84.14898968371449,0.0,0.0,0.0,0.0,0.0,0.0
90,22.5,R4Z11,152.22919053115365,0.0,0.0,0.0,130.02950761995908,0.0,0.0,0.0,13.360202837075708,0.0,0.0,0.0,77.8494263832152,0.0,0.0,0.0,0.0,0.0,0.0
90,22.5,R5Z1,68.92101366298205,0.0,135.0,0.0,0.0,15.574528080515575,77.76841629550171,0.0,0.0,0.0,0.0,0.0,67.9655235570655,0.0,0.0,0.0,0.0,0.0,0.0
90,22.5,R5Z2,79.9564458320255,0.0,135.0,5.216090677408189,66.09428301574656,-1.7763568394002505e-15,0.0,0.0,13.360202837075708,0.0,0.0,0.0,161.71198294944685,0.0,0.0,0.0,0.0,0.0,0.0
90,22.5,R5Z3,107.98167470869797,0.0,0.0,0.0,68.25454596259493,7.146031404048068,71.79100713207552,0.0,13.360202837075708,0.0,0.0,0.0,137.16291184305786,0.0,0.0,0.0,0.0,0.0,0.0
90,22.5,R5Z4,95.67609521240209,0.0,0.0,11.002178174105325,78.82284199365942,3.552713678800501e-15,0.0,0.0,26.720405674151415,0.0,0.0,0.0,0.0,0.0,0.0,0.0,0.0,0.0,0.0
90,22.5,R5Z5,87.94501951740148,0.0,0.0,4.855439167264294,87.79244481186701,3.552713678800501e-15,0.0,0.0,13.360202837075708,0.0,0.0,0.0,75.4615407849254,0.0,0.0,0.0,0.0,0.0,0.0
90,22.5,R5Z6,160.4596959491004,0.0,0.0,0.0,6.272683751554041,4.471086733795943,109.75399299866274,0.0,26.720405674151415,0.0,0.0,0.0,153.1800972986869,0.0,0.0,0.0,0.0,0.0,0.0
90,22.5,R5Z7,90.81107047031507,0.0,0.0,6.603838577089171,43.410318069535066,2.6645352591003757e-15,0.0,0.0,0.0,0.0,0.0,0.0,83.10570240463531,0.0,0.0,0.0,0.0,0.0,0.0
90,22.5,R5Z8,122.09312327798158,0.0,0.0,0.0,0.0,7.308157963479706,88.51289708407145,0.0,13.360202837075708,0.0,0.0,0.0,154.67935647381282,0.0,0.0,0.0,0.0,0.0,0.0
90,22.5,R5Z9,89.2166825911317,0.0,0.0,14.090161819426157,133.764372505182,1.0658141036401503e-14,0.0,0.0,0.0,0.0,0.0,0.0,80.58942971693095,0.0,0.0,0.0,0.0,0.0,0.0
90,22.5,R6Z1,126.01747594724391,0.0,135.0,0.0,0.0,0.0,47.98483444593266,0.0,0.0,0.0,0.0,0.0,0.0,0.0,80.0,584.4491731116657,0.0,0.0,0.0
90,22.5,R6Z2,136.56515300377646,0.0,135.0,0.0,0.0,14.077687178981943,50.66344968141816,0.0,26.720405674151415,0.0,0.0,0.0,131.28254961455863,0.0,20.583950079620763,617.1485037992819,0.0,0.0,0.0
90,22.5,R6Z3,97.66795508014864,0.0,0.0,4.989900300541336,107.06990286776475,1.7763568394002505e-15,0.0,0.0,13.360202837075708,0.0,0.0,0.0,77.31974091500234,0.0,0.0,0.0,0.0,0.0,0.0
90,22.5,R6Z4,104.59721208840688,0.0,0.0,0.0,0.0,8.683577654479025,76.60123617444607,0.0,13.360202837075708,0.0,0.0,0.0,73.31567414818777,0.0,0.0,0.0,0.0,0.0,0.0
90,22.5,R7Z1,78.3063060742947,0.0,135.0,0.0,0.0,0.0,127.37038627471337,0.0,13.360202837075708,0.0,0.0,0.0,0.0,0.0,80.0,546.9612250973161,0.0,0.0,0.0
90,22.5,R7Z2,81.6682130437485,0.0,135.0,0.0,0.0,3.0339359097829592,56.3604795382784,0.0,0.0,0.0,0.0,0.0,156.30334792755016,0.0,0.0,0.0,0.0,0.0,0.0
90,22.5,R7Z3,62.40159674828079,0.0,0.0,4.971237322176236,116.4294202979044,-4.440892098500626e-15,0.0,0.0,26.720405674151415,0.0,0.0,0.0,133.48449796730185,0.0,0.0,0.0,0.0,0.0,0.0
90,22.5,R7Z4,111.05105626313008,0.0,0.0,0.0,0.0,0.0,190.57747382981287,0.0,13.360202837075708,0.0,0.0,0.0,65.1287147118363,0.0,0.0,0.0,0.0,0.0,0.0
90,22.5,R7Z5,137.0732302820874,0.0,0.0,0.0,110.18196358430338,1.3744500971466567,88.43850689007148,0.0,26.720405674151415,0.0,0.0,0.0,0.0,0.0,0.0,0.0,0.0,0.0,0.0
90,22.5,R7Z6,83.42919179919328,0.0,0.0,0.0,0.0,7.410714365151576,150.0652936666882,0.0,26.720405674151415,0.0,0.0,0.0,0.0,0.0,0.0,0.0,0.0,0.0,0.0
90,22.5,R7Z7,100.83782774001095,0.0,0.0,0.0,0.0,0.0,30.11859025989321,0.0,0.0,0.0,0.0,0.0,65.42099030157806,0.0,0.0,0.0,0.0,0.0,0.0
90,22.5,R7Z8,110.50035409833819,0.0,0.0,7.809343383778284,68.58222135674629,2.6645352591003757e-15,0.0,0.0,26.720405674151415,0.0,0.0,0.0,138.95917902489288,0.0,0.0,0.0,0.0,0.0,0.0
90,22.5,R7Z9,84.70242293080184,0.0,0.0,0.0,102.42014020053725,0.0,0.0,0.0,26.720405674151415,0.0,0.0,0.0,75.97732626001029,0.0,0.0,0.0,0.0,0.0,0.0
90,22.5,R8Z1,139.63690995921596,0.0,135.0,5.944091825088904,98.4180345604887,6.217248937900877e-15,0.0,0.0,13.360202837075708,0.0,0.0,0.0,80.90326551059488,0.0,0.0,623.2001082701884,0.0,0.0,0.0
90,22.5,R8Z2,92.02606038329604,0.0,135.0,4.216875837442913,118.35368274821488,-2.6645352591003757e-15,0.0,0.0,13.360202837075708,0.0,0.0,0.0,140.9405564117112,0.0,0.0,0.0,0.0,0.0,0.0
90,22.5,R8Z3,50.23497847285576,0.0,0.0,0.0,0.0,4.512167399227827,71.17107057730318,0.0,13.360202837075708,0.0,0.0,0.0,164.89046310204142,0.0,0.0,0.0,0.0,0.0,0.0
90,22.5,R8Z4,145.57465827805783,0.0,0.0,4.6323775057673515,114.49084091159727,-7.105427357601002e-15,0.0,0.0,0.0,0.0,0.0,0.0,0.0,0.0,0.0,0.0,0.0,0.0,0.0
90,22.5,R8Z5,98.69054777023929,0.0,0.0,0.0,148.6565604296368,0.0,11.343439570363188,0.0,13.360202837075708,0.0,0.0,0.0,82.05813591602845,0.0,0.0,0.0,0.0,0.0,0.0
90,22.5,R8Z6,135.12506134293523,0.0,0.0,3.629973878685732,102.87215636144298,-4.884981308350689e-15,0.0,0.0,13.360202837075708,0.0,0.0,0.0,0.0,0.0,0.0,0.0,0.0,0.0,0.0
90,22.5,R8Z7,86.21506229775214,0.0,0.0,0.0,0.0,5.34485590265883,60.62882318496832,0.0,0.0,0.0,0.0,0.0,76.02549723083783,0.0,0.0,0.0,0.0,0.0,0.0
90,22.5,R8Z8,133.04611667793006,0.0,0.0,0.0,2.805115349822131,2.0540946330457017,237.19488465017787,0.0,13.360202837075708,0.0,0.0,0.0,80.83149843791095,0.0,0.0,0.0,0.0,0.0,0.0
90,22.5,R9Z1,101.69578784317036,0.0,135.0,0.0,0.0,1.1882603374034082,63.40645061012723,0.0,13.360202837075708,0.0,0.0,0.0,0.0,0.0,80.0,594.416123275766,0.0,0.0,0.0
90,22.5,R9Z2,144.76071419248115,0.0,135.0,1.7341517880348363,135.86508429622037,4.6629367034256575e-15,0.0,0.0,13.360202837075708,0.0,0.0,0.0,71.87900107202366,0.0,80.0,589.458261933469,0.0,0.0,0.0
90,22.5,R9Z3,128.33500171242613,0.0,0.0,0.0,0.0,1.1626359335389467,62.77523873524652,0.0,26.720405674151415,0.0,0.0,0.0,132.12714221920953,0.0,0.0,0.0,0.0,0.0,0.0
90,22.5,R9Z4,104.52981634859717,0.0,0.0,3.4390677046599762,189.80984546358044,7.105427357601002e-15,0.0,0.0,13.360202837075708,0.0,0.0,0.0,69.30168075672702,0.0,0.0,0.0,0.0,0.0,0.0
90,22.5,R9Z5,80.67521999578794,0.0,0.0,0.0,0.0,2.315094266066039,145.88444471879635,0.0,13.360202837075708,0.0,0.0,0.0,144.33836367419184,0.0,0.0,0.0,0.0,0.0,0.0
90,22.5,R9Z6,89.79568033313298,0.0,0.0,0.0,0.0,3.8871551931346375,44.55031012826926,0.0,13.360202837075708,0.0,0.0,0.0,153.4643571297123,0.0,0.0,0.0,0.0,0.0,0.0
90,22.5,R9Z7,95.31158509245518,0.0,0.0,11.280676953097235,46.09417992289487,-1.7763568394002505e-15,0.0,0.0,0.0,0.0,0.0,0.0,73.55105523730582,0.0,0.0,0.0,0.0,0.0,0.0
90,22.5,R9Z8,126.70411914479565,0.0,0.0,1.8421681729876624,59.07087766864771,-1.5543122344752192e-15,0.0,0.0,13.360202837075708,0.0,0.0,0.0,68.72552219154466,0.0,0.0,0.0,0.0,0.0,0.0
90,22.5,R9Z9,100.98071031613831,0.0,0.0,5.320018264383847,80.0,-3.552713678800501e-15,0.0,0.0,0.0,0.0,0.0,0.0,155.96093929065447,0.0,0.0,0.0,0.0,0.0,0.0
90,22.5,R9Z10,87.22973109047157,0.0,0.0,0.0,118.5053616541771,0.7219219344891188,100.38064944949265,0.0,0.0,0.0,0.0,0.0,0.0,0.0,0.0,0.0,0.0,0.0,0.0
90,22.5,R9Z11,109.19232526825354,0.0,0.0,3.3856199251501096,105.95127111395435,-8.881784197001252e-16,0.0,0.0,0.0,0.0,0.0,0.0,154.1351193236169,0.0,0.0,0.0,0.0,0.0,0.0
90,22.5,R10Z1,104.84248686959651,0.0,0.0,0.0,0.0,1.3711425271281272,82.67523011918108,0.0,0.0,0.0,0.0,0.0,67.56633398544147,0.0,80.0,525.4934616737435,0.0,0.0,0.0
90,22.5,R10Z2,63.938226620612774,0.0,0.0,0.0,0.0,10.550207880636968,188.66520724718822,0.0,0.0,0.0,0.0,0.0,160.90940279015948,0.0,80.0,596.8004179116404,0.0,0.0,0.0
90,22.5,R10Z3,116.47137601474685,0.0,0.0,8.665523640188411,101.58255439900947,7.105427357601002e-15,0.0,0.0,0.0,0.0,0.0,0.0,77.3483404181182,0.0,0.0,0.0,0.0,0.0,0.0
90,22.5,R10Z4,127.67086317427587,0.0,0.0,0.6598910493268413,29.8329524600819,2.220446049250313e-16,0.0,0.0,26.720405674151415,0.0,0.0,22.0833708142396,72.69382745238386,0.0,0.0,0.0,0.0,0.0,0.0
90,22.5,R10Z5,73.4208472694461,0.0,0.0,0.0,100.40555286942858,0.0,0.0,0.0,26.720405674151415,0.0,0.0,0.0,0.0,0.0,0.0,0.0,0.0,0.0,0.0
90,22.5,R10Z6,129.67301657795872,0.0,0.0,7.719558789152089,41.08698949236724,-3.552713678800501e-15,0.0,0.0,26.720405674151415,0.0,0.0,0.0,66.53418102364789,0.0,0.0,0.0,0.0,0.0,0.0
90,22.5,R10Z7,120.49993886763157,0.0,0.0,3.354052948208661,75.01316116876771,-5.773159728050814e-15,0.0,0.0,26.720405674151415,0.0,0.0,0.0,80.49136957789128,0.0,0.0,0.0,0.0,0.0,0.0
90,22.5,R10Z8,120.06351277181062,0.0,0.0,0.19401931825203889,31.872367102792587,4.996003610813204e-16,0.0,0.0,0.0,0.0,0.0,0.0,77.88881263458966,0.0,0.0,0.0,0.0,0.0,0.0
90,22.5,R10Z9,124.46148695102899,0.0,0.0,5.313144735587642,45.877488251299354,3.552713678800501e-15,0.0,0.0,13.360202837075708,0.0,0.0,0.0,0.0,0.0,0.0,0.0,0.0,0.0,0.0
90,22.5,R11Z1,91.49306301782543,0.0,135.0,0.0,0.0,14.871950407768054,144.37544685995655,0.0,26.720405674151415,0.0,0.0,0.0,152.05865567597874,0.0,0.0,0.0,0.0,0.0,0.0
90,22.5,R11Z2,101.03009817575074,0.0,135.0,0.0,0.0,5.801415204547177,76.90906956481795,0.0,13.360202837075708,0.0,0.0,0.0,66.59795345895215,0.0,0.0,0.0,0.0,0.0,0.0
90,22.5,R11Z3,118.34016470159938,0.0,0.0,0.0,26.8568485903226,5.645329988924282,26.276062728670738,0.0,13.360202837075708,0.0,0.0,0.0,0.0,0.0,0.0,0.0,0.0,0.0,0.0
90,22.5,R11Z4,167.22278300460408,0.0,0.0,0.0,0.0,14.478738310240619,100.11349919615601,0.0,0.0,0.0,0.0,0.0,77.21528169472649,0.0,0.0,0.0,0.0,0.0,0.0
90,22.5,R11Z5,63.14600461153951,0.0,0.0,0.0,0.0,4.076559662823951,62.60907455293517,0.0,13.360202837075708,0.0,0.0,0.0,84.54684457087362,0.0,0.0,0.0,0.0,0.0,0.0
90,22.5,R11Z6,87.707720341068,0.0,0.0,6.8746513947128705,108.23379256212343,5.329070518200751e-15,0.0,0.0,0.0,0.0,0.0,0.0,0.0,0.0,0.0,0.0,0.0,0.0,0.0
90,22.5,R11Z7,107.59289643670874,0.0,0.0,0.0,0.0,2.1175457338193486,127.35532512864145,0.0,13.360202837075708,0.0,0.0,0.0,0.0,0.0,0.0,0.0,0.0,0.0,0.0
90,22.5,R11Z8,93.27161028286996,0.0,0.0,16.439125386393187,207.07736104201956,1.4210854715202004e-14,0.0,0.0,13.360202837075708,0.0,0.0,0.0,151.9116351093252,0.0,0.0,0.0,0.0,0.0,0.0
90,22.5,R12Z1,88.83591001431121,0.0,135.0,9.902548685878443,104.51172281474902,1.7763568394002505e-15,0.0,0.0,26.720405674151415,0.0,0.0,0.0,131.14067273838046,0.0,0.0,0.0,0.0,0.0,0.0
90,22.5,R12Z2,125.07193502290758,0.0,135.0,0.0,164.81475438291412,3.763266652163575,7.776192521591639,0.0,13.360202837075708,0.0,0.0,0.0,83.64967815968355,0.0,0.0,0.0,0.0,0.0,0.0
90,22.5,R12Z3,85.72126522163526,0.0,0.0,6.662714304126844,50.80224231527278,-2.6645352591003757e-15,0.0,0.0,13.360202837075708,0.0,0.0,0.0,151.5733580162094,0.0,0.0,0.0,0.0,0.0,0.0
90,22.5,R12Z4,109.14150778302673,0.0,0.0,20.80071625157963,43.61749183111729,-3.552713678800501e-15,0.0,0.0,0.0,0.0,0.0,0.0,0.0,0.0,0.0,0.0,0.0,0.0,0.0
90,22.5,R12Z5,111.96680081165054,0.0,0.0,0.0,0.0,7.246971308528697,73.08830323275075,0.0,0.0,0.0,0.0,0.0,143.49726190733313,0.0,0.0,0.0,0.0,0.0,0.0
90,22.5,R12Z6,92.36691020504942,0.0,0.0,0.0,10.881857024782882,10.640901050627544,131.35740234943896,0.0,0.0,0.0,0.0,0.0,0.0,0.0,0.0,0.0,0.0,0.0,0.0
90,22.5,R12Z7,90.68406328167663,0.0,0.0,29.0301424409993,66.551499814844,-7.105427357601002e-15,0.0,0.0,26.720405674151415,0.0,0.0,0.0,0.0,0.0,0.0,0.0,0.0,0.0,0.0
90,22.5,R12Z8,133.97783187465913,0.0,0.0,2.380402633166838,110.56722321047688,-1.7763568394002505e-15,0.0,0.0,0.0,0.0,0.0,0.0,69.31006293916462,0.0,0.0,0.0,0.0,0.0,0.0
90,22.5,R12Z9,120.63725072697827,0.0,0.0,5.205209758119878,112.83652708029594,-1.7763568394002505e-15,0.0,0.0,26.720405674151415,0.0,0.0,0.0,157.25919925644322,0.0,0.0,0.0,0.0,0.0,0.0
91,22.75,R1Z1,59.31151550746438,0.0,0.0,5.616489480859272,116.98158955207244,-7.105427357601002e-15,0.0,0.0,54.24024168547692,0.0,0.0,0.0,143.65346113727,0.0,0.0,563.1691034249045,0.0,0.0,0.0
91,22.75,R1Z2,55.70379687602134,0.0,0.0,1.2269608591668089,96.67091011588262,-5.329070518200751e-15,0.0,0.0,54.24024168547692,0.0,0.0,90.0,171.15189982027522,0.0,0.0,0.0,0.0,0.0,0.0
91,22.75,R1Z3,161.06024179630353,0.0,0.0,0.0,94.7450823338874,0.0,0.0,0.0,27.12012084273846,0.0,0.0,79.71254793260714,155.73442136420135,0.0,0.0,0.0,0.0,0.0,0.0
91,22.75,R1Z4,90.00246389657366,0.0,0.0,7.634153883311335,60.81088795126242,-2.6645352591003757e-15,0.0,0.0,54.24024168547692,0.0,0.0,0.0,0.0,0.0,0.0,0.0,0.0,0.0,0.0
91,22.75,R1Z5,127.12173988091402,0.0,0.0,15.151886548151243,25.863519693553453,0.0,0.0,0.0,54.24024168547692,0.0,0.0,0.0,0.0,0.0,0.0,0.0,0.0,0.0,0.0
91,22.75,R1Z6,121.7695668904203,0.0,0.0,0.0,121.53324949267278,0.0,0.0,0.0,0.0,0.0,0.0,0.0,92.46800009199607,0.0,0.0,0.0,0.0,0.0,0.0
91,22.75,R1Z7,105.64239061469557,0.0,0.0,2.3648016491145256,80.0,-3.9968028886505635e-15,0.0,0.0,27.12012084273846,0.0,0.0,0.0,99.86795603324273,0.0,0.0,0.0,0.0,0.0,0.0
91,22.75,R1Z8,91.41502648805688,0.0,0.0,4.223216708887051,92.70736667752978,-4.440892098500626e-15,0.0,0.0,0.0,0.0,0.0,0.0,0.0,0.0,0.0,0.0,0.0,0.0,0.0
91,22.75,R1Z9,101.535880423547,0.0,0.0,5.961231921599307,131.71045307932033,-5.329070518200751e-15,0.0,0.0,0.0,0.0,0.0,6.844320345159282,196.02640028446288,0.0,0.0,0.0,0.0,0.0,0.0
91,22.75,R1Z10,98.12060604226504,0.0,0.0,0.0,36.608746029299375,0.0,0.0,0.0,0.0,0.0,0.0,0.0,180.01481153000572,0.0,0.0,0.0,0.0,0.0,0.0
91,22.75,R2Z1,114.41264948368557,0.0,135.0,0.861205837643432,62.365775310706795,-1.3322676295501878e-15,0.0,0.0,0.0,0.0,0.0,0.0,70.67869907713683,0.0,0.0,623.7350938809234,0.0,0.0,0.0
91,22.75,R2Z2,116.34774328035579,0.0,135.0,0.0,0.0,4.145222479097833,37.94657623258584,0.0,0.0,0.0,0.0,0.0,76.39145740932747,0.0,80.0,533.037903471695,0.0,0.0,0.0
91,22.75,R2Z3,123.22978424884253,0.0,0.0,0.36630071577882006,53.445236535065874,3.1086244689504383e-15,0.0,0.0,27.12012084273846,0.0,0.0,0.0,66.12760946118671,0.0,0.0,0.0,0.0,0.0,0.0
91,22.75,R2Z4,112.90063041170579,0.0,0.0,0.0,0.0,0.49720344823927803,171.06733993075687,0.0,54.24024168547692,0.0,0.0,0.0,0.0,0.0,0.0,0.0,0.0,0.0,0.0
91,22.75,R2Z5,76.58771727816094,0.0,0.0,0.0,0.0,0.0,114.9580772114807,0.0,27.12012084273846,0.0,0.0,0.0,0.0,0.0,0.0,0.0,0.0,0.0,0.0
91,22.75,R2Z6,62.57977253344945,0.0,0.0,0.0,0.0,1.9513953366452603,160.0,0.0,54.24024168547692,0.0,0.0,0.0,159.66411674113047,0.0,0.0,0.0,0.0,0.0,0.0
91,22.75,R2Z7,91.66927407244135,0.0,0.0,0.0,46.93936206121113,2.970704176914616,8.742367882353257,0.0,54.24024168547692,0.0,0.0,0.0,81.57883084050675,0.0,0.0,0.0,0.0,0.0,0.0
91,22.75,R2Z8,98.25252526384574,0.0,0.0,0.0,0.0,0.5477546001602025,40.346258926994906,0.0,0.0,0.0,0.0,0.0,84.06406357675209,0.0,0.0,0.0,0.0,0.0,0.0
91,22.75,R2Z9,48.779563739525315,0.0,0.0,2.1519897788257367,199.12855597471543,-7.105427357601002e-15,0.0,0.0,27.12012084273846,0.0,0.0,0.0,76.8863987364244,0.0,0.0,0.0,0.0,0.0,0.0
91,22.75,R3Z1,73.62161093054843,0.0,0.0,23.315285058554153,49.64300558520968,-7.105427357601002e-15,0.0,0.0,0.0,0.0,0.0,0.0,0.0,0.0,0.0,0.0,0.0,0.0,0.0
91,22.75,R3Z2,83.24831728559738,0.0,0.0,0.0,0.0,17.809168505477825,99.80169877942946,0.0,54.24024168547692,0.0,0.0,0.0,153.1464662558574,0.0,0.0,0.0,0.0,0.0,0.0
91,22.75,R3Z3,112.02857844241426,0.0,0.0,0.0,0.0,3.004268386210479,12.572847164195878,0.0,27.12012084273846,0.0,0.0,0.0,0.0,0.0,0.0,0.0,0.0,0.0,0.0
91,22.75,R4Z1,139.2514471694265,0.0,135.0,0.0,142.78934026693324,0.0,0.0,0.0,54.24024168547692,0.0,0.0,0.0,75.7670336518639,0.0,0.0,0.0,0.0,0.0,0.0
91,22.75,R4Z2,151.12851036125147,0.0,0.0,1.278146718621393,31.988205032175657,-2.4424906541753444e-15,0.0,0.0,54.24024168547692,0.0,0.0,0.0,149.78058181547564,0.0,0.0,0.0,0.0,0.0,0.0
91,22.75,R4Z3,87.81706914626344,0.0,0.0,0.0,0.0,0.0,207.339490639659,0.0,0.0,0.0,0.0,0.0,0.0,0.0,0.0,0.0,0.0,0.0,0.0
91,22.75,R4Z4,132.35688626390967,0.0,0.0,0.0,32.77222252342614,0.0,0.0,0.0,0.0,0.0,0.0,0.0,0.0,0.0,0.0,0.0,0.0,0.0,0.0
91,22.75,R4Z5,95.37077529093293,0.0,0.0,0.0,0.0,0.8239816109022707,174.44473087385438,0.0,54.24024168547692,0.0,0.0,0.0,0.0,0.0,0.0,0.0,0.0,0.0,0.0
91,22.75,R4Z6,112.20384698453219,0.0,0.0,0.0,0.0,0.0,38.38924086062758,0.0,54.24024168547692,0.0,0.0,0.0,142.55087456116274,0.0,0.0,0.0,0.0,0.0,0.0
91,22.75,R4Z7,110.24473829622298,0.0,0.0,2.182576255295075,108.49736250521879,-1.3322676295501878e-15,0.0,0.0,54.24024168547692,0.0,0.0,0.0,0.0,0.0,0.0,0.0,0.0,0.0,0.0
91,22.75,R4Z8,91.1251335617412,0.0,0.0,6.802727819928222,40.2393450241997,1.7763568394002505e-15,0.0,0.0,54.24024168547692,0.0,0.0,0.0,0.0,0.0,0.0,0.0,0.0,0.0,0.0
91,22.75,R4Z9,110.85535117713506,0.0,0.0,3.6633832046694863,189.78870687979534,-1.3322676295501878e-15,0.0,0.0,0.0,0.0,0.0,0.0,82.50995677568952,0.0,0.0,0.0,0.0,0.0,0.0
91,22.75,R4Z10,100.22923244577262,0.0,0.0,0.0,97.61362889821788,1.7529382397255542,8.501972476809868,0.0,0.0,0.0,0.0,0.0,84.05489198000366,0.0,0.0,0.0,0.0,0.0,0.0
91,22.75,R4Z11,133.48202901482176,0.0,0.0,0.0,118.88780362792899,0.0,0.0,0.0,27.12012084273846,0.0,0.0,0.0,77.76237302362766,0.0,0.0,0.0,0.0,0.0,0.0
91,22.75,R5Z1,73.93363908615828,0.0,135.0,0.0,0.0,12.310428395433059,41.12763512047222,0.0,0.0,0.0,0.0,0.0,67.88952264817446,0.0,0.0,0.0,0.0,0.0,0.0
91,22.75,R5Z2,85.44841981778957,0.0,135.0,0.0,49.22011877063822,3.80798017325891,13.984345079043678,0.0,27.12012084273846,0.0,0.0,0.0,161.53115218350106,0.0,0.0,0.0,0.0,0.0,0.0
91,22.75,R5Z3,104.39257000494773,0.0,0.0,0.0,0.0,6.336341024758941,240.0,0.0,27.12012084273846,0.0,0.0,0.0,137.00953252041555,0.0,0.0,0.0,0.0,0.0,0.0
91,22.75,R5Z4,97.33084601585344,0.0,0.0,0.0,0.0,14.547064797098407,37.973281819491355,0.0,54.24024168547692,0.0,0.0,0.0,0.0,0.0,0.0,0.0,0.0,0.0,0.0
91,22.75,R5Z5,96.22905507770162,0.0,0.0,4.628768011087274,119.89856560824674,3.552713678800501e-15,0.0,0.0,27.12012084273846,0.0,0.0,0.0,75.37715762437847,0.0,0.0,0.0,0.0,0.0,0.0
91,22.75,R5Z6,139.27833879962827,0.0,0.0,4.057557684964252,125.266373168619,-2.6645352591003757e-15,0.0,0.0,54.24024168547692,0.0,0.0,0.0,153.0088071208228,0.0,0.0,0.0,0.0,0.0,0.0
91,22.75,R5Z7,81.0633225946336,0.0,0.0,11.912867689081828,56.14843889819408,-5.329070518200751e-15,0.0,0.0,0.0,0.0,0.0,0.0,83.01277133331828,0.0,0.0,0.0,0.0,0.0,0.0
91,22.75,R5Z8,142.1598672372016,0.0,0.0,6.841396684626588,82.73530482433551,0.0,0.0,0.0,27.12012084273846,0.0,0.0,0.0,154.5063897832992,0.0,0.0,0.0,0.0,0.0,0.0
91,22.75,R5Z9,127.83429944778706,0.0,0.0,0.0,0.0,16.55908250533131,159.50541140675736,0.0,0.0,0.0,0.0,0.0,80.49931241061235,0.0,0.0,0.0,0.0,0.0,0.0
91,22.75,R6Z1,127.6563489535952,0.0,135.0,0.0,0.0,4.537507970510691,45.50462856756024,0.0,0.0,0.0,0.0,0.0,0.0,0.0,80.0,562.5056328436027,0.0,0.0,0.0
91,22.75,R6Z2,109.21916415242063,0.0,135.0,0.0,0.0,4.260730225017817,63.14458795511677,0.0,54.24024168547692,0.0,0.0,0.0,131.13574587392594,0.0,80.0,595.176916894802,0.0,0.0,0.0
91,22.75,R6Z3,103.346714730226,0.0,0.0,0.0,0.0,6.283673603940746,97.3436126135715,0.0,27.12012084273846,0.0,0.0,0.0,77.23327986420465,0.0,0.0,0.0,0.0,0.0,0.0
91,22.75,R6Z4,97.7161681688317,0.0,0.0,0.0,0.0,0.0,13.544298415300045,0.0,27.12012084273846,0.0,0.0,0.0,73.23369055445376,0.0,0.0,0.0,0.0,0.0,0.0
91,22.75,R7Z1,81.3956152974049,0.0,135.0,0.0,0.0,1.5020209552911052,200.9188694074218,0.0,27.12012084273846,0.0,0.0,0.0,0.0,0.0,80.0,525.0498387243288,0.0,0.0,0.0
91,22.75,R7Z2,59.86915833353254,0.0,135.0,0.0,0.0,9.482532231130579,65.63027074246645,0.0,0.0,0.0,0.0,0.0,156.12856524533876,0.0,0.0,0.0,0.0,0.0,0.0
91,22.75,R7Z3,78.24773746261982,0.0,0.0,0.0,0.0,4.701227520107969,168.46712772880426,0.0,54.24024168547692,0.0,0.0,0.0,133.3352319477462,0.0,0.0,0.0,0.0,0.0,0.0
91,22.75,R7Z4,139.87571152034155,0.0,0.0,0.0,0.0,1.2262223946105277,163.58246870834617,0.0,27.12012084273846,0.0,0.0,0.0,65.0558860002492,0.0,0.0,0.0,0.0,0.0,0.0
91,22.75,R7Z5,132.64297615585812,0.0,0.0,2.2288622277957018,214.4700173234445,6.217248937900877e-15,0.0,0.0,54.24024168547692,0.0,0.0,0.0,0.0,0.0,0.0,0.0,0.0,0.0,0.0
91,22.75,R7Z6,92.63538650646721,0.0,0.0,0.0,0.0,0.4064165183937062,119.91661530585033,0.0,54.24024168547692,0.0,0.0,0.0,0.0,0.0,0.0,0.0,0.0,0.0,0.0
91,22.75,R7Z7,99.93880258941881,0.0,0.0,0.0,29.677076916685053,0.0,104.4815394354176,0.0,0.0,0.0,0.0,0.0,65.34783475942591,0.0,0.0,0.0,0.0,0.0,0.0
91,22.75,R7Z8,93.70044478563464,0.0,0.0,0.0,0.0,8.70090775900611,115.23032163814945,0.0,54.24024168547692,0.0,0.0,0.0,138.80379106711786,0.0,0.0,0.0,0.0,0.0,0.0
91,22.75,R7Z9,98.37579549404767,0.0,0.0,0.0,0.0,10.50054571903264,160.0,0.0,54.24024168547692,0.0,0.0,0.0,75.8923663340263,0.0,0.0,0.0,0.0,0.0,0.0
91,22.75,R8Z1,118.86289593794051,0.0,135.0,0.0,0.0,5.500391734291198,76.98844305377312,0.0,27.12012084273846,0.0,0.0,0.0,80.81279726450103,0.0,69.48599838392444,604.0413790577101,0.0,0.0,0.0
91,22.75,R8Z2,76.3553964039224,0.0,135.0,0.0,182.94551357072748,0.0,0.0,0.0,27.12012084273846,0.0,0.0,0.0,140.78295282350513,0.0,0.0,0.0,0.0,0.0,0.0
91,22.75,R8Z3,75.51067982806869,0.0,0.0,0.0,0.0,12.461061886986496,91.94480944336341,0.0,27.12012084273846,0.0,0.0,0.0,164.70607807258313,0.0,0.0,0.0,0.0,0.0,0.0
91,22.75,R8Z4,122.42000542826399,0.0,0.0,0.0,0.0,7.963284319052711,126.54479765745634,0.0,0.0,0.0,0.0,0.0,0.0,0.0,0.0,0.0,0.0,0.0,0.0
91,22.75,R8Z5,90.59754801009106,0.0,0.0,1.7078285627670908,91.23675754834451,6.661338147750939e-16,0.0,0.0,27.12012084273846,0.0,0.0,0.0,81.96637626223448,0.0,0.0,0.0,0.0,0.0,0.0
91,22.75,R8Z6,119.2161986093385,0.0,0.0,0.0,3.291507777863089,1.6637025521892135,65.73081210163765,0.0,27.12012084273846,0.0,0.0,0.0,0.0,0.0,0.0,0.0,0.0,0.0,0.0
91,22.75,R8Z7,114.5023805779414,0.0,0.0,1.4867127040379273,39.60647964244452,1.7763568394002505e-15,0.0,0.0,0.0,0.0,0.0,0.0,75.94048343875565,0.0,0.0,0.0,0.0,0.0,0.0
91,22.75,R8Z8,124.81483263254758,0.0,0.0,9.280023774384631,173.6132626509404,1.7763568394002505e-15,0.0,0.0,27.12012084273846,0.0,0.0,0.0,80.7411104437223,0.0,0.0,0.0,0.0,0.0,0.0
91,22.75,R9Z1,93.13798237704002,0.0,135.0,0.0,0.0,0.0,45.147055941861396,0.0,27.12012084273846,0.0,0.0,0.0,0.0,0.0,80.0,572.4640342263807,0.0,0.0,0.0
91,22.75,R9Z2,132.14266581178987,0.0,135.0,0.0,0.0,3.864259989779015,94.04981372249252,0.0,27.12012084273846,0.0,0.0,0.0,71.79862400545011,0.0,80.0,567.5104253055108,0.0,0.0,0.0
91,22.75,R9Z3,120.9898002105451,0.0,0.0,6.217849919435082,39.523521050746965,-8.881784197001252e-16,0.0,0.0,54.24024168547692,0.0,0.0,0.0,131.9793940320069,0.0,0.0,0.0,0.0,0.0,0.0
91,22.75,R9Z4,124.40316231905197,0.0,0.0,0.0,87.36682548581163,0.0,118.84547263832147,0.0,27.12012084273846,0.0,0.0,0.0,69.22418572028012,0.0,0.0,0.0,0.0,0.0,0.0
91,22.75,R9Z5,92.33416826170587,0.0,0.0,0.0,0.0,9.672680737349854,104.49639785234015,0.0,27.12012084273846,0.0,0.0,0.0,144.1769605648952,0.0,0.0,0.0,0.0,0.0,0.0
91,22.75,R9Z6,96.62643669680672,0.0,0.0,1.32263980084155,52.01663649388769,2.886579864025407e-15,0.0,0.0,27.12012084273846,0.0,0.0,0.0,153.29274908472397,0.0,0.0,0.0,0.0,0.0,0.0
91,22.75,R9Z7,103.7412382428973,0.0,0.0,0.0,0.0,0.0,43.206320941823144,0.0,0.0,0.0,0.0,0.0,73.46880843399478,0.0,0.0,0.0,0.0,0.0,0.0
91,22.75,R9Z8,141.81062817628134,0.0,0.0,0.0,0.0,0.0,57.501793199309965,0.0,27.12012084273846,0.0,0.0,0.0,68.64867143137678,0.0,0.0,0.0,0.0,0.0,0.0
91,22.75,R9Z9,91.9115220639296,0.0,0.0,4.639613594965951,49.33050566034221,-8.881784197001252e-16,0.0,0.0,0.0,0.0,0.0,0.0,155.78653949915375,0.0,0.0,0.0,0.0,0.0,0.0
91,22.75,R9Z10,76.29121120089427,0.0,0.0,2.8245212527450576,210.8512102563249,-5.329070518200751e-15,0.0,0.0,0.0,0.0,0.0,0.0,0.0,0.0,0.0,0.0,0.0,0.0,0.0
91,22.75,R9Z11,112.63922551085953,0.0,0.0,0.7551814421957772,124.81957361472888,-5.995204332975845e-15,0.0,0.0,0.0,0.0,0.0,0.0,153.96276121398228,0.0,0.0,0.0,0.0,0.0,0.0
91,22.75,R10Z1,114.45252435939916,0.0,0.0,0.0,0.0,1.3449685421427793,62.9723261816312,0.0,0.0,0.0,0.0,0.0,67.49077946125662,0.0,80.0,503.60048847750215,0.0,0.0,0.0
91,22.75,R10Z2,70.58744391020532,0.0,0.0,0.0,0.0,3.6803599540280625,140.7674177666985,0.0,0.0,0.0,0.0,0.0,160.7294694913172,0.0,80.0,574.8462838220858,0.0,0.0,0.0
91,22.75,R10Z3,95.00737795698018,0.0,0.0,0.0,0.0,13.29506851223405,70.116875788636,0.0,0.0,0.0,0.0,0.0,77.26184738657325,0.0,0.0,0.0,0.0,0.0,0.0
91,22.75,R10Z4,111.55483478145135,0.0,0.0,0.0,0.0,3.5212871030659016,54.9728747236183,0.0,54.24024168547692,0.0,0.0,0.0,72.61253922464718,0.0,0.0,0.0,0.0,0.0,0.0
91,22.75,R10Z5,62.425160823086294,0.0,0.0,0.0,73.73566190914099,0.30027924616724094,2.063413061951465,0.0,54.24024168547692,0.0,0.0,0.0,0.0,0.0,0.0,0.0,0.0,0.0,0.0
91,22.75,R10Z6,125.82745667864577,0.0,0.0,10.245285788173476,28.97105570481223,1.7763568394002505e-15,0.0,0.0,54.24024168547692,0.0,0.0,0.0,66.45978068115849,0.0,0.0,0.0,0.0,0.0,0.0
91,22.75,R10Z7,113.70950568030132,0.0,0.0,2.3169196057403667,128.59476624630878,1.1102230246251565e-14,0.0,0.0,54.24024168547692,0.0,0.0,0.0,80.40136192510438,0.0,0.0,0.0,0.0,0.0,0.0
91,22.75,R10Z8,115.58397295054145,0.0,0.0,2.5047911247510477,17.382868233033896,8.881784197001252e-16,0.0,0.0,0.0,0.0,0.0,0.0,77.80171523221769,0.0,0.0,0.0,0.0,0.0,0.0
91,22.75,R10Z9,102.08271638011576,0.0,0.0,0.0,0.0,1.0889873723820054,73.43094347722536,0.0,27.12012084273846,0.0,0.0,0.0,0.0,0.0,0.0,0.0,0.0,0.0,0.0
91,22.75,R11Z1,90.5994667315291,0.0,135.0,9.945621566850306,94.47397166060962,0.0,0.0,0.0,54.24024168547692,0.0,0.0,0.0,151.88861952483487,0.0,0.0,0.0,0.0,0.0,0.0
91,22.75,R11Z2,92.55051690059085,0.0,135.0,0.0,0.0,4.996198221316305,67.8532014407482,0.0,27.12012084273846,0.0,0.0,0.0,66.52348180437993,0.0,0.0,0.0,0.0,0.0,0.0
91,22.75,R11Z3,108.62878344045231,0.0,0.0,4.793646246655506,36.15650380881366,-8.881784197001252e-16,0.0,0.0,27.12012084273846,0.0,0.0,0.0,0.0,0.0,0.0,0.0,0.0,0.0,0.0
91,22.75,R11Z4,141.31834997382657,0.0,0.0,9.832279329812536,191.73494639437797,-7.105427357601002e-15,0.0,0.0,0.0,0.0,0.0,0.0,77.12893745308831,0.0,0.0,0.0,0.0,0.0,0.0
91,22.75,R11Z5,58.59528877139044,0.0,0.0,0.0,0.0,0.5632464104809981,36.26100778947646,0.0,27.12012084273846,0.0,0.0,0.0,84.4523019749373,0.0,0.0,0.0,0.0,0.0,0.0
91,22.75,R11Z6,97.82464766056908,0.0,0.0,0.0,0.0,1.0667853336218769,73.68035983971714,0.0,0.0,0.0,0.0,0.0,0.0,0.0,0.0,0.0,0.0,0.0,0.0
91,22.75,R11Z7,106.10827743159004,0.0,0.0,0.0,0.0,4.565431377895843,117.4091409938587,0.0,27.12012084273846,0.0,0.0,0.0,0.0,0.0,0.0,0.0,0.0,0.0,0.0
91,22.75,R11Z8,87.03531356727945,0.0,0.0,0.0,49.844575848098444,10.248979982851006,148.53622184235815,0.0,27.12012084273846,0.0,0.0,0.0,151.74176336060341,0.0,0.0,0.0,0.0,0.0,0.0
91,22.75,R12Z1,73.08159297585738,0.0,135.0,0.0,27.37074488606939,22.544040336665574,90.23361266305842,0.0,54.24024168547692,0.0,0.0,0.0,130.99402764835432,0.0,0.0,0.0,0.0,0.0,0.0
91,22.75,R12Z2,92.54098558056404,0.0,135.0,0.0,0.0,3.924404959793969,93.86344859476064,0.0,27.12012084273846,0.0,0.0,0.0,83.55613879978677,0.0,0.0,0.0,0.0,0.0,0.0
91,22.75,R12Z3,97.61983124458814,0.0,0.0,0.0,0.0,16.214308812068882,61.96869171559659,0.0,27.12012084273846,0.0,0.0,0.0,151.40386453819292,0.0,0.0,0.0,0.0,0.0,0.0
91,22.75,R12Z4,124.52705932184571,0.0,0.0,13.900396638387342,32.933963136902214,0.0,0.0,0.0,0.0,0.0,0.0,0.0,0.0,0.0,0.0,0.0,0.0,0.0,0.0
91,22.75,R12Z5,112.44671771748108,0.0,0.0,8.255894452510482,61.435693656858554,-5.329070518200751e-15,0.0,0.0,0.0,0.0,0.0,0.0,143.33679934105604,0.0,0.0,0.0,0.0,0.0,0.0
91,22.75,R12Z6,88.05434516909173,0.0,0.0,0.0,0.0,10.849204069188879,196.30819798443582,0.0,0.0,0.0,0.0,0.0,0.0,0.0,0.0,0.0,0.0,0.0,0.0
91,22.75,R12Z7,76.28518178405419,0.0,0.0,4.63758514670166,42.19088224124269,-2.6645352591003757e-15,0.0,0.0,54.24024168547692,0.0,0.0,0.0,0.0,0.0,0.0,0.0,0.0,0.0,0.0
91,22.75,R12Z8,148.3458886995912,0.0,0.0,8.179857246795322,70.09702936174507,-3.552713678800501e-15,0.0,0.0,0.0,0.0,0.0,0.0,69.23255852953189,0.0,0.0,0.0,0.0,0.0,0.0
91,22.75,R12Z9,118.81366076503896,0.0,0.0,0.2831875594172004,170.219001992923,6.057345796431275,0.0,0.0,54.24024168547692,0.0,0.0,0.0,157.08334771511093,0.0,0.0,0.0,0.0,0.0,0.0
92,23.0,R1Z1,61.4985958046144,0.0,0.0,10.311016596840922,5.957080768873699,-1.7763568394002505e-15,0.0,0.0,55.21374845484684,0.0,0.0,0.0,143.4928239047383,0.0,0.0,562.6860660430117,0.0,0.0,0.0
92,23.0,R1Z2,76.60674138380762,0.0,0.0,2.1516852271129068,109.61861011913135,-4.884981308350689e-15,0.0,0.0,55.21374845484684,0.0,0.0,56.91901132912747,156.19432487419814,0.0,0.0,0.0,0.0,0.0,0.0
92,23.0,R1Z3,161.80692499799395,0.0,0.0,8.399642654301132,66.25130216613286,-3.552713678800501e-15,0.0,0.0,27.60687422742342,0.0,0.0,0.0,155.5602748712466,0.0,0.0,0.0,0.0,0.0,0.0
92,23.0,R1Z4,73.66444414769893,0.0,0.0,11.012564155412086,63.22670388999018,3.552713678800501e-15,0.0,0.0,55.21374845484684,0.0,0.0,0.0,0.0,0.0,0.0,0.0,0.0,0.0,0.0
92,23.0,R1Z5,131.99613744370953,0.0,0.0,6.082224793309464,60.23636001465796,-1.7763568394002505e-15,0.0,0.0,55.21374845484684,0.0,0.0,0.0,0.0,0.0,0.0,0.0,0.0,0.0,0.0
92,23.0,R1Z6,133.80531674457703,0.0,0.0,0.0,83.02123793922598,0.0,0.0,0.0,0.0,0.0,0.0,45.0,80.69049564165914,0.0,0.0,0.0,0.0,0.0,0.0
92,23.0,R1Z7,106.38576482037055,0.0,0.0,0.0,29.146227052588095,0.0,0.0,0.0,27.60687422742342,0.0,0.0,19.57012145398811,94.67931123798371,0.0,0.0,0.0,0.0,0.0,0.0
92,23.0,R1Z8,75.38730269571705,0.0,0.0,2.8122964113063063,125.67750930914966,-1.1102230246251565e-14,0.0,0.0,0.0,0.0,0.0,0.0,0.0,0.0,0.0,0.0,0.0,0.0,0.0
92,23.0,R1Z9,118.08733422727454,0.0,0.0,10.426680535837377,121.98120725466909,3.552713678800501e-15,0.0,0.0,0.0,0.0,0.0,0.0,195.8071981977498,0.0,0.0,0.0,0.0,0.0,0.0
92,23.0,R1Z10,104.37578564822518,0.0,0.0,0.0,68.08596303856217,0.0,0.0,0.0,0.0,0.0,0.0,90.0,156.46530563719455,0.0,0.0,0.0,0.0,0.0,0.0
92,23.0,R2Z1,115.3509470478523,0.0,135.0,0.0,70.44732609230834,0.0,0.0,0.0,0.0,0.0,0.0,0.0,70.59966422111034,0.0,0.0,623.2001082701884,0.0,0.0,0.0
92,23.0,R2Z2,112.59125654934786,0.0,135.0,0.0,0.0,1.3357603576203563,34.29425947359553,0.0,0.0,0.0,0.0,0.0,76.30603439055612,0.0,80.0,511.1384593107083,0.0,0.0,0.0
92,23.0,R2Z3,113.7674753144601,0.0,0.0,0.0,0.0,0.0,71.162555231672,0.0,27.60687422742342,0.0,0.0,0.0,66.05366375814769,0.0,0.0,0.0,0.0,0.0,0.0
92,23.0,R2Z4,99.77647867680281,0.0,0.0,0.22203592984485,139.78846137908664,1.1962653090336062e-14,0.0,0.0,55.21374845484684,0.0,0.0,0.0,0.0,0.0,0.0,0.0,0.0,0.0,0.0
92,23.0,R2Z5,87.13525565001218,0.0,0.0,0.0,129.25943554221146,0.0,0.0,0.0,27.60687422742342,0.0,0.0,0.0,0.0,0.0,0.0,0.0,0.0,0.0,0.0
92,23.0,R2Z6,70.33478985358023,0.0,0.0,3.885608284332392,87.75354699656377,-3.9968028886505635e-15,0.0,0.0,55.21374845484684,0.0,0.0,0.0,159.485575955236,0.0,0.0,0.0,0.0,0.0,0.0
92,23.0,R2Z7,104.17953182639253,0.0,0.0,0.0,54.79300628937179,0.0,0.0,0.0,55.21374845484684,0.0,0.0,0.0,81.48760715876847,0.0,0.0,0.0,0.0,0.0,0.0
92,23.0,R2Z8,98.91752406753419,0.0,0.0,0.0,64.71935107819951,0.0,0.0,0.0,0.0,0.0,0.0,0.0,83.97006083973879,0.0,0.0,0.0,0.0,0.0,0.0
92,23.0,R2Z9,66.78437202383745,0.0,0.0,0.0,0.0,4.821993596310007,112.15713024172058,0.0,27.60687422742342,0.0,0.0,0.0,76.80042226071285,0.0,0.0,0.0,0.0,0.0,0.0
92,23.0,R3Z1,80.68968493617946,0.0,0.0,11.434250060113996,47.13216016834794,-1.7763568394002505e-15,0.0,0.0,0.0,0.0,0.0,0.0,0.0,0.0,0.0,0.0,0.0,0.0,0.0
92,23.0,R3Z2,98.32399268899034,0.0,0.0,0.0,0.0,12.521718492950269,174.66074256215666,0.0,55.21374845484684,0.0,0.0,0.0,152.97521368514597,0.0,0.0,0.0,0.0,0.0,0.0
92,23.0,R3Z3,117.5909812403178,0.0,0.0,0.0,16.246507045132077,6.268318270178343,23.160026903445562,0.0,27.60687422742342,0.0,0.0,0.0,0.0,0.0,0.0,0.0,0.0,0.0,0.0
92,23.0,R4Z1,113.37704911961816,0.0,135.0,0.0,0.0,0.0,65.6017410570915,0.0,55.21374845484684,0.0,0.0,0.0,75.68230888083077,0.0,0.0,0.0,0.0,0.0,0.0
92,23.0,R4Z2,163.20140583296703,0.0,0.0,0.0,41.79580118758038,0.0,0.0,0.0,55.21374845484684,0.0,0.0,0.0,149.61309306888126,0.0,0.0,0.0,0.0,0.0,0.0
92,23.0,R4Z3,96.91405863036628,0.0,0.0,0.5789118170234815,114.3743653564795,-3.219646771412954e-15,0.0,0.0,0.0,0.0,0.0,0.0,0.0,0.0,0.0,0.0,0.0,0.0,0.0
92,23.0,R4Z4,144.3779199647791,0.0,0.0,4.428855646935631,37.35012890829197,2.6645352591003757e-15,0.0,0.0,0.0,0.0,0.0,0.0,0.0,0.0,0.0,0.0,0.0,0.0,0.0
92,23.0,R4Z5,90.29394298084082,0.0,0.0,0.0,117.50765894639399,0.0,0.0,0.0,55.21374845484684,0.0,0.0,0.0,0.0,0.0,0.0,0.0,0.0,0.0,0.0
92,23.0,R4Z6,125.09603431345539,0.0,0.0,0.0,56.019755310173586,0.0,0.0,0.0,55.21374845484684,0.0,0.0,0.0,142.39147027112205,0.0,0.0,0.0,0.0,0.0,0.0
92,23.0,R4Z7,138.20997698149452,0.0,0.0,0.0,62.95464481639054,0.0,0.0,0.0,55.21374845484684,0.0,0.0,0.0,0.0,0.0,0.0,0.0,0.0,0.0,0.0
92,23.0,R4Z8,93.33350617295598,0.0,0.0,1.7243339848113024,32.92209836910142,-1.1102230246251565e-15,0.0,0.0,55.21374845484684,0.0,0.0,0.0,0.0,0.0,0.0,0.0,0.0,0.0,0.0
92,23.0,R4Z9,97.24828063202429,0.0,0.0,0.0,11.530530306392066,1.5154929157675903,61.57816085257038,0.0,0.0,0.0,0.0,0.0,82.4176918834424,0.0,0.0,0.0,0.0,0.0,0.0
92,23.0,R4Z10,93.48979207454842,0.0,0.0,1.2015568138531023,137.6292509365152,0.0,0.0,0.0,0.0,0.0,0.0,0.0,83.9608994989209,0.0,0.0,0.0,0.0,0.0,0.0
92,23.0,R4Z11,134.62233872915024,0.0,0.0,0.0,34.735158356467075,0.0,0.0,0.0,27.60687422742342,0.0,0.0,0.0,77.67541700948975,0.0,0.0,0.0,0.0,0.0,0.0
92,23.0,R5Z1,86.22354787394954,0.0,135.0,12.741322417291514,73.12820110600599,1.7763568394002505e-15,0.0,0.0,0.0,0.0,0.0,0.0,67.81360672558016,0.0,0.0,0.0,0.0,0.0,0.0
92,23.0,R5Z2,104.23191201680773,0.0,135.0,0.0,0.0,1.59760325243086,28.538459061589045,0.0,27.60687422742342,0.0,0.0,0.0,161.35052362746777,0.0,0.0,0.0,0.0,0.0,0.0
92,23.0,R5Z3,115.23649707385697,0.0,0.0,10.197906436412609,117.38173250387875,5.329070518200751e-15,0.0,0.0,27.60687422742342,0.0,0.0,0.0,136.85632471073032,0.0,0.0,0.0,0.0,0.0,0.0
92,23.0,R5Z4,77.03960390523872,0.0,0.0,7.586541335619536,47.9246525094627,1.7763568394002505e-15,0.0,0.0,55.21374845484684,0.0,0.0,0.0,0.0,0.0,0.0,0.0,0.0,0.0,0.0
92,23.0,R5Z5,94.64421826214856,0.0,0.0,0.0,0.0,6.544580552265193,83.29236208899886,0.0,27.60687422742342,0.0,0.0,0.0,75.29286882339152,0.0,0.0,0.0,0.0,0.0,0.0
92,23.0,R5Z6,149.2121262681307,0.0,0.0,0.0,0.0,4.995285348895315,62.83144587779817,0.0,55.21374845484684,0.0,0.0,0.0,152.8377084843244,0.0,0.0,0.0,0.0,0.0,0.0
92,23.0,R5Z7,83.43834903129981,0.0,0.0,5.888620236726382,47.18419571881594,-2.6645352591003757e-15,0.0,0.0,0.0,0.0,0.0,0.0,82.91994418006905,0.0,0.0,0.0,0.0,0.0,0.0
92,23.0,R5Z8,120.93570032377498,0.0,0.0,0.0,0.0,6.552936307894504,118.77803725795282,0.0,27.60687422742342,0.0,0.0,0.0,154.3336165088736,0.0,0.0,0.0,0.0,0.0,0.0
92,23.0,R5Z9,105.41502244458964,0.0,0.0,12.228471518425778,164.91424142280945,-5.329070518200751e-15,0.0,0.0,0.0,0.0,0.0,0.0,80.40929587593249,0.0,0.0,0.0,0.0,0.0,0.0
92,23.0,R6Z1,137.48839062623756,0.0,135.0,0.0,51.10223349377577,11.841828144010632,6.1154046546654826,0.0,0.0,0.0,0.0,0.0,0.0,0.0,80.0,540.5809138322034,0.0,0.0,0.0
92,23.0,R6Z2,114.91332402523034,0.0,135.0,4.738928114173262,59.730415306754935,8.881784197001252e-16,0.0,0.0,55.21374845484684,0.0,0.0,0.0,130.98910629325454,0.0,80.0,573.2241753029465,0.0,0.0,0.0
92,23.0,R6Z3,85.28295249983248,0.0,0.0,0.0,0.0,14.163824454631413,125.0859096543354,0.0,27.60687422742342,0.0,0.0,0.0,77.14691549652069,0.0,0.0,0.0,0.0,0.0,0.0
92,23.0,R6Z4,106.75881694161265,0.0,0.0,0.0,0.0,0.0,85.83481301998846,0.0,27.60687422742342,0.0,0.0,0.0,73.15179863701844,0.0,0.0,0.0,0.0,0.0,0.0
92,23.0,R7Z1,73.08265677092578,0.0,135.0,0.0,0.0,1.4836209174779253,168.3279475139138,0.0,27.60687422742342,0.0,0.0,0.0,0.0,0.0,80.0,503.1572460291958,0.0,0.0,0.0
92,23.0,R7Z2,74.67434134139967,0.0,135.0,0.0,0.0,16.53291157839216,43.751433259664694,0.0,0.0,0.0,0.0,0.0,155.95397800990702,0.0,0.0,0.0,0.0,0.0,0.0
92,23.0,R7Z3,79.70000018406841,0.0,0.0,0.0,0.0,2.599012336071967,229.57794567578142,0.0,55.21374845484684,0.0,0.0,0.0,133.18613284153955,0.0,0.0,0.0,0.0,0.0,0.0
92,23.0,R7Z4,114.89072126262056,0.0,0.0,17.94707783712679,59.544643124854225,-3.552713678800501e-15,0.0,0.0,27.60687422742342,0.0,0.0,0.0,64.98313872772096,0.0,0.0,0.0,0.0,0.0,0.0
92,23.0,R7Z5,117.95380989928458,0.0,0.0,0.0,29.468927272972593,8.697088050154605,41.281755993644566,0.0,55.21374845484684,0.0,0.0,0.0,0.0,0.0,0.0,0.0,0.0,0.0,0.0
92,23.0,R7Z6,74.4876469085406,0.0,0.0,0.0,0.0,12.183865818825087,60.83247408359622,0.0,55.21374845484684,0.0,0.0,0.0,0.0,0.0,0.0,0.0,0.0,0.0,0.0
92,23.0,R7Z7,83.36706475210192,0.0,0.0,0.0,0.0,13.306054997919428,152.08780735036288,0.0,0.0,0.0,0.0,0.0,65.27476102180353,0.0,0.0,0.0,0.0,0.0,0.0
92,23.0,R7Z8,115.57637807484345,0.0,0.0,0.0,0.0,0.0,160.0,0.0,55.21374845484684,0.0,0.0,0.0,138.64857686841071,0.0,0.0,0.0,0.0,0.0,0.0
92,23.0,R7Z9,108.20439074230771,0.0,0.0,1.1277664300139634,64.05739160262684,3.1086244689504383e-15,0.0,0.0,55.21374845484684,0.0,0.0,0.0,75.80750141255719,0.0,0.0,0.0,0.0,0.0,0.0
92,23.0,R8Z1,140.3555450263207,0.0,135.0,0.0,0.0,0.0,65.68152682040788,0.0,27.60687422742342,0.0,0.0,0.0,80.72243018247639,0.0,80.0,582.0810343026677,0.0,0.0,0.0
92,23.0,R8Z2,92.17443136999736,0.0,135.0,0.0,0.0,0.03229782656094242,112.92407438387136,0.0,27.60687422742342,0.0,0.0,0.0,140.62552547194554,0.0,0.0,0.0,0.0,0.0,0.0
92,23.0,R8Z3,81.04210363723256,0.0,0.0,0.0,0.0,12.430466474282552,149.83587990445466,0.0,27.60687422742342,0.0,0.0,0.0,164.52189922751202,0.0,0.0,0.0,0.0,0.0,0.0
92,23.0,R8Z4,131.86452068650775,0.0,0.0,6.1808332337925975,88.1614546722365,-7.105427357601002e-15,0.0,0.0,0.0,0.0,0.0,0.0,0.0,0.0,0.0,0.0,0.0,0.0,0.0
92,23.0,R8Z5,105.23699132542622,0.0,0.0,0.0,107.24816505836714,6.268682205961907,4.213405492787473,0.0,27.60687422742342,0.0,0.0,0.0,81.87471921659716,0.0,0.0,0.0,0.0,0.0,0.0
92,23.0,R8Z6,113.09407797886968,0.0,0.0,0.0,0.0,3.4067216145522203,53.90688833694235,0.0,27.60687422742342,0.0,0.0,0.0,0.0,0.0,0.0,0.0,0.0,0.0,0.0
92,23.0,R8Z7,94.60051938407486,0.0,0.0,0.0,0.0,12.290501583194919,44.249111380876656,0.0,0.0,0.0,0.0,0.0,75.85556471142291,0.0,0.0,0.0,0.0,0.0,0.0
92,23.0,R8Z8,116.54766247817453,0.0,0.0,10.114657490821187,101.89467907085931,3.552713678800501e-15,0.0,0.0,27.60687422742342,0.0,0.0,0.0,80.65082352386298,0.0,0.0,0.0,0.0,0.0,0.0
92,23.0,R9Z1,116.22578185873776,0.0,135.0,1.9447446567342794,56.447899502816995,-3.3306690738754696e-15,0.0,0.0,27.60687422742342,0.0,0.0,0.0,0.0,0.0,80.0,550.5307737660586,0.0,0.0,0.0
92,23.0,R9Z2,128.56889779708385,0.0,135.0,0.0,0.0,2.1085472369812073,91.53385855353206,0.0,27.60687422742342,0.0,0.0,0.0,71.71833681871259,0.0,80.0,545.5814136192594,0.0,0.0,0.0
92,23.0,R9Z3,151.68686904931803,0.0,0.0,0.0,0.0,2.729382981559029,46.71801986357886,0.0,55.21374845484684,0.0,0.0,0.0,131.83181106087156,0.0,0.0,0.0,0.0,0.0,0.0
92,23.0,R9Z4,113.18758094903826,0.0,0.0,0.0,123.0409496912275,4.257089230187938,46.59012132186672,0.0,27.60687422742342,0.0,0.0,0.0,69.14677734090428,0.0,0.0,0.0,0.0,0.0,0.0
92,23.0,R9Z5,84.26657077259263,0.0,0.0,0.8036323152671798,114.86894185476058,-6.661338147750939e-15,0.0,0.0,27.60687422742342,0.0,0.0,0.0,144.01573794097357,0.0,0.0,0.0,0.0,0.0,0.0
92,23.0,R9Z6,105.94440021192476,0.0,0.0,0.07764564655347783,32.91026642731219,3.469446951953614e-16,0.0,0.0,27.60687422742342,0.0,0.0,0.0,153.12133293654904,0.0,0.0,0.0,0.0,0.0,0.0
92,23.0,R9Z7,108.65031563942033,0.0,0.0,0.0,40.09826233676996,0.0,0.0,0.0,0.0,0.0,0.0,0.0,73.38665360131058,0.0,0.0,0.0,0.0,0.0,0.0
92,23.0,R9Z8,131.30220901921402,0.0,0.0,6.626814916280878,24.841342764392643,0.0,0.0,0.0,27.60687422742342,0.0,0.0,0.0,68.5719066078326,0.0,0.0,0.0,0.0,0.0,0.0
92,23.0,R9Z9,105.4267591172657,0.0,0.0,1.3129836337542287,63.22033305223741,2.6645352591003757e-15,0.0,0.0,0.0,0.0,0.0,0.0,155.61233472627382,0.0,0.0,0.0,0.0,0.0,0.0
92,23.0,R9Z10,69.13428349120478,0.0,0.0,3.981474322464152,144.96558213869704,-1.7763568394002505e-15,0.0,0.0,0.0,0.0,0.0,0.0,0.0,0.0,0.0,0.0,0.0,0.0,0.0
92,23.0,R9Z11,138.45349038580633,0.0,0.0,0.0,67.3044151170119,0.6472797246662372,94.61942624003959,0.0,0.0,0.0,0.0,0.0,153.79059583990392,0.0,0.0,0.0,0.0,0.0,0.0
92,23.0,R10Z1,103.33198617924432,0.0,0.0,0.0,0.0,1.0982609382770239,38.53390451299564,0.0,0.0,0.0,0.0,0.0,67.4153094242089,0.0,80.0,481.7262931658966,0.0,0.0,0.0
92,23.0,R10Z2,85.17224330419951,0.0,0.0,0.0,80.46127928284326,0.0,0.0,0.0,0.0,0.0,0.0,0.0,160.5497373988151,0.0,80.0,552.9109800756517,0.0,0.0,0.0
92,23.0,R10Z3,117.78098697794142,0.0,0.0,0.0,0.0,6.796797000950994,114.1331399660152,0.0,0.0,0.0,0.0,0.0,77.1754510739038,0.0,0.0,0.0,0.0,0.0,0.0
92,23.0,R10Z4,124.5306311830207,0.0,0.0,1.842008943023778,57.579412460403034,-2.6645352591003757e-15,0.0,0.0,55.21374845484684,0.0,0.0,0.0,72.5313418956319,0.0,0.0,0.0,0.0,0.0,0.0
92,23.0,R10Z5,71.2356342394339,0.0,0.0,0.0,0.0,1.4777556680346233,116.66868278352378,0.0,55.21374845484684,0.0,0.0,0.0,0.0,0.0,0.0,0.0,0.0,0.0,0.0
92,23.0,R10Z6,115.89781803713828,0.0,0.0,0.0,8.822779372130185,1.6968889587522074,25.156233818705076,0.0,55.21374845484684,0.0,0.0,0.0,66.38546353516864,0.0,0.0,0.0,0.0,0.0,0.0
92,23.0,R10Z7,136.90821127129112,0.0,0.0,2.948953194979879,131.74578623349925,6.217248937900877e-15,0.0,0.0,55.21374845484684,0.0,0.0,0.0,80.31145492133867,0.0,0.0,0.0,0.0,0.0,0.0
92,23.0,R10Z8,118.14944738618173,0.0,0.0,4.071191223366718,40.115000295721885,-1.7763568394002505e-15,0.0,0.0,0.0,0.0,0.0,0.0,77.7147152245452,0.0,0.0,0.0,0.0,0.0,0.0
92,23.0,R10Z9,97.21604979202723,0.0,0.0,2.5497039826343553,65.22348607994935,6.661338147750939e-15,0.0,0.0,27.60687422742342,0.0,0.0,0.0,0.0,0.0,0.0,0.0,0.0,0.0,0.0
92,23.0,R11Z1,108.24352552675103,0.0,135.0,0.0,0.0,6.399589514626113,168.61376897441045,0.0,55.21374845484684,0.0,0.0,0.0,151.71877351276964,0.0,0.0,0.0,0.0,0.0,0.0
92,23.0,R11Z2,104.69573069911876,0.0,135.0,0.0,0.0,3.3810780647019842,40.827605458778386,0.0,27.60687422742342,0.0,0.0,0.0,66.44909342605038,0.0,0.0,0.0,0.0,0.0,0.0
92,23.0,R11Z3,112.73197840116853,0.0,0.0,0.0,0.0,2.450800089430412,49.57038204644276,0.0,27.60687422742342,0.0,0.0,0.0,0.0,0.0,0.0,0.0,0.0,0.0,0.0
92,23.0,R11Z4,138.6513908908474,0.0,0.0,1.6935824295928796,131.0635564479474,1.354472090042691e-14,0.0,0.0,0.0,0.0,0.0,0.0,77.04268976394468,0.0,0.0,0.0,0.0,0.0,0.0
92,23.0,R11Z5,49.31788308488976,0.0,0.0,0.0,0.0,3.1901545842978853,41.50938798460931,0.0,27.60687422742342,0.0,0.0,0.0,84.35786509911972,0.0,0.0,0.0,0.0,0.0,0.0
92,23.0,R11Z6,97.78125080061857,0.0,0.0,0.0,30.067721874027853,1.6571298875249698,79.58406434631732,0.0,0.0,0.0,0.0,0.0,0.0,0.0,0.0,0.0,0.0,0.0,0.0
92,23.0,R11Z7,95.29811567327545,0.0,0.0,0.0,0.0,2.3590617859849754,98.37104554394357,0.0,27.60687422742342,0.0,0.0,0.0,0.0,0.0,0.0,0.0,0.0,0.0,0.0
92,23.0,R11Z8,108.68762550391504,0.0,0.0,2.046042304140016,108.81125533479772,-1.3322676295501878e-15,0.0,0.0,27.60687422742342,0.0,0.0,0.0,151.572081567121,0.0,0.0,0.0,0.0,0.0,0.0
92,23.0,R12Z1,105.5905118211235,0.0,135.0,0.0,0.0,13.37170538935515,177.44145390078793,0.0,55.21374845484684,0.0,0.0,0.0,130.84754654088204,0.0,0.0,0.0,0.0,0.0,0.0
92,23.0,R12Z2,126.83489518758101,0.0,135.0,4.731734433027015,175.16377293663476,-5.329070518200751e-15,0.0,0.0,27.60687422742342,0.0,0.0,0.0,83.46270403816271,0.0,0.0,0.0,0.0,0.0,0.0
92,23.0,R12Z3,99.810500298468,0.0,0.0,0.0,0.0,9.418622646904094,43.6833831293384,0.0,27.60687422742342,0.0,0.0,0.0,151.2345605924232,0.0,0.0,0.0,0.0,0.0,0.0
92,23.0,R12Z4,103.50715207953802,0.0,0.0,25.377201540290933,43.717584494694215,-3.552713678800501e-15,0.0,0.0,0.0,0.0,0.0,0.0,0.0,0.0,0.0,0.0,0.0,0.0,0.0
92,23.0,R12Z5,113.7252610477602,0.0,0.0,0.0,0.0,6.226749517220459,138.08176749710952,0.0,0.0,0.0,0.0,0.0,143.176516208413,0.0,0.0,0.0,0.0,0.0,0.0
92,23.0,R12Z6,96.35028292389066,0.0,0.0,5.710319303470442,122.22959007880776,-5.329070518200751e-15,0.0,0.0,0.0,0.0,0.0,0.0,0.0,0.0,0.0,0.0,0.0,0.0,0.0
92,23.0,R12Z7,87.39266764659936,0.0,0.0,18.189858122894904,123.44222312479353,-7.105427357601002e-15,0.0,0.0,55.21374845484684,0.0,0.0,0.0,0.0,0.0,0.0,0.0,0.0,0.0,0.0
92,23.0,R12Z8,160.47757205180048,0.0,0.0,0.0,0.0,5.946525426265976,70.72306297862595,0.0,0.0,0.0,0.0,0.0,69.15514078745154,0.0,0.0,0.0,0.0,0.0,0.0
92,23.0,R12Z9,110.51274115974107,0.0,0.0,5.6469040623419176,97.22394987182041,-6.217248937900877e-15,0.0,0.0,55.21374845484684,0.0,0.0,0.0,156.90769281578582,0.0,0.0,0.0,0.0,0.0,0.0
93,23.25,R1Z1,60.484756335839144,0.0,0.0,16.12612864017774,151.67366649820613,-3.552713678800501e-15,0.0,0.0,42.952072110632606,0.0,0.0,0.0,143.33236630115718,0.0,0.0,562.2034429684928,0.0,0.0,0.0
93,23.25,R1Z2,71.97482992287867,0.0,0.0,2.7530970470516536,193.7337733912053,-8.43769498715119e-15,0.0,0.0,42.952072110632606,0.0,0.0,0.0,156.01966410454935,0.0,0.0,0.0,0.0,0.0,0.0
93,23.25,R1Z3,153.6554632170161,0.0,0.0,0.0,80.36709126782912,0.0,0.0,0.0,21.476036055316303,0.0,0.0,0.0,155.38632311366723,0.0,0.0,0.0,0.0,0.0,0.0
93,23.25,R1Z4,97.80072705866019,0.0,0.0,16.52476749550995,112.50954679938452,-1.0658141036401503e-14,0.0,0.0,42.952072110632606,0.0,0.0,0.0,0.0,0.0,0.0,0.0,0.0,0.0,0.0
93,23.25,R1Z5,110.58620058810122,0.0,0.0,18.624280784207116,33.943997587339034,0.0,0.0,0.0,42.952072110632606,0.0,0.0,0.0,0.0,0.0,0.0,0.0,0.0,0.0,0.0
93,23.25,R1Z6,131.93050223328737,0.0,0.0,0.0,76.11387241012382,0.0,0.0,0.0,0.0,0.0,0.0,0.0,80.60026532065697,0.0,0.0,0.0,0.0,0.0,0.0
93,23.25,R1Z7,122.87732612040053,0.0,0.0,0.0,49.13214671401061,0.0,0.0,0.0,21.476036055316303,0.0,0.0,0.0,94.57343824045988,0.0,0.0,0.0,0.0,0.0,0.0
93,23.25,R1Z8,62.296826657059604,0.0,0.0,0.0005889240281646835,137.51312668523474,5.64479019082853e-15,0.0,0.0,0.0,0.0,0.0,0.0,0.0,0.0,0.0,0.0,0.0,0.0,0.0
93,23.25,R1Z9,117.65657596178673,0.0,0.0,0.0,150.08195271035336,0.0,0.0,0.0,0.0,0.0,0.0,90.0,172.24003282587498,0.0,0.0,0.0,0.0,0.0,0.0
93,23.25,R1Z10,95.91217974827634,0.0,0.0,0.0,32.1300304727565,0.0,0.0,0.0,0.0,0.0,0.0,17.812659830417587,151.66930080575904,0.0,0.0,0.0,0.0,0.0,0.0
93,23.25,R2Z1,94.57432307265138,0.0,135.0,0.0,67.55446668702442,0.0,0.0,0.0,0.0,0.0,0.0,0.0,70.5207177440233,0.0,77.00640567355872,602.0256983271345,0.0,0.0,0.0
93,23.25,R2Z2,125.67565101850192,0.0,135.0,3.0170808379416556,48.051820777347594,0.0,0.0,0.0,0.0,0.0,0.0,0.0,76.22070689414268,0.0,80.0,489.2577985845871,0.0,0.0,0.0
93,23.25,R2Z3,90.61773772241932,0.0,0.0,4.480289906242909,47.33826778018351,-8.881784197001252e-16,0.0,0.0,21.476036055316303,0.0,0.0,0.0,65.97980074321796,0.0,0.0,0.0,0.0,0.0,0.0
93,23.25,R2Z4,112.9916864982838,0.0,0.0,0.0,0.0,1.4933154151395707,86.3085712515834,0.0,42.952072110632606,0.0,0.0,0.0,0.0,0.0,0.0,0.0,0.0,0.0,0.0
93,23.25,R2Z5,91.4220823736162,0.0,0.0,0.0,55.89669619183056,0.6546393288296263,82.65629716057822,0.0,21.476036055316303,0.0,0.0,0.0,0.0,0.0,0.0,0.0,0.0,0.0,0.0
93,23.25,R2Z6,73.05045587300793,0.0,0.0,0.0,123.98433147675163,0.0,0.0,0.0,42.952072110632606,0.0,0.0,0.0,159.30723481853556,0.0,0.0,0.0,0.0,0.0,0.0
93,23.25,R2Z7,113.3773368970328,0.0,0.0,0.0,0.0,0.0,62.27602392696294,0.0,42.952072110632606,0.0,0.0,0.0,81.39648548584819,0.0,0.0,0.0,0.0,0.0,0.0
93,23.25,R2Z8,101.14476881669924,0.0,0.0,0.0,0.0,6.140464673970878,53.633759499082586,0.0,0.0,0.0,0.0,0.0,83.8761632191592,0.0,0.0,0.0,0.0,0.0,0.0
93,23.25,R2Z9,57.91334526903501,0.0,0.0,0.0,0.0,1.9682096225860741,126.58195013268605,0.0,21.476036055316303,0.0,0.0,0.0,76.71454192624991,0.0,0.0,0.0,0.0,0.0,0.0
93,23.25,R3Z1,64.22804568585072,0.0,0.0,0.0,0.0,8.313323196292009,0.0,0.0,0.0,0.0,0.0,0.0,0.0,0.0,0.0,0.0,0.0,0.0,0.0
93,23.25,R3Z2,94.94153919752333,0.0,0.0,12.509758286083908,52.701295254636435,-7.105427357601002e-15,0.0,0.0,42.952072110632606,0.0,0.0,0.0,152.80415261374688,0.0,0.0,0.0,0.0,0.0,0.0
93,23.25,R3Z3,113.36972648688726,0.0,0.0,1.2353011120211157,31.818552264090872,3.3306690738754696e-15,0.0,0.0,21.476036055316303,0.0,0.0,0.0,0.0,0.0,0.0,0.0,0.0,0.0,0.0
93,23.25,R4Z1,91.68936855652242,0.0,135.0,0.0,0.0,0.5518312920206395,62.93508439936786,0.0,42.952072110632606,0.0,0.0,0.0,75.59767885135582,0.0,0.0,0.0,0.0,0.0,0.0
93,23.25,R4Z2,124.46250617240415,0.0,0.0,0.0,48.502390733634606,0.0,0.0,0.0,42.952072110632606,0.0,0.0,0.0,149.44579161278804,0.0,0.0,0.0,0.0,0.0,0.0
93,23.25,R4Z3,93.19987405973788,0.0,0.0,0.6460022382682382,134.48290530249838,1.1213252548714081e-14,0.0,0.0,0.0,0.0,0.0,0.0,0.0,0.0,0.0,0.0,0.0,0.0,0.0
93,23.25,R4Z4,115.93685480885676,0.0,0.0,0.0,0.0,0.8133376594422185,59.88305193132626,0.0,0.0,0.0,0.0,0.0,0.0,0.0,0.0,0.0,0.0,0.0,0.0
93,23.25,R4Z5,100.51732343065646,0.0,0.0,0.0,134.45041724633958,0.0,0.0,0.0,42.952072110632606,0.0,0.0,0.0,0.0,0.0,0.0,0.0,0.0,0.0,0.0
93,23.25,R4Z6,100.29082889096766,0.0,0.0,2.107759566678432,42.65342394066871,8.881784197001252e-16,0.0,0.0,42.952072110632606,0.0,0.0,0.0,142.23224423132189,0.0,0.0,0.0,0.0,0.0,0.0
93,23.25,R4Z7,125.23428196806077,0.0,0.0,0.0,195.62624139681083,0.0,0.0,0.0,42.952072110632606,0.0,0.0,0.0,0.0,0.0,0.0,0.0,0.0,0.0,0.0
93,23.25,R4Z8,94.49793224180402,0.0,0.0,0.0,55.080011337000414,0.0,0.0,0.0,42.952072110632606,0.0,0.0,0.0,0.0,0.0,0.0,0.0,0.0,0.0,0.0
93,23.25,R4Z9,106.83779071914314,0.0,0.0,0.0,27.773839779859145,0.0,99.00587147679127,0.0,0.0,0.0,0.0,0.0,82.3255301643234,0.0,0.0,0.0,0.0,0.0,0.0
93,23.25,R4Z10,105.04664022597835,0.0,0.0,0.0,158.40052881177084,0.0,0.0,0.0,0.0,0.0,0.0,0.0,83.86701212280336,0.0,0.0,0.0,0.0,0.0,0.0
93,23.25,R4Z11,156.19858799850948,0.0,0.0,0.0,0.0,2.600155737654435,18.91131886331815,0.0,21.476036055316303,0.0,0.0,0.0,77.58855823194713,0.0,0.0,0.0,0.0,0.0,0.0
93,23.25,R5Z1,71.73570003576232,0.0,135.0,11.703110598696249,44.891790253102776,0.0,0.0,0.0,0.0,0.0,0.0,0.0,67.73777569424857,0.0,0.0,0.0,0.0,0.0,0.0
93,23.25,R5Z2,90.58458461424537,0.0,135.0,2.6053498468003866,54.46212234000279,-2.220446049250313e-15,0.0,0.0,21.476036055316303,0.0,0.0,0.0,161.1700970552302,0.0,0.0,0.0,0.0,0.0,0.0
93,23.25,R5Z3,111.71021723476221,0.0,0.0,0.0,90.23418117944591,13.129257295508735,47.93426807182537,0.0,21.476036055316303,0.0,0.0,0.0,136.7032882222117,0.0,0.0,0.0,0.0,0.0,0.0
93,23.25,R5Z4,95.02538413534927,0.0,0.0,0.0,0.0,8.554467566296287,39.50337865508219,0.0,42.952072110632606,0.0,0.0,0.0,0.0,0.0,0.0,0.0,0.0,0.0,0.0
93,23.25,R5Z5,91.59361985307856,0.0,0.0,0.0,73.21450238442225,2.799905799323694,41.96530683432036,0.0,21.476036055316303,0.0,0.0,0.0,75.2086742764491,0.0,0.0,0.0,0.0,0.0,0.0
93,23.25,R5Z6,121.65119352165232,0.0,0.0,0.7153619684093542,109.86861086657287,7.771561172376096e-16,0.0,0.0,42.952072110632606,0.0,0.0,0.0,152.66680117500485,0.0,0.0,0.0,0.0,0.0,0.0
93,23.25,R5Z7,85.63328559499946,0.0,0.0,0.0,0.0,6.604644765445453,57.740169618251855,0.0,0.0,0.0,0.0,0.0,82.82722082868358,0.0,0.0,0.0,0.0,0.0,0.0
93,23.25,R5Z8,120.25519693385677,0.0,0.0,0.0,0.0,14.290484816427531,129.20739679960158,0.0,21.476036055316303,0.0,0.0,0.0,154.16103643425288,0.0,0.0,0.0,0.0,0.0,0.0
93,23.25,R5Z9,116.634556722757,0.0,0.0,2.5260506262978595,97.25390552957805,2.220446049250313e-15,0.0,0.0,0.0,0.0,0.0,0.0,80.31938000020577,0.0,0.0,0.0,0.0,0.0,0.0
93,23.25,R6Z1,112.30802031496897,0.0,135.0,0.0,0.0,3.069683972501664,44.269608043769,0.0,0.0,0.0,0.0,0.0,0.0,0.0,80.0,518.6749999342336,0.0,0.0,0.0
93,23.25,R6Z2,142.54542872876658,0.0,135.0,13.837998104643503,44.975417807776424,3.552713678800501e-15,0.0,0.0,42.952072110632606,0.0,0.0,0.0,130.84263068897624,0.0,80.0,551.2902628598482,0.0,0.0,0.0
93,23.25,R6Z3,90.11159508613493,0.0,0.0,0.0,0.0,4.39714648851178,68.19646302763532,0.0,21.476036055316303,0.0,0.0,0.0,77.06064770383676,0.0,0.0,0.0,0.0,0.0,0.0
93,23.25,R6Z4,108.57870594856783,0.0,0.0,0.0,0.0,1.8073788855681874,213.26702797489122,0.0,21.476036055316303,0.0,0.0,0.0,73.06999829336687,0.0,0.0,0.0,0.0,0.0,0.0
93,23.25,R7Z1,58.49810143944584,0.0,135.0,0.0,99.53330106481692,0.0,0.0,0.0,21.476036055316303,0.0,0.0,0.0,0.0,0.0,80.0,481.2834308923379,0.0,0.0,0.0
93,23.25,R7Z2,83.79478339851816,0.0,135.0,13.634843391196995,27.295351719575407,-3.552713678800501e-15,0.0,0.0,0.0,0.0,0.0,0.0,155.77958600270102,0.0,0.0,0.0,0.0,0.0,0.0
93,23.25,R7Z3,81.3393896656494,0.0,0.0,0.0,0.0,1.4260642139474506,60.40549957142246,0.0,42.952072110632606,0.0,0.0,0.0,133.0372004620348,0.0,0.0,0.0,0.0,0.0,0.0
93,23.25,R7Z4,133.09914465128213,0.0,0.0,0.0,0.0,0.0,107.01227521272985,0.0,21.476036055316303,0.0,0.0,0.0,64.91047280318419,0.0,0.0,0.0,0.0,0.0,0.0
93,23.25,R7Z5,104.66187552797957,0.0,0.0,0.0,54.480908644717985,4.463132800864523,53.52105144786704,0.0,42.952072110632606,0.0,0.0,0.0,0.0,0.0,0.0,0.0,0.0,0.0,0.0
93,23.25,R7Z6,95.16815454102641,0.0,0.0,0.0,0.0,0.0,96.1640802500898,0.0,42.952072110632606,0.0,0.0,0.0,0.0,0.0,0.0,0.0,0.0,0.0,0.0
93,23.25,R7Z7,87.50790083240314,0.0,0.0,3.3361594682234497,56.77526618304653,-3.1086244689504383e-15,0.0,0.0,0.0,0.0,0.0,0.0,65.20176899723482,0.0,0.0,0.0,0.0,0.0,0.0
93,23.25,R7Z8,108.78928468253106,0.0,0.0,0.0,0.0,0.0,45.26856096629618,0.0,42.952072110632606,0.0,0.0,0.0,138.4935362344693,0.0,0.0,0.0,0.0,0.0,0.0
93,23.25,R7Z9,95.84133477416101,0.0,0.0,11.792806855416387,125.42695786063385,-7.105427357601002e-15,0.0,0.0,42.952072110632606,0.0,0.0,0.0,75.7227313893663,0.0,0.0,0.0,0.0,0.0,0.0
93,23.25,R8Z1,115.28667577973259,0.0,135.0,0.0,0.0,8.38289186954943,68.40462296376529,0.0,21.476036055316303,0.0,0.0,0.0,80.63216415139654,0.0,80.0,560.1395252177135,0.0,0.0,0.0
93,23.25,R8Z2,89.1825815818225,0.0,135.0,0.0,0.0,0.0,71.56881269947742,0.0,21.476036055316303,0.0,0.0,0.0,140.46827415995978,0.0,0.0,0.0,0.0,0.0,0.0
93,23.25,R8Z3,85.14361269596269,0.0,0.0,0.0,57.84501178998036,7.394304119164582,38.939353319217275,0.0,21.476036055316303,0.0,0.0,0.0,164.3379263362671,0.0,0.0,0.0,0.0,0.0,0.0
93,23.25,R8Z4,136.6438538905494,0.0,0.0,0.0,0.0,6.978179446264361,55.512064258791355,0.0,0.0,0.0,0.0,0.0,0.0,0.0,0.0,0.0,0.0,0.0,0.0
93,23.25,R8Z5,114.48752376160492,0.0,0.0,5.7865482937020545,121.42699175760262,-4.440892098500626e-15,0.0,0.0,21.476036055316303,0.0,0.0,0.0,81.78316466437725,0.0,0.0,0.0,0.0,0.0,0.0
93,23.25,R8Z6,132.08939240854303,0.0,0.0,0.1472282191506764,92.75175782603343,6.300515664747763e-15,0.0,0.0,21.476036055316303,0.0,0.0,0.0,0.0,0.0,0.0,0.0,0.0,0.0,0.0
93,23.25,R8Z7,113.68269189068099,0.0,0.0,0.0,0.0,5.686587379442294,52.254822188606184,0.0,0.0,0.0,0.0,0.0,75.77074094253558,0.0,0.0,0.0,0.0,0.0,0.0
93,23.25,R8Z8,131.73934492126546,0.0,0.0,2.5546613363250117,129.01148707003193,6.217248937900877e-15,0.0,0.0,21.476036055316303,0.0,0.0,0.0,80.5606375653089,0.0,0.0,0.0,0.0,0.0,0.0
93,23.25,R9Z1,114.552438831353,0.0,135.0,0.0,0.0,1.6641544488833644,49.01338647226292,0.0,21.476036055316303,0.0,0.0,0.0,0.0,0.0,80.0,528.6163257452766,0.0,0.0,0.0
93,23.25,R9Z2,130.52306448522063,0.0,135.0,0.0,0.0,2.5410893103371333,99.49225843428322,0.0,21.476036055316303,0.0,0.0,0.0,71.638139411305,0.0,80.0,523.67121072832,0.0,0.0,0.0
93,23.25,R9Z3,134.1659600431067,0.0,0.0,0.0,42.463818689304276,0.0,0.0,0.0,42.952072110632606,0.0,0.0,0.0,131.6843931210544,0.0,0.0,0.0,0.0,0.0,0.0
93,23.25,R9Z4,106.21762455153988,0.0,0.0,0.0,75.82313033741232,2.780791774804347,137.65427146461448,0.0,21.476036055316303,0.0,0.0,0.0,69.06945552169718,0.0,0.0,0.0,0.0,0.0,0.0
93,23.25,R9Z5,92.47435608825349,0.0,0.0,1.4127878640438212,127.25405957087449,1.0436096431476471e-14,0.0,0.0,21.476036055316303,0.0,0.0,0.0,143.8546956006032,0.0,0.0,0.0,0.0,0.0,0.0
93,23.25,R9Z6,92.33765028224455,0.0,0.0,0.0,35.72483420017277,0.0,0.0,0.0,21.476036055316303,0.0,0.0,0.0,152.95010847060325,0.0,0.0,0.0,0.0,0.0,0.0
93,23.25,R9Z7,99.34315574172105,0.0,0.0,0.0,5.4987791101863195,1.2908837425932322,30.239100610666675,0.0,0.0,0.0,0.0,0.0,73.30459063640915,0.0,0.0,0.0,0.0,0.0,0.0
93,23.25,R9Z8,120.32569180270967,0.0,0.0,0.0,0.0,0.0,42.737133272107464,0.0,21.476036055316303,0.0,0.0,0.0,68.49522762481541,0.0,0.0,0.0,0.0,0.0,0.0
93,23.25,R9Z9,91.73105432814752,0.0,0.0,0.0,0.0,0.15202309447349266,41.513245852250776,0.0,0.0,0.0,0.0,0.0,155.43832475393953,0.0,0.0,0.0,0.0,0.0,0.0
93,23.25,R9Z10,86.6822936611811,0.0,0.0,0.802026566234531,214.68469197617478,1.2545520178264269e-14,0.0,0.0,0.0,0.0,0.0,0.0,0.0,0.0,0.0,0.0,0.0,0.0,0.0
93,23.25,R9Z11,135.3341925300731,0.0,0.0,0.0,107.73304532816077,0.0,0.0,0.0,0.0,0.0,0.0,0.0,153.61862298585956,0.0,0.0,0.0,0.0,0.0,0.0
93,23.25,R10Z1,124.89361013490633,0.0,0.0,0.0,29.27919452755826,1.1461924544054867,47.378324557323054,0.0,0.0,0.0,0.0,0.0,67.33992377982247,0.0,80.0,459.87085963289377,0.0,0.0,0.0
93,23.25,R10Z2,81.0243106240904,0.0,0.0,4.719135659272695,90.19945410213913,3.552713678800501e-15,0.0,0.0,0.0,0.0,0.0,0.0,160.3702062876587,0.0,80.0,530.9944905213106,0.0,0.0,0.0
93,23.25,R10Z3,96.2720774748912,0.0,0.0,0.0,0.0,5.465180255424184,58.87690497355823,0.0,0.0,0.0,0.0,0.0,77.08915137195612,0.0,0.0,0.0,0.0,0.0,0.0
93,23.25,R10Z4,129.26226746382426,0.0,0.0,1.0135434836171981,54.4514490263746,-2.4424906541753444e-15,0.0,0.0,42.952072110632606,0.0,0.0,0.0,72.45023536369257,0.0,0.0,0.0,0.0,0.0,0.0
93,23.25,R10Z5,56.425119884002335,0.0,0.0,0.9836872093306681,179.43704096402783,-4.551914400963142e-15,0.0,0.0,42.952072110632606,0.0,0.0,0.0,0.0,0.0,0.0,0.0,0.0,0.0,0.0
93,23.25,R10Z6,120.59194020777,0.0,0.0,2.0613503694571094,38.68798791444613,-4.440892098500626e-16,0.0,0.0,42.952072110632606,0.0,0.0,0.0,66.31122949264575,0.0,0.0,0.0,0.0,0.0,0.0
93,23.25,R10Z7,138.03563622116195,0.0,0.0,0.0,0.0,1.1531066208846326,190.3341464733204,0.0,42.952072110632606,0.0,0.0,0.0,80.2216484540456,0.0,0.0,0.0,0.0,0.0,0.0
93,23.25,R10Z8,107.17738551894469,0.0,0.0,0.0,57.36000193926438,0.0,0.0,0.0,0.0,0.0,0.0,0.0,77.62781250266276,0.0,0.0,0.0,0.0,0.0,0.0
93,23.25,R10Z9,119.64698167704711,0.0,0.0,0.0,61.60383407065942,3.7277249389801876,69.30738173031784,0.0,21.476036055316303,0.0,0.0,0.0,0.0,0.0,0.0,0.0,0.0,0.0,0.0
93,23.25,R11Z1,124.76298656842984,0.0,135.0,0.0,0.0,10.09243920328574,151.48242041112567,0.0,42.952072110632606,0.0,0.0,0.0,151.5491174271644,0.0,0.0,0.0,0.0,0.0,0.0
93,23.25,R11Z2,100.15663781203003,0.0,135.0,0.0,0.0,2.222401914139405,40.66575884251459,0.0,21.476036055316303,0.0,0.0,0.0,66.37478823084174,0.0,0.0,0.0,0.0,0.0,0.0
93,23.25,R11Z3,115.22192569597952,0.0,0.0,0.0,0.0,2.576287684849508,56.673141537113835,0.0,21.476036055316303,0.0,0.0,0.0,0.0,0.0,0.0,0.0,0.0,0.0,0.0
93,23.25,R11Z4,138.23068707547415,0.0,0.0,2.3061206217745394,131.16477552844148,-3.552713678800501e-15,0.0,0.0,0.0,0.0,0.0,0.0,76.95653851932794,0.0,0.0,0.0,0.0,0.0,0.0
93,23.25,R11Z5,50.72038366506073,0.0,0.0,0.0,35.80630594435553,3.594751294010678,1.664392499174582,0.0,21.476036055316303,0.0,0.0,0.0,84.26353382520173,0.0,0.0,0.0,0.0,0.0,0.0
93,23.25,R11Z6,98.02759076578018,0.0,0.0,1.2017329822993048,114.79971232349392,-5.551115123125783e-15,0.0,0.0,0.0,0.0,0.0,0.0,0.0,0.0,0.0,0.0,0.0,0.0,0.0
93,23.25,R11Z7,95.45915265941407,0.0,0.0,0.0,0.0,0.15902909565383153,140.41363202408533,0.0,21.476036055316303,0.0,0.0,0.0,0.0,0.0,0.0,0.0,0.0,0.0,0.0
93,23.25,R11Z8,91.88164081443654,0.0,0.0,0.0,0.0,3.021659832255083,122.27831739930042,0.0,21.476036055316303,0.0,0.0,0.0,151.40258951646481,0.0,0.0,0.0,0.0,0.0,0.0
93,23.25,R12Z1,77.83649531249542,0.0,135.0,0.0,0.0,4.8240633225318215,144.80679711182617,0.0,42.952072110632606,0.0,0.0,0.0,130.70122923259382,0.0,0.0,0.0,0.0,0.0,0.0
93,23.25,R12Z2,123.37570962912082,0.0,135.0,3.123413764339972,189.24096480395008,-2.6645352591003757e-15,0.0,0.0,21.476036055316303,0.0,0.0,0.0,83.36937375784673,0.0,0.0,0.0,0.0,0.0,0.0
93,23.25,R12Z3,91.93064726868074,0.0,0.0,13.171122010128038,39.32210205382585,0.0,0.0,0.0,21.476036055316303,0.0,0.0,0.0,151.06544596696006,0.0,0.0,0.0,0.0,0.0,0.0
93,23.25,R12Z4,102.61407708634256,0.0,0.0,6.289782790318938,41.21972378106959,-3.552713678800501e-15,0.0,0.0,0.0,0.0,0.0,0.0,0.0,0.0,0.0,0.0,0.0,0.0,0.0
93,23.25,R12Z5,118.68007209992312,0.0,0.0,0.0,59.36973752324093,1.23669084937208,20.209072961547164,0.0,0.0,0.0,0.0,0.0,143.01641230875637,0.0,0.0,0.0,0.0,0.0,0.0
93,23.25,R12Z6,90.62516348027926,0.0,0.0,0.34104896537957075,74.49451741939242,-2.1094237467877974e-15,0.0,0.0,0.0,0.0,0.0,0.0,0.0,0.0,0.0,0.0,0.0,0.0,0.0
93,23.25,R12Z7,77.52917171767385,0.0,0.0,0.0,105.80828592878086,0.0,0.0,0.0,42.952072110632606,0.0,0.0,0.0,0.0,0.0,0.0,0.0,0.0,0.0,0.0
93,23.25,R12Z8,124.40802118758374,0.0,0.0,0.0,0.0,11.655966797839996,54.44457896836803,0.0,0.0,0.0,0.0,0.0,69.07780961600959,0.0,0.0,0.0,0.0,0.0,0.0
93,23.25,R12Z9,121.6045014540911,0.0,0.0,2.8243967567388637,58.812167734602625,2.220446049250313e-15,0.0,0.0,42.952072110632606,0.0,0.0,0.0,156.73223433857743,0.0,0.0,0.0,0.0,0.0,0.0
94,23.5,R1Z1,60.042460041135186,0.0,0.0,5.4882722243884245,148.06305087286574,-8.881784197001252e-15,0.0,0.0,78.72387156347604,0.0,0.0,0.0,143.17208812566068,0.0,0.0,561.7212338459909,0.0,0.0,0.0
94,23.5,R1Z2,75.34449997227316,0.0,0.0,0.0,124.35389016665336,0.0,0.0,0.0,78.72387156347604,0.0,0.0,0.0,155.84519864535426,0.0,0.0,0.0,0.0,0.0,0.0
94,23.5,R1Z3,165.09368576945437,0.0,0.0,3.042525464014446,39.37396369408486,8.881784197001252e-16,0.0,0.0,39.36193578173802,0.0,0.0,0.0,155.21256587370482,0.0,0.0,0.0,0.0,0.0,0.0
94,23.5,R1Z4,80.59330608592028,0.0,0.0,0.0,93.12791693911518,0.0,0.0,0.0,78.72387156347604,0.0,0.0,0.0,0.0,0.0,0.0,0.0,0.0,0.0,0.0
94,23.5,R1Z5,90.46071806218151,0.0,0.0,0.0,67.76531273233869,0.0,0.0,0.0,78.72387156347604,0.0,0.0,0.0,0.0,0.0,0.0,0.0,0.0,0.0,0.0
94,23.5,R1Z6,100.77192809372163,0.0,0.0,11.985054602552811,26.696443058775454,-3.552713678800501e-15,0.0,0.0,0.0,0.0,0.0,1.2297642111224292,80.19110488558348,0.0,0.0,0.0,0.0,0.0,0.0
94,23.5,R1Z7,101.72236439156052,0.0,0.0,0.0,42.55223922688151,0.0,0.0,0.0,39.36193578173802,0.0,0.0,45.0,82.79357943155227,0.0,0.0,0.0,0.0,0.0,0.0
94,23.5,R1Z8,68.92637663038987,0.0,0.0,2.9631870754975296,205.19488722951232,1.199040866595169e-14,0.0,0.0,0.0,0.0,0.0,0.0,0.0,0.0,0.0,0.0,0.0,0.0,0.0
94,23.5,R1Z9,112.51315268396125,0.0,0.0,7.887855992460434,13.821368234599738,-8.881784197001252e-16,0.0,0.0,0.0,0.0,0.0,90.0,148.69922090343317,0.0,0.0,0.0,0.0,0.0,0.0
94,23.5,R1Z10,88.15548365926783,0.0,0.0,0.0,12.050209521732702,0.0,0.0,0.0,0.0,0.0,0.0,0.0,151.49970004188899,0.0,0.0,0.0,0.0,0.0,0.0
94,23.5,R2Z1,114.09963731337926,0.0,135.0,0.0,0.0,0.0,160.0,0.0,0.0,0.0,0.0,0.0,70.44185954704798,0.0,80.0,580.0670824473748,0.0,0.0,0.0
94,23.5,R2Z2,91.77263147094817,0.0,135.0,0.0,80.0,0.0,0.0,0.0,0.0,0.0,0.0,0.0,76.13547481327144,0.0,80.0,467.3959051825375,0.0,0.0,0.0
94,23.5,R2Z3,110.77685660434639,0.0,0.0,0.0,0.0,8.340128299976223,61.08134567616963,0.0,39.36193578173802,0.0,0.0,0.0,65.90602032393342,0.0,0.0,0.0,0.0,0.0,0.0
94,23.5,R2Z4,108.12576988938147,0.0,0.0,0.0,0.0,2.9998119564886414,91.94434688636696,0.0,78.72387156347604,0.0,0.0,0.0,0.0,0.0,0.0,0.0,0.0,0.0,0.0
94,23.5,R2Z5,89.3108788031489,0.0,0.0,0.0,0.0,0.0,72.14880462011611,0.0,39.36193578173802,0.0,0.0,0.0,0.0,0.0,0.0,0.0,0.0,0.0,0.0
94,23.5,R2Z6,59.52122402757801,0.0,0.0,0.0,0.0,2.0045848500167756,120.83870696039332,0.0,78.72387156347604,0.0,0.0,0.0,159.129093107776,0.0,0.0,0.0,0.0,0.0,0.0
94,23.5,R2Z7,96.81864633575759,0.0,0.0,0.008059285876839795,45.754707575704366,3.5371011675167097e-15,0.0,0.0,78.72387156347604,0.0,0.0,0.0,81.3054657076769,0.0,0.0,0.0,0.0,0.0,0.0
94,23.5,R2Z8,107.85444069819545,0.0,0.0,0.0,0.0,0.0,77.40989051407811,0.0,0.0,0.0,0.0,0.0,83.78237059746922,0.0,0.0,0.0,0.0,0.0,0.0
94,23.5,R2Z9,66.67492207787386,0.0,0.0,3.34457352784203,118.43635378062446,-7.105427357601002e-15,0.0,0.0,39.36193578173802,0.0,0.0,0.0,76.62875762552783,0.0,0.0,0.0,0.0,0.0,0.0
94,23.5,R3Z1,76.96180643380384,0.0,0.0,6.280013708736405,28.861600381530522,2.6645352591003757e-15,0.0,0.0,0.0,0.0,0.0,0.0,0.0,0.0,0.0,0.0,0.0,0.0,0.0
94,23.5,R3Z2,87.84438433635732,0.0,0.0,0.0,43.702765198992424,0.0,105.28634133915192,0.0,78.72387156347604,0.0,0.0,0.0,152.63328282752036,0.0,0.0,0.0,0.0,0.0,0.0
94,23.5,R3Z3,123.22683671112443,0.0,0.0,1.51128836352839,21.119533253302997,0.0,0.0,0.0,39.36193578173802,0.0,0.0,0.0,0.0,0.0,0.0,0.0,0.0,0.0,0.0
94,23.5,R4Z1,132.64128224418508,0.0,135.0,0.0,0.0,0.0,92.89215116613123,0.0,78.72387156347604,0.0,0.0,0.0,75.51314345749643,0.0,0.0,0.0,0.0,0.0,0.0
94,23.5,R4Z2,102.23505151748927,0.0,0.0,0.0,42.413089934137545,0.0,0.0,0.0,78.72387156347604,0.0,0.0,0.0,149.27867723776265,0.0,0.0,0.0,0.0,0.0,0.0
94,23.5,R4Z3,93.01158781820686,0.0,0.0,0.0,0.0,1.973089374238815,153.65481200692628,0.0,0.0,0.0,0.0,0.0,0.0,0.0,0.0,0.0,0.0,0.0,0.0
94,23.5,R4Z4,114.48061786600216,0.0,0.0,0.0,32.48480991869488,0.0,0.0,0.0,0.0,0.0,0.0,0.0,0.0,0.0,0.0,0.0,0.0,0.0,0.0
94,23.5,R4Z5,124.39457738181775,0.0,0.0,0.0,0.0,0.0,159.7122969917252,0.0,78.72387156347604,0.0,0.0,0.0,0.0,0.0,0.0,0.0,0.0,0.0,0.0
94,23.5,R4Z6,110.68628551972924,0.0,0.0,0.0,43.39632783993454,0.0,0.0,0.0,78.72387156347604,0.0,0.0,0.0,142.073196242438,0.0,0.0,0.0,0.0,0.0,0.0
94,23.5,R4Z7,133.47269481357753,0.0,0.0,0.0,108.55025159729054,0.0,0.0,0.0,78.72387156347604,0.0,0.0,0.0,0.0,0.0,0.0,0.0,0.0,0.0,0.0
94,23.5,R4Z8,86.82376362675386,0.0,0.0,0.0,37.53267146825469,0.0,0.0,0.0,78.72387156347604,0.0,0.0,0.0,0.0,0.0,0.0,0.0,0.0,0.0,0.0
94,23.5,R4Z9,108.36919890113927,0.0,0.0,0.0,78.5189102799279,1.0542641517428375,91.83081169955494,0.0,0.0,0.0,0.0,0.0,82.23347150296149,0.0,0.0,0.0,0.0,0.0,0.0
94,23.5,R4Z10,122.41675928589225,0.0,0.0,0.5481031093741251,135.25831353347579,-6.217248937900877e-15,0.0,0.0,0.0,0.0,0.0,0.0,83.77322973411982,0.0,0.0,0.0,0.0,0.0,0.0
94,23.5,R4Z11,115.24991362399088,0.0,0.0,0.0,0.0,0.14596847282926675,47.14411782146861,0.0,39.36193578173802,0.0,0.0,0.0,77.50179658226718,0.0,0.0,0.0,0.0,0.0,0.0
94,23.5,R5Z1,56.58792484318303,0.0,135.0,6.792560961137113,45.02460420112823,-1.7763568394002505e-15,0.0,0.0,0.0,0.0,0.0,0.0,67.66202945925198,0.0,0.0,0.0,0.0,0.0,0.0
94,23.5,R5Z2,96.43853500225744,0.0,135.0,0.0,0.0,1.399680616720185,23.313909152118875,0.0,39.36193578173802,0.0,0.0,0.0,160.98987224092463,0.0,0.0,0.0,0.0,0.0,0.0
94,23.5,R5Z3,126.56402744507707,0.0,0.0,0.0,97.40803961929134,12.588712142614483,40.63181906089045,0.0,39.36193578173802,0.0,0.0,0.0,136.55042286328373,0.0,0.0,0.0,0.0,0.0,0.0
94,23.5,R5Z4,95.18197371930671,0.0,0.0,0.0,0.0,7.3032540742059915,60.213709482175055,0.0,78.72387156347604,0.0,0.0,0.0,0.0,0.0,0.0,0.0,0.0,0.0,0.0
94,23.5,R5Z5,96.23493225040633,0.0,0.0,0.0,73.33109862449902,5.2177525472513935,49.29111226608852,0.0,39.36193578173802,0.0,0.0,0.0,75.12457387815377,0.0,0.0,0.0,0.0,0.0,0.0
94,23.5,R5Z6,147.77525531051666,0.0,0.0,0.0,24.769268609182973,5.918206363754833,49.814324728529925,0.0,78.72387156347604,0.0,0.0,0.0,152.49608497891694,0.0,0.0,0.0,0.0,0.0,0.0
94,23.5,R5Z7,83.46795200011013,0.0,0.0,4.97715100993193,69.96848979172685,-5.329070518200751e-15,0.0,0.0,0.0,0.0,0.0,0.0,82.7346011630878,0.0,0.0,0.0,0.0,0.0,0.0
94,23.5,R5Z8,116.1414599296484,0.0,0.0,0.0,0.0,4.387566777294515,63.44507126615504,0.0,39.36193578173802,0.0,0.0,0.0,153.9886493433957,0.0,0.0,0.0,0.0,0.0,0.0
94,23.5,R5Z9,88.7746385702958,0.0,0.0,0.0,0.0,0.0,162.0367000981758,0.0,0.0,0.0,0.0,0.0,80.22956467087259,0.0,0.0,0.0,0.0,0.0,0.0
94,23.5,R6Z1,98.21050672124088,0.0,135.0,0.0,0.0,1.8958899481040832,11.001207799236226,0.0,0.0,0.0,0.0,0.0,0.0,0.0,80.0,496.78787502030565,0.0,0.0,0.0
94,23.5,R6Z2,115.29286987768475,0.0,135.0,0.0,0.0,3.3112182518262196,36.098722903219176,0.0,78.72387156347604,0.0,0.0,0.0,130.6963188777282,0.0,80.0,529.3751634155038,0.0,0.0,0.0
94,23.5,R6Z3,78.29943642832427,0.0,0.0,0.0,0.0,10.647765650816014,43.44245378944903,0.0,39.36193578173802,0.0,0.0,0.0,76.97447637816008,0.0,0.0,0.0,0.0,0.0,0.0
94,23.5,R6Z4,96.70501418898938,0.0,0.0,0.0,0.0,0.0,47.09743213007698,0.0,39.36193578173802,0.0,0.0,0.0,72.98828942109871,0.0,0.0,0.0,0.0,0.0,0.0
94,23.5,R7Z1,81.1481022950514,0.0,135.0,0.0,0.0,0.0,41.72342954264449,0.0,39.36193578173802,0.0,0.0,0.0,0.0,0.0,80.0,459.4283772080019,0.0,0.0,0.0
94,23.5,R7Z2,115.61815883806021,0.0,135.0,0.0,0.0,1.5640905364075912,72.79754050153778,0.0,0.0,0.0,0.0,0.0,155.60538900541118,0.0,0.0,0.0,0.0,0.0,0.0
94,23.5,R7Z3,68.86447358545739,0.0,0.0,0.0,0.0,0.0,69.00540040853937,0.0,78.72387156347604,0.0,0.0,0.0,132.88843462279362,0.0,0.0,0.0,0.0,0.0,0.0
94,23.5,R7Z4,97.10444520016608,0.0,0.0,0.0,177.72816557890195,0.0,17.369761130864532,0.0,39.36193578173802,0.0,0.0,0.0,64.83788813567337,0.0,0.0,0.0,0.0,0.0,0.0
94,23.5,R7Z5,135.94949760997505,0.0,0.0,0.0,0.0,0.8482871667709531,209.01871483468705,0.0,78.72387156347604,0.0,0.0,0.0,0.0,0.0,0.0,0.0,0.0,0.0,0.0
94,23.5,R7Z6,84.388129982937,0.0,0.0,0.0,0.0,7.143668693802017,142.0468347745122,0.0,78.72387156347604,0.0,0.0,0.0,0.0,0.0,0.0,0.0,0.0,0.0,0.0
94,23.5,R7Z7,93.49398533393006,0.0,0.0,0.0,0.0,3.012134545465013,73.38401787097465,0.0,0.0,0.0,0.0,0.0,65.12885859434603,0.0,0.0,0.0,0.0,0.0,0.0
94,23.5,R7Z8,111.45765436405769,0.0,0.0,0.0,0.0,0.0,62.73131818306095,0.0,78.72387156347604,0.0,0.0,0.0,138.33866897120876,0.0,0.0,0.0,0.0,0.0,0.0
94,23.5,R7Z9,109.76531437896264,0.0,0.0,0.0,1.8005063614430838,0.0,108.33996539483114,0.0,78.72387156347604,0.0,0.0,0.0,75.6380561583358,0.0,0.0,0.0,0.0,0.0,0.0
94,23.5,R8Z1,147.3521827127086,0.0,135.0,0.0,0.0,0.0,69.45825771561773,0.0,39.36193578173802,0.0,0.0,0.0,80.54199905826353,0.0,80.0,538.2168356472511,0.0,0.0,0.0
94,23.5,R8Z2,81.67956620541226,0.0,135.0,0.0,0.0,0.0,70.56322084654019,0.0,39.36193578173802,0.0,0.0,0.0,140.31119869069562,0.0,0.0,0.0,0.0,0.0,0.0
94,23.5,R8Z3,65.93686407228842,0.0,0.0,0.0,0.0,0.0,106.72533243775474,0.0,39.36193578173802,0.0,0.0,0.0,164.15415916854508,0.0,0.0,0.0,0.0,0.0,0.0
94,23.5,R8Z4,116.25637973652206,0.0,0.0,0.0,0.0,5.667643086279519,47.678881155055855,0.0,0.0,0.0,0.0,0.0,0.0,0.0,0.0,0.0,0.0,0.0,0.0
94,23.5,R8Z5,84.71310556837345,0.0,0.0,8.153922678295459,107.76325170630635,3.552713678800501e-15,0.0,0.0,39.36193578173802,0.0,0.0,0.0,81.6917124909638,0.0,0.0,0.0,0.0,0.0,0.0
94,23.5,R8Z6,108.86204150681708,0.0,0.0,0.0,69.40576000264032,0.0,0.0,0.0,39.36193578173802,0.0,0.0,0.0,0.0,0.0,0.0,0.0,0.0,0.0,0.0
94,23.5,R8Z7,71.79543261139503,0.0,0.0,0.0,0.0,0.0,64.0107040971203,0.0,0.0,0.0,0.0,0.0,75.68601202590854,0.0,0.0,0.0,0.0,0.0,0.0
94,23.5,R8Z8,130.30330219231504,0.0,0.0,0.0,16.737859119001655,2.8926512624666465,128.78664812523732,0.0,39.36193578173802,0.0,0.0,0.0,80.47055245516236,0.0,0.0,0.0,0.0,0.0,0.0
94,23.5,R9Z1,105.85817832383322,0.0,135.0,0.0,0.0,2.446191010083213,44.46988624560274,0.0,39.36193578173802,0.0,0.0,0.0,0.0,0.0,80.0,506.72067402836376,0.0,0.0,0.0
94,23.5,R9Z2,119.48895093205982,0.0,135.0,0.0,0.0,2.8721808523799917,59.62614398835122,0.0,39.36193578173802,0.0,0.0,0.0,71.55803168283366,0.0,80.0,501.7798005001472,0.0,0.0,0.0
94,23.5,R9Z3,149.267628556776,0.0,0.0,0.0,0.0,0.0,30.043333342927106,0.0,78.72387156347604,0.0,0.0,0.0,131.53714002801286,0.0,0.0,0.0,0.0,0.0,0.0
94,23.5,R9Z4,122.40175902724565,0.0,0.0,0.0,0.0,0.8305659240914981,133.96299749927442,0.0,39.36193578173802,0.0,0.0,0.0,68.9922201658649,0.0,0.0,0.0,0.0,0.0,0.0
94,23.5,R9Z5,84.98655751995413,0.0,0.0,0.0,181.90552738277972,0.0,0.0,0.0,39.36193578173802,0.0,0.0,0.0,143.6938333421861,0.0,0.0,0.0,0.0,0.0,0.0
94,23.5,R9Z6,106.22181576791253,0.0,0.0,0.0,34.72911445670994,0.0,9.255609365842766,0.0,39.36193578173802,0.0,0.0,0.0,152.77907547254227,0.0,0.0,0.0,0.0,0.0,0.0
94,23.5,R9Z7,105.26374531411828,0.0,0.0,0.0,34.47624409937815,0.0,0.0,0.0,0.0,0.0,0.0,0.0,73.22261943656142,0.0,0.0,0.0,0.0,0.0,0.0
94,23.5,R9Z8,158.47211816322815,0.0,0.0,0.0,0.0,4.144331195967397,44.13086554715545,0.0,39.36193578173802,0.0,0.0,0.0,68.418634386336,0.0,0.0,0.0,0.0,0.0,0.0
94,23.5,R9Z9,74.23359719248937,0.0,0.0,3.584946321479663,46.21459223914896,-3.1086244689504383e-15,0.0,0.0,0.0,0.0,0.0,0.0,155.2645093643195,0.0,0.0,0.0,0.0,0.0,0.0
94,23.5,R9Z10,80.85114939527406,0.0,0.0,0.0,142.20510755005145,0.0,0.0,0.0,0.0,0.0,0.0,0.0,0.0,0.0,0.0,0.0,0.0,0.0,0.0
94,23.5,R9Z11,130.5956584030408,0.0,0.0,1.6957268962809025,112.9525666492669,2.220446049250313e-15,0.0,0.0,0.0,0.0,0.0,0.0,153.44684243656812,0.0,0.0,0.0,0.0,0.0,0.0
94,23.5,R10Z1,95.25160489510827,0.0,0.0,0.0,0.0,2.6048693194133263,134.08401204172637,0.0,0.0,0.0,0.0,0.0,67.26462243372715,0.0,80.0,438.03417178627427,0.0,0.0,0.0
94,23.5,R10Z2,80.18511030761512,0.0,0.0,0.0,0.0,6.603954163410841,78.06771945596036,0.0,0.0,0.0,0.0,0.0,160.19087593310516,0.0,80.0,509.09679902188805,0.0,0.0,0.0
94,23.5,R10Z3,123.62071188840892,0.0,0.0,0.0,0.0,9.743553723575397,89.98415025097601,0.0,0.0,0.0,0.0,0.0,77.00294817269749,0.0,0.0,0.0,0.0,0.0,0.0
94,23.5,R10Z4,141.51417775626146,0.0,0.0,0.0,34.08996931798325,2.6398255645068325,3.115337420632912,0.0,78.72387156347604,0.0,0.0,0.0,72.36921952729742,0.0,0.0,0.0,0.0,0.0,0.0
94,23.5,R10Z5,81.26784179036207,0.0,0.0,0.0,0.0,0.5353082043443421,135.40193521075693,0.0,78.72387156347604,0.0,0.0,0.0,0.0,0.0,0.0,0.0,0.0,0.0,0.0
94,23.5,R10Z6,110.77804079812599,0.0,0.0,5.104049537046372,48.7184818530853,-8.881784197001252e-16,0.0,0.0,78.72387156347604,0.0,0.0,0.0,66.23707846066127,0.0,0.0,0.0,0.0,0.0,0.0
94,23.5,R10Z7,119.75678705258399,0.0,0.0,0.0,0.0,3.109955453249162,155.32860625471827,0.0,78.72387156347604,0.0,0.0,0.0,80.13194241080258,0.0,0.0,0.0,0.0,0.0,0.0
94,23.5,R10Z8,117.25406326788875,0.0,0.0,0.0,47.93462252273926,0.0,0.0,0.0,0.0,0.0,0.0,0.0,77.54100695778278,0.0,0.0,0.0,0.0,0.0,0.0
94,23.5,R10Z9,125.87124411231177,0.0,0.0,0.0,111.78484265254653,0.0,0.0,0.0,39.36193578173802,0.0,0.0,0.0,0.0,0.0,0.0,0.0,0.0,0.0,0.0
94,23.5,R11Z1,90.82543991634756,0.0,135.0,0.0,0.0,5.954606706762706,151.90330528114112,0.0,78.72387156347604,0.0,0.0,0.0,151.37965105563813,0.0,0.0,0.0,0.0,0.0,0.0
94,23.5,R11Z2,114.24554220461064,0.0,135.0,0.0,0.0,3.3435455179057487,30.46360570518508,0.0,39.36193578173802,0.0,0.0,0.0,66.30056612573637,0.0,0.0,0.0,0.0,0.0,0.0
94,23.5,R11Z3,131.75626769098403,0.0,0.0,0.0,0.0,1.733858372783779,42.05009826214144,0.0,39.36193578173802,0.0,0.0,0.0,0.0,0.0,0.0,0.0,0.0,0.0,0.0
94,23.5,R11Z4,139.97234350446547,0.0,0.0,0.0,0.0,0.8038654583287228,225.73211422063906,0.0,0.0,0.0,0.0,0.0,76.87048361139118,0.0,0.0,0.0,0.0,0.0,0.0
94,23.5,R11Z5,60.40169056876241,0.0,0.0,6.140715973542683,34.08700974911926,-8.881784197001252e-16,0.0,0.0,39.36193578173802,0.0,0.0,0.0,84.16930803509642,0.0,0.0,0.0,0.0,0.0,0.0
94,23.5,R11Z6,90.9590834228036,0.0,0.0,3.5592541409379095,100.97581596971521,-7.105427357601002e-15,0.0,0.0,0.0,0.0,0.0,0.0,0.0,0.0,0.0,0.0,0.0,0.0,0.0
94,23.5,R11Z7,94.11973440022273,0.0,0.0,0.0,0.0,0.15219519817255223,149.1636533019854,0.0,39.36193578173802,0.0,0.0,0.0,0.0,0.0,0.0,0.0,0.0,0.0,0.0
94,23.5,R11Z8,89.63404697757784,0.0,0.0,0.0,86.27403855003374,6.16251132173995,12.824083284765436,0.0,39.36193578173802,0.0,0.0,0.0,151.2332869964593,0.0,0.0,0.0,0.0,0.0,0.0
94,23.5,R12Z1,88.60279841283568,0.0,135.0,0.0,0.0,6.441989420140657,125.72100678079194,0.0,78.72387156347604,0.0,0.0,0.0,130.55507554032494,0.0,0.0,0.0,0.0,0.0,0.0
94,23.5,R12Z2,100.39061411709805,0.0,135.0,0.0,111.99623375944057,2.333631424946039,34.56963475921805,0.0,39.36193578173802,0.0,0.0,0.0,83.27614784200497,0.0,0.0,0.0,0.0,0.0,0.0
94,23.5,R12Z3,80.84371720160397,0.0,0.0,2.7809947618235498,40.237833674107335,-1.7763568394002505e-15,0.0,0.0,39.36193578173802,0.0,0.0,0.0,150.89652045010033,0.0,0.0,0.0,0.0,0.0,0.0
94,23.5,R12Z4,104.98059620835991,0.0,0.0,0.0,0.0,3.710555679816563,50.6487841549624,0.0,0.0,0.0,0.0,0.0,0.0,0.0,0.0,0.0,0.0,0.0,0.0
94,23.5,R12Z5,147.5621435289022,0.0,0.0,0.0,81.00061162392215,0.0,0.0,0.0,0.0,0.0,0.0,0.0,142.85648744166292,0.0,0.0,0.0,0.0,0.0,0.0
94,23.5,R12Z6,73.18940228693329,0.0,0.0,1.6416081407663228,115.02197512912014,-2.4424906541753444e-15,0.0,0.0,0.0,0.0,0.0,0.0,0.0,0.0,0.0,0.0,0.0,0.0,0.0
94,23.5,R12Z7,95.55150108785475,0.0,0.0,0.5795235226214004,58.05647862727078,5.551115123125783e-16,0.0,0.0,78.72387156347604,0.0,0.0,0.0,0.0,0.0,0.0,0.0,0.0,0.0,0.0
94,23.5,R12Z8,146.7876124989122,0.0,0.0,0.0,53.85425081623879,0.0,49.04051950112404,0.0,0.0,0.0,0.0,0.0,69.00056491840036,0.0,0.0,0.0,0.0,0.0,0.0
94,23.5,R12Z9,117.88952443044448,0.0,0.0,0.0,0.0,0.004038153736090171,65.2771488204608,0.0,78.72387156347604,0.0,0.0,0.0,156.55697206384113,0.0,0.0,0.0,0.0,0.0,0.0
95,23.75,R1Z1,49.82874598419829,0.0,0.0,0.0,145.2319298898514,0.0,0.0,0.0,49.502795703849365,0.0,0.0,0.0,143.01198917760738,0.0,0.0,561.2394383204544,0.0,0.0,0.0
95,23.75,R1Z2,62.40797981706093,0.0,0.0,0.0,172.63704063091376,0.0,0.0,0.0,49.502795703849365,0.0,0.0,90.0,132.32271987527594,0.0,0.0,0.0,0.0,0.0,0.0
95,23.75,R1Z3,164.37641661837313,0.0,0.0,13.307161022265902,83.55860157668523,7.105427357601002e-15,0.0,0.0,24.751397851924683,0.0,0.0,35.37668531788688,145.86142269598795,0.0,0.0,0.0,0.0,0.0,0.0
95,23.75,R1Z4,76.2353272542119,0.0,0.0,15.224551609346975,136.57232210168002,-1.2434497875801753e-14,0.0,0.0,49.502795703849365,0.0,0.0,0.0,0.0,0.0,0.0,0.0,0.0,0.0,0.0
95,23.75,R1Z5,121.7139217921019,0.0,0.0,0.0,34.042129478134164,0.0,0.0,0.0,49.502795703849365,0.0,0.0,0.0,0.0,0.0,0.0,0.0,0.0,0.0,0.0
95,23.75,R1Z6,100.08127245968566,0.0,0.0,0.8897510496900409,41.134490232779456,-1.7763568394002505e-15,0.0,0.0,0.0,0.0,0.0,45.0,68.4273287955271,0.0,0.0,0.0,0.0,0.0,0.0
95,23.75,R1Z7,109.474006613744,0.0,0.0,0.0,11.410407801546679,0.0,0.0,0.0,24.751397851924683,0.0,0.0,0.0,82.70099738468762,0.0,0.0,0.0,0.0,0.0,0.0
95,23.75,R1Z8,63.429939531050906,0.0,0.0,0.27834512776560416,125.16802752074466,-5.551115123125783e-16,0.0,0.0,0.0,0.0,0.0,0.0,0.0,0.0,0.0,0.0,0.0,0.0,0.0
95,23.75,R1Z9,104.11423344013916,0.0,0.0,0.0,79.97542694650288,0.0,0.0,0.0,0.0,0.0,0.0,0.0,148.53294136421118,0.0,0.0,0.0,0.0,0.0,0.0
95,23.75,R1Z10,106.95865490121015,0.0,0.0,4.344873698088101,40.21934455266512,0.0,0.0,0.0,0.0,0.0,0.0,0.0,151.33028893023567,0.0,0.0,0.0,0.0,0.0,0.0
95,23.75,R2Z1,115.59137070708232,0.0,135.0,0.0,0.0,8.534427928322977,135.00529141844174,0.0,0.0,0.0,0.0,0.0,70.36308953146714,0.0,80.0,558.1273007548243,0.0,0.0,0.0
95,23.75,R2Z2,111.47069267504801,0.0,135.0,0.0,61.13447286299803,0.0,0.0,0.0,0.0,0.0,0.0,0.0,76.05033804124612,0.0,80.0,445.55276300758476,0.0,0.0,0.0
95,23.75,R2Z3,102.86189185749801,0.0,0.0,12.48133267883999,39.44441114719217,1.7763568394002505e-15,0.0,0.0,24.751397851924683,0.0,0.0,0.0,65.83232240793333,0.0,0.0,0.0,0.0,0.0,0.0
95,23.75,R2Z4,145.74821777936683,0.0,0.0,0.0,25.17711101628791,2.7665324779370377,192.52677439990765,0.0,49.502795703849365,0.0,0.0,0.0,0.0,0.0,0.0,0.0,0.0,0.0,0.0
95,23.75,R2Z5,77.77675637269752,0.0,0.0,0.0,0.0,0.39050526379409967,71.19443201488633,0.0,24.751397851924683,0.0,0.0,0.0,0.0,0.0,0.0,0.0,0.0,0.0,0.0
95,23.75,R2Z6,66.08155650300684,0.0,0.0,0.0,0.0,0.0,149.619362011513,0.0,49.502795703849365,0.0,0.0,0.0,158.9511505999537,0.0,0.0,0.0,0.0,0.0,0.0
95,23.75,R2Z7,98.85565929895184,0.0,0.0,0.0,0.0,1.682699491318494,45.034260689943295,0.0,49.502795703849365,0.0,0.0,0.0,81.21454771031307,0.0,0.0,0.0,0.0,0.0,0.0
95,23.75,R2Z8,93.92478899178556,0.0,0.0,0.0,38.32028563846815,0.0,0.0,0.0,0.0,0.0,0.0,0.0,83.68868285725624,0.0,0.0,0.0,0.0,0.0,0.0
95,23.75,R2Z9,67.44783501781689,0.0,0.0,2.663000208804249,240.0,6.217248937900877e-15,0.0,0.0,24.751397851924683,0.0,0.0,0.0,76.543069251159,0.0,0.0,0.0,0.0,0.0,0.0
95,23.75,R3Z1,74.61977177533541,0.0,0.0,6.472526489127475,26.282993179755536,0.0,0.0,0.0,0.0,0.0,0.0,0.0,0.0,0.0,0.0,0.0,0.0,0.0,0.0
95,23.75,R3Z2,92.81834267736703,0.0,0.0,0.17715259340808132,39.65192641525176,0.0,0.0,0.0,49.502795703849365,0.0,0.0,0.0,152.46260411256608,0.0,0.0,0.0,0.0,0.0,0.0
95,23.75,R3Z3,126.57853283160647,0.0,0.0,4.723286046399188,53.33025017198173,-8.881784197001252e-16,0.0,0.0,24.751397851924683,0.0,0.0,0.0,0.0,0.0,0.0,0.0,0.0,0.0,0.0
95,23.75,R4Z1,119.21985639850328,0.0,135.0,0.20419211099556378,49.771351454125856,3.0531133177191805e-16,0.0,0.0,49.502795703849365,0.0,0.0,0.0,75.42870259342848,0.0,0.0,0.0,0.0,0.0,0.0
95,23.75,R4Z2,125.54804050337239,0.0,0.0,0.0,22.06136327493981,0.0,0.0,0.0,49.502795703849365,0.0,0.0,0.0,149.11174973460592,0.0,0.0,0.0,0.0,0.0,0.0
95,23.75,R4Z3,100.07167023537508,0.0,0.0,1.8740942984199762,129.63951414646013,8.881784197001252e-16,0.0,0.0,0.0,0.0,0.0,0.0,0.0,0.0,0.0,0.0,0.0,0.0,0.0
95,23.75,R4Z4,125.54623650781049,0.0,0.0,0.05899925316207799,54.89852502169066,6.661338147750939e-16,0.0,0.0,0.0,0.0,0.0,0.0,0.0,0.0,0.0,0.0,0.0,0.0,0.0
95,23.75,R4Z5,115.54851495975363,0.0,0.0,0.0,46.00348389830768,0.5630262822483244,109.27871183316083,0.0,49.502795703849365,0.0,0.0,0.0,0.0,0.0,0.0,0.0,0.0,0.0,0.0
95,23.75,R4Z6,103.27731221449046,0.0,0.0,1.4218273278060067,58.863934399499875,2.220446049250313e-16,0.0,0.0,49.502795703849365,0.0,0.0,0.0,141.91432610536896,0.0,0.0,0.0,0.0,0.0,0.0
95,23.75,R4Z7,126.37850529000639,0.0,0.0,4.973332252602916,121.02675336791955,1.7763568394002505e-15,0.0,0.0,49.502795703849365,0.0,0.0,0.0,0.0,0.0,0.0,0.0,0.0,0.0,0.0
95,23.75,R4Z8,84.37315976429193,0.0,0.0,0.0,0.0,0.0,57.67767510494465,0.0,49.502795703849365,0.0,0.0,0.0,0.0,0.0,0.0,0.0,0.0,0.0,0.0
95,23.75,R4Z9,105.56056201023995,0.0,0.0,5.738228681956997,149.83135664219213,-8.881784197001252e-15,0.0,0.0,0.0,0.0,0.0,0.0,82.14151578411467,0.0,0.0,0.0,0.0,0.0,0.0
95,23.75,R4Z10,111.92066304773054,0.0,0.0,0.0,56.236428810036244,0.0,0.0,0.0,0.0,0.0,0.0,0.0,83.67955221547047,0.0,0.0,0.0,0.0,0.0,0.0
95,23.75,R4Z11,145.0271422676099,0.0,0.0,0.0,0.0,2.0794363358619847,52.27459467552024,0.0,24.751397851924683,0.0,0.0,0.0,77.41513195183884,0.0,0.0,0.0,0.0,0.0,0.0
95,23.75,R5Z1,66.26867359625172,0.0,135.0,9.175499739631668,51.64299205734167,-1.7763568394002505e-15,0.0,0.0,0.0,0.0,0.0,0.0,67.5863679257688,0.0,0.0,0.0,0.0,0.0,0.0
95,23.75,R5Z2,105.63056919886023,0.0,135.0,0.4556572753327188,48.93685672132971,1.1102230246251565e-15,0.0,0.0,24.751397851924683,0.0,0.0,0.0,160.80984895893977,0.0,0.0,0.0,0.0,0.0,0.0
95,23.75,R5Z3,125.69417700172244,0.0,0.0,0.0,0.0,7.00189118995128,195.9910956320777,0.0,24.751397851924683,0.0,0.0,0.0,136.3977284425845,0.0,0.0,0.0,0.0,0.0,0.0
95,23.75,R5Z4,90.37816294017604,0.0,0.0,7.075073990429857,73.56265971670483,1.7763568394002505e-15,0.0,0.0,49.502795703849365,0.0,0.0,0.0,0.0,0.0,0.0,0.0,0.0,0.0,0.0
95,23.75,R5Z5,102.38123226670852,0.0,0.0,2.8286710669874537,55.08433193235441,2.220446049250313e-15,0.0,0.0,24.751397851924683,0.0,0.0,0.0,75.04056752322592,0.0,0.0,0.0,0.0,0.0,0.0
95,23.75,R5Z6,136.03307189811295,0.0,0.0,0.0,93.31042656729835,2.791717591341584,0.26056552889784257,0.0,49.502795703849365,0.0,0.0,0.0,152.32555968235255,0.0,0.0,0.0,0.0,0.0,0.0
95,23.75,R5Z7,79.11124559200147,0.0,0.0,1.9299920044517336,35.52530354072188,3.1086244689504383e-15,0.0,0.0,0.0,0.0,0.0,0.0,82.64208506733739,0.0,0.0,0.0,0.0,0.0,0.0
95,23.75,R5Z8,123.26942544509247,0.0,0.0,5.715299090814625,114.06880285800861,-3.552713678800501e-15,0.0,0.0,24.751397851924683,0.0,0.0,0.0,153.81645502050233,0.0,0.0,0.0,0.0,0.0,0.0
95,23.75,R5Z9,123.85161964194583,0.0,0.0,0.0,0.0,6.757618327971612,102.74928679265233,0.0,0.0,0.0,0.0,0.0,80.13984977549921,0.0,0.0,0.0,0.0,0.0,0.0
95,23.75,R6Z1,115.7102219559237,0.0,135.0,0.0,0.0,0.0,27.670391018451216,0.0,0.0,0.0,0.0,0.0,0.0,0.0,80.0,474.9195229748668,0.0,0.0,0.0
95,23.75,R6Z2,126.84111712475287,0.0,135.0,0.0,0.0,0.0,30.358031247472855,0.0,49.502795703849365,0.0,0.0,0.0,130.5501706763525,0.0,80.0,507.47886083376306,0.0,0.0,0.0
95,23.75,R6Z3,101.1150988877671,0.0,0.0,0.0,0.0,0.0,72.51864818466396,0.0,24.751397851924683,0.0,0.0,0.0,76.88840141161855,0.0,0.0,0.0,0.0,0.0,0.0
95,23.75,R6Z4,119.41811583458818,0.0,0.0,0.0,0.0,1.9771292346664935,19.422378236024535,0.0,24.751397851924683,0.0,0.0,0.0,72.90667191792818,0.0,0.0,0.0,0.0,0.0,0.0
95,23.75,R7Z1,73.75148602810201,0.0,135.0,0.4113066974215087,180.18817173719387,-1.2156942119645464e-14,0.0,0.0,24.751397851924683,0.0,0.0,0.0,0.0,0.0,80.0,437.59206888424836,0.0,0.0,0.0
95,23.75,R7Z2,98.16926298239422,0.0,135.0,0.0,0.0,14.181827201827033,20.493726541974972,0.0,0.0,0.0,0.0,0.0,155.43138679997205,0.0,0.0,0.0,0.0,0.0,0.0
95,23.75,R7Z3,84.91547324992844,0.0,0.0,0.0,35.412677546079074,3.6473129898556937,156.56491237598505,0.0,49.502795703849365,0.0,0.0,0.0,132.73983513758608,0.0,0.0,0.0,0.0,0.0,0.0
95,23.75,R7Z4,112.79794409417404,0.0,0.0,0.0,32.085143031956925,0.0,0.0,0.0,24.751397851924683,0.0,0.0,0.0,64.76538463432463,0.0,0.0,0.0,0.0,0.0,0.0
95,23.75,R7Z5,123.30897647896187,0.0,0.0,0.0,77.56203719126611,0.0,34.21611198408394,0.0,49.502795703849365,0.0,0.0,0.0,0.0,0.0,0.0,0.0,0.0,0.0,0.0
95,23.75,R7Z6,101.12926541364847,0.0,0.0,0.0,0.0,0.0,92.22496790785718,0.0,49.502795703849365,0.0,0.0,0.0,0.0,0.0,0.0,0.0,0.0,0.0,0.0
95,23.75,R7Z7,102.70885667609217,0.0,0.0,0.0,0.0,5.738177813180011,128.84788365845134,0.0,0.0,0.0,0.0,0.0,65.05602972186556,0.0,0.0,0.0,0.0,0.0,0.0
95,23.75,R7Z8,112.6065785599637,0.0,0.0,15.046965887088461,90.26827305301518,-3.552713678800501e-15,0.0,0.0,49.502795703849365,0.0,0.0,0.0,138.18397488476123,0.0,0.0,0.0,0.0,0.0,0.0
95,23.75,R7Z9,103.53196766232377,0.0,0.0,0.0,0.0,0.0,23.702106837135545,0.0,49.502795703849365,0.0,0.0,0.0,75.55347561346649,0.0,0.0,0.0,0.0,0.0,0.0
95,23.75,R8Z1,111.02987418731253,0.0,135.0,0.0,0.0,7.7141458781422445,64.13020076400757,0.0,24.751397851924683,0.0,0.0,0.0,80.45193479020577,0.0,80.0,516.3129494495404,0.0,0.0,0.0
95,23.75,R8Z2,90.68766632312176,0.0,135.0,0.0,0.0,0.0,116.61140376386467,0.0,24.751397851924683,0.0,0.0,0.0,140.15429886752085,0.0,0.0,0.0,0.0,0.0,0.0
95,23.75,R8Z3,61.47068072465721,0.0,0.0,0.0,53.099159956726574,0.0,0.0,0.0,24.751397851924683,0.0,0.0,0.0,163.97059749430036,0.0,0.0,0.0,0.0,0.0,0.0
95,23.75,R8Z4,114.02036460293817,0.0,0.0,0.0,74.4968501049409,0.0,0.0,0.0,0.0,0.0,0.0,0.0,0.0,0.0,0.0,0.0,0.0,0.0,0.0
95,23.75,R8Z5,125.57247380311792,0.0,0.0,0.0,29.0636549801593,0.0,130.9363450198407,0.0,24.751397851924683,0.0,0.0,0.0,81.600362581874,0.0,0.0,0.0,0.0,0.0,0.0
95,23.75,R8Z6,113.57280437440701,0.0,0.0,0.0,0.0,0.0,48.52274400136466,0.0,24.751397851924683,0.0,0.0,0.0,0.0,0.0,0.0,0.0,0.0,0.0,0.0
95,23.75,R8Z7,80.75190992354032,0.0,0.0,0.0,0.0,0.0,54.00658807839592,0.0,0.0,0.0,0.0,0.0,75.60137785547539,0.0,0.0,0.0,0.0,0.0,0.0
95,23.75,R8Z8,141.49588910006585,0.0,0.0,0.19274094073676906,179.0474131679431,6.050715484207103e-15,0.0,0.0,24.751397851924683,0.0,0.0,0.0,80.38056808065194,0.0,0.0,0.0,0.0,0.0,0.0
95,23.75,R9Z1,99.82758856763489,0.0,135.0,0.0,0.0,0.0,48.92040022984095,0.0,24.751397851924683,0.0,0.0,0.0,0.0,0.0,80.0,484.84380249348794,0.0,0.0,0.0
95,23.75,R9Z2,112.81857029001972,0.0,135.0,0.0,0.0,0.6071292112423734,77.77510585258908,0.0,24.751397851924683,0.0,0.0,0.0,71.47801353301712,0.0,80.0,479.90716681603203,0.0,0.0,0.0
95,23.75,R9Z3,131.37014927847125,0.0,0.0,0.0,31.097503650266685,0.0,0.0,0.0,49.502795703849365,0.0,0.0,0.0,131.3900515974108,0.0,0.0,0.0,0.0,0.0,0.0
95,23.75,R9Z4,123.40432007579795,0.0,0.0,0.0,52.21896668079745,3.222726511547699,80.8737857451649,0.0,24.751397851924683,0.0,0.0,0.0,68.91507117672168,0.0,0.0,0.0,0.0,0.0,0.0
95,23.75,R9Z5,99.61374722541332,0.0,0.0,0.0,125.24039783537324,0.0,0.0,0.0,24.751397851924683,0.0,0.0,0.0,143.53315096434974,0.0,0.0,0.0,0.0,0.0,0.0
95,23.75,R9Z6,84.53688828999655,0.0,0.0,0.42264552341558925,62.64053031360569,5.551115123125783e-17,0.0,0.0,24.751397851924683,0.0,0.0,0.0,152.6082337282615,0.0,0.0,0.0,0.0,0.0,0.0
95,23.75,R9Z7,92.66173686044515,0.0,0.0,1.007876670217719,49.419432349155194,1.1102230246251565e-15,0.0,0.0,0.0,0.0,0.0,0.0,73.14073989915317,0.0,0.0,0.0,0.0,0.0,0.0
95,23.75,R9Z8,121.54782983299367,0.0,0.0,0.0,0.0,5.682831140139619,54.51350359493365,0.0,24.751397851924683,0.0,0.0,0.0,68.34212679651247,0.0,0.0,0.0,0.0,0.0,0.0
95,23.75,R9Z9,97.41322879190396,0.0,0.0,0.0,0.0,2.381425371139845,51.591765443437076,0.0,0.0,0.0,0.0,0.0,155.09088833982608,0.0,0.0,0.0,0.0,0.0,0.0
95,23.75,R9Z10,67.14458829331626,0.0,0.0,0.4571525675225132,132.72924383906937,-1.2434497875801753e-14,0.0,0.0,0.0,0.0,0.0,0.0,0.0,0.0,0.0,0.0,0.0,0.0,0.0
95,23.75,R9Z11,140.63011492824282,0.0,0.0,0.7809341840801096,135.4409437970141,-6.5503158452884236e-15,0.0,0.0,0.0,0.0,0.0,0.0,153.2752539769891,0.0,0.0,0.0,0.0,0.0,0.0
95,23.75,R10Z1,109.90888955545535,0.0,0.0,0.0,0.0,0.653687900730632,85.03930749408242,0.0,0.0,0.0,0.0,0.0,67.1894052916583,0.0,80.0,416.21621354762294,0.0,0.0,0.0
95,23.75,R10Z2,73.7660710328673,0.0,0.0,0.0,28.249178046674587,0.0,94.16774296462272,0.0,0.0,0.0,0.0,0.0,160.01174611066298,0.0,80.0,487.21788945405035,0.0,0.0,0.0
95,23.75,R10Z3,72.71743836141574,0.0,0.0,1.5394852002803248,117.84731207065072,0.0,0.0,0.0,0.0,0.0,0.0,0.0,76.91684136821594,0.0,0.0,0.0,0.0,0.0,0.0
95,23.75,R10Z4,135.43077518785228,0.0,0.0,2.064762026785459,44.25296800925281,1.3322676295501878e-15,0.0,0.0,49.502795703849365,0.0,0.0,0.0,72.28829428502819,0.0,0.0,0.0,0.0,0.0,0.0
95,23.75,R10Z5,73.48462296895933,0.0,0.0,0.0,0.0,1.810704560677003,159.2656222963806,0.0,49.502795703849365,0.0,0.0,0.0,0.0,0.0,0.0,0.0,0.0,0.0,0.0
95,23.75,R10Z6,91.65052903770064,0.0,0.0,0.0,38.94206985452354,1.6809459395440294,5.855480881320062,0.0,49.502795703849365,0.0,0.0,0.0,66.1630103463905,0.0,0.0,0.0,0.0,0.0,0.0
95,23.75,R10Z7,134.51306322441584,0.0,0.0,1.3579422714944087,102.9422520215872,-3.552713678800501e-15,0.0,0.0,49.502795703849365,0.0,0.0,0.0,80.04233667931268,0.0,0.0,0.0,0.0,0.0,0.0
95,23.75,R10Z8,111.47613695324296,0.0,0.0,0.6123193964707099,38.30339911016498,2.220446049250313e-15,0.0,0.0,0.0,0.0,0.0,0.0,77.45429848123923,0.0,0.0,0.0,0.0,0.0,0.0
95,23.75,R10Z9,123.0417550399454,0.0,0.0,0.0,0.0,0.0,79.87843662688688,0.0,24.751397851924683,0.0,0.0,0.0,0.0,0.0,0.0,0.0,0.0,0.0,0.0
95,23.75,R11Z1,98.64396955998167,0.0,135.0,3.017496012055176,199.58883779451855,-1.2434497875801753e-14,0.0,0.0,49.502795703849365,0.0,0.0,0.0,151.21037418604735,0.0,0.0,0.0,0.0,0.0,0.0
95,23.75,R11Z2,102.57299754465912,0.0,135.0,0.0,0.0,3.931457613454614,41.98249239228606,0.0,24.751397851924683,0.0,0.0,0.0,66.22642701782064,0.0,0.0,0.0,0.0,0.0,0.0
95,23.75,R11Z3,115.41262462854125,0.0,0.0,2.6045814254663497,69.21783447984298,-3.9968028886505635e-15,0.0,0.0,24.751397851924683,0.0,0.0,0.0,0.0,0.0,0.0,0.0,0.0,0.0,0.0
95,23.75,R11Z4,137.54361711264102,0.0,0.0,0.0,0.0,11.172516615352716,172.2797753299896,0.0,0.0,0.0,0.0,0.0,76.78452493240809,0.0,0.0,0.0,0.0,0.0,0.0
95,23.75,R11Z5,61.65239949105726,0.0,0.0,1.6808647671259962,47.26051315744421,0.0,0.0,0.0,24.751397851924683,0.0,0.0,0.0,84.07518761084889,0.0,0.0,0.0,0.0,0.0,0.0
95,23.75,R11Z6,93.92093520211455,0.0,0.0,0.0,0.0,2.39261271124854,143.55742132494018,0.0,0.0,0.0,0.0,0.0,0.0,0.0,0.0,0.0,0.0,0.0,0.0
95,23.75,R11Z7,96.16847161088612,0.0,0.0,0.0,20.765971883052487,2.4350330412743775,67.46567336479241,0.0,24.751397851924683,0.0,0.0,0.0,0.0,0.0,0.0,0.0,0.0,0.0,0.0
95,23.75,R11Z8,75.88714692970444,0.0,0.0,2.901280998251096,118.78996780154759,-4.884981308350689e-15,0.0,0.0,24.751397851924683,0.0,0.0,0.0,151.064173795166,0.0,0.0,0.0,0.0,0.0,0.0
95,23.75,R12Z1,86.12671144406023,0.0,135.0,0.0,0.0,13.578306777642515,122.58844196948102,0.0,49.502795703849365,0.0,0.0,0.0,130.40908528111547,0.0,0.0,0.0,0.0,0.0,0.0
95,23.75,R12Z2,115.25371896683264,0.0,135.0,0.0,0.0,0.7414127274832011,99.23871665966468,0.0,24.751397851924683,0.0,0.0,0.0,83.18302617393421,0.0,0.0,0.0,0.0,0.0,0.0
95,23.75,R12Z3,86.94922482870315,0.0,0.0,2.870418916966649,54.08120849955981,-2.220446049250313e-15,0.0,0.0,24.751397851924683,0.0,0.0,0.0,150.72778383037763,0.0,0.0,0.0,0.0,0.0,0.0
95,23.75,R12Z4,103.43756900806844,0.0,0.0,0.0,49.981235772434886,0.0,0.0,0.0,0.0,0.0,0.0,0.0,0.0,0.0,0.0,0.0,0.0,0.0,0.0
95,23.75,R12Z5,117.70621069057476,0.0,0.0,0.0,0.0,4.387707311061645,72.27932561331262,0.0,0.0,0.0,0.0,0.0,142.69674140693354,0.0,0.0,0.0,0.0,0.0,0.0
95,23.75,R12Z6,96.30720143625551,0.0,0.0,0.0,43.54550298262585,0.1718274316143477,115.394266191184,0.0,0.0,0.0,0.0,0.0,0.0,0.0,0.0,0.0,0.0,0.0,0.0
95,23.75,R12Z7,85.08843398013448,0.0,0.0,0.0,84.63295623915597,0.0,0.0,0.0,49.502795703849365,0.0,0.0,0.0,0.0,0.0,0.0,0.0,0.0,0.0,0.0
95,23.75,R12Z8,110.05559292415207,0.0,0.0,0.0,0.0,0.0,113.00992481582823,0.0,0.0,0.0,0.0,0.0,68.92340659792644,0.0,0.0,0.0,0.0,0.0,0.0
95,23.75,R12Z9,104.6365899744146,0.0,0.0,1.1045990092524391,125.8493231081688,-4.884981308350689e-15,0.0,0.0,49.502795703849365,0.0,0.0,0.0,156.38190577217796,0.0,0.0,0.0,0.0,0.0,0.0
