time_step,time_hours,zone,demand,thermal,nuclear,solar,wind,solar_spill,wind_spill,hydro_release,hydro_ror,hydro_spill,battery_charge,battery_discharge,battery_soc,pumped_charge,pumped_discharge,pumped_level,demand_response,unserved,overgen_spill
0,0.0,R1Z1,152.98386446522136,0.0,135.0,0.0,125.56805499971352,0.0,0.0,0.0,81.4438319061397,0.0,45.0,0.0,74.32231165869678,0.0,0.0,0.0,0.0,0.0,0.0
0,0.0,R1Z2,135.33351367110984,0.0,135.0,1.7217865245878698,72.5410803353366,4.440892098500626e-16,0.0,0.0,0.0,0.0,45.0,0.0,60.82568392980327,0.0,0.0,0.0,0.0,0.0,0.0
0,0.0,R1Z3,190.65444986577802,0.0,0.0,8.261079394360223,35.95200940501742,-3.552713678800501e-15,0.0,0.0,0.0,0.0,0.0,0.0,0.0,0.0,0.0,0.0,15.526839031166915,0.0,0.0
0,0.0,R1Z4,180.04154075686043,0.0,0.0,3.6955594254149133,103.64294012006674,4.884981308350689e-15,0.0,0.0,0.0,0.0,0.0,0.0,86.5676475670228,0.0,0.0,0.0,29.32505403595964,0.0,0.0
0,0.0,R1Z5,204.26170829862357,0.0,0.0,7.083766057547706,56.81884068612473,8.881784197001252e-16,0.0,0.0,81.4438319061397,0.0,0.0,41.01791891297785,116.11604021095442,0.0,0.0,0.0,16.635009920915476,0.0,0.0
0,0.0,R1Z6,174.084589029276,0.0,0.0,10.319293293346078,171.92994977571334,1.2434497875801753e-14,0.0,0.0,40.72191595306985,0.0,0.0,37.45817005194201,116.57421262692239,0.0,0.0,0.0,14.177394724158457,0.0,0.0
0,0.0,R1Z7,157.71606134180715,0.0,0.0,2.437900941308186,34.187260584477414,4.440892098500626e-16,0.0,0.0,0.0,0.0,0.0,0.0,106.23871024915302,0.0,0.0,0.0,12.844346926116229,0.0,0.0
0,0.0,R2Z1,139.4773875408209,0.0,135.0,6.043422970004968,146.9183480187037,9.769962616701378e-15,0.0,0.0,81.4438319061397,1094.6058843258256,0.0,0.0,0.0,80.0,80.0,332.11653719286005,0.0,0.0,0.0
0,0.0,R2Z2,217.67144465744997,0.0,135.0,0.0,42.48772144647088,0.0,0.0,0.0,40.72191595306985,0.0,43.589010362996845,0.0,60.16260590389305,0.0,0.0,0.0,0.0,0.0,0.0
0,0.0,R2Z3,153.3801411678349,0.0,0.0,0.0,87.44890345158268,0.0,0.0,0.0,81.4438319061397,0.0,0.0,0.0,52.393575127984505,0.0,0.0,0.0,0.0,0.0,0.0
0,0.0,R2Z4,102.25725743021908,0.0,0.0,4.241441348406653,57.13272422407921,-1.7763568394002505e-15,0.0,0.0,40.72191595306985,0.0,0.0,0.0,49.81674868421772,0.0,0.0,0.0,0.0,0.0,0.0
0,0.0,R2Z5,160.89841678492,0.0,0.0,9.714133581052067,132.4558059559045,-1.0658141036401503e-14,0.0,0.0,0.0,0.0,0.0,0.0,61.461127867490376,0.0,0.0,0.0,0.0,0.0,0.0
0,0.0,R3Z1,146.55099672312045,0.0,135.0,5.392240819704263,48.682218454007796,2.6645352591003757e-15,0.0,0.0,40.72191595306985,0.0,0.0,0.0,0.0,0.0,0.0,0.0,0.0,0.0,0.0
0,0.0,R3Z2,125.49415596813009,0.0,0.0,0.0,38.93045419332358,0.0,0.0,0.0,81.4438319061397,0.0,0.0,0.0,54.12395891836102,0.0,0.0,0.0,0.0,0.0,0.0
0,0.0,R3Z3,114.92208350203538,0.0,0.0,0.0,75.93247389081772,0.0,0.0,0.0,81.4438319061397,0.0,0.0,0.0,0.0,0.0,0.0,0.0,0.0,0.0,0.0
0,0.0,R3Z4,132.8633725392176,0.0,0.0,8.18055991728231,85.99657495756733,-5.329070518200751e-15,0.0,0.0,40.72191595306985,0.0,23.676381666008027,0.0,57.14789671204722,0.0,0.0,0.0,21.640703377306153,0.0,0.0
0,0.0,R3Z5,156.12119010237734,0.0,0.0,0.0,81.65538628096265,0.0,0.0,0.0,0.0,0.0,0.0,0.0,0.0,0.0,0.0,0.0,38.143383326962194,0.0,0.0
0,0.0,R3Z6,159.81825257572,0.0,0.0,5.47826771986071,101.12644893759116,-3.552713678800501e-15,0.0,0.0,0.0,0.0,0.0,0.0,0.0,0.0,0.0,0.0,13.015548725626674,0.0,0.0
0,0.0,R3Z7,196.15954346031853,0.0,0.0,0.0,36.574728448459204,0.0,0.0,0.0,0.0,0.0,0.0,45.0,43.343901533488676,0.0,0.0,0.0,15.975172139332576,0.0,0.0
0,0.0,R3Z8,194.75438041710203,0.0,0.0,0.0,87.33793790328347,0.0,0.0,0.0,81.4438319061397,0.0,0.0,45.0,48.879946705843345,0.0,0.0,0.0,15.860736098632099,0.0,0.0
0,0.0,R3Z9,197.22893402491198,0.0,0.0,0.0,25.999974410294723,0.0,0.0,0.0,0.0,0.0,0.0,0.0,0.0,0.0,0.0,0.0,32.12452594785337,0.0,0.0
0,0.0,R3Z10,142.5496256052141,0.0,0.0,10.004437057137082,55.717248626952895,0.0,0.0,0.0,40.72191595306985,0.0,0.0,45.0,32.36691110116354,0.0,0.0,0.0,34.82759136673933,52.34552319022403,0.0
0,0.0,R4Z1,201.10957279984294,0.0,135.0,12.356656442896735,115.77411917522082,7.105427357601002e-15,0.0,0.0,40.72191595306985,0.0,0.0,0.0,122.78832040130308,0.0,0.0,0.0,0.0,0.0,0.0
0,0.0,R4Z2,230.1363232241492,0.0,135.0,6.763012494914932,61.34329365942139,-7.105427357601002e-15,0.0,0.0,40.72191595306985,0.0,0.0,0.0,86.58433954350765,0.0,0.0,0.0,0.0,0.0,0.0
0,0.0,R4Z3,212.59612790374746,0.0,0.0,6.5198108365480465,74.7419964229693,1.7763568394002505e-15,0.0,0.0,40.72191595306985,0.0,0.0,0.0,61.27289493157975,0.0,0.0,0.0,0.0,0.0,0.0
1,0.25,R1Z1,124.0530503736813,0.0,135.0,12.759372570869616,97.60201701036964,-1.7763568394002505e-15,0.0,0.0,63.879968194518405,0.0,21.758832163119898,0.0,79.49112780764709,0.0,0.0,0.0,0.0,0.0,0.0
1,0.25,R1Z2,146.16480660795793,0.0,135.0,0.5491925517006138,99.07956401765148,-2.1094237467877974e-15,0.0,0.0,0.0,0.0,45.0,0.0,71.64364736449824,0.0,0.0,0.0,0.0,0.0,0.0
1,0.25,R1Z3,214.5077785800955,0.0,0.0,2.924396565317757,23.08704454777271,8.881784197001252e-16,0.0,0.0,0.0,0.0,0.0,0.0,0.0,0.0,0.0,0.0,17.469446694221514,0.0,0.0
1,0.25,R1Z4,170.63941083413806,0.0,0.0,6.916905262048097,27.901984213489357,-2.6645352591003757e-15,0.0,0.0,0.0,0.0,0.0,90.0,63.229771857423465,0.0,0.0,0.0,27.793640969409108,49.16651842415939,0.0
1,0.25,R1Z5,217.3896528114061,0.0,0.0,4.650453394824844,39.32453490908594,-8.881784197001252e-16,0.0,0.0,63.879968194518405,0.0,0.0,90.0,92.73737993058256,0.0,0.0,0.0,17.70414563426267,0.0,0.0
1,0.25,R1Z6,197.12306030325945,0.0,0.0,0.0,41.89567093887217,0.0,0.0,0.0,31.939984097259202,0.0,0.0,90.0,93.19491994784273,0.0,0.0,0.0,16.053640651002215,0.0,0.0
1,0.25,R1Z7,154.9148465314895,0.0,0.0,7.560134773870473,20.4107947795475,0.0,0.0,0.0,0.0,0.0,0.0,90.0,82.87368328778179,0.0,0.0,0.0,12.616216864205043,0.0,0.0
1,0.25,R2Z1,142.93137921971456,0.0,135.0,0.0,112.17441700250322,0.0,0.0,0.0,63.879968194518405,0.0,0.0,0.0,0.0,80.0,80.0,329.216758001171,0.0,0.0,0.0
1,0.25,R2Z2,184.76167276090308,0.0,135.0,1.098169911303124,45.005928289939035,-1.7763568394002505e-15,0.0,0.0,31.939984097259202,0.0,0.0,0.0,60.07956564894875,0.0,0.0,0.0,0.0,0.0,0.0
1,0.25,R2Z3,192.97559211687417,0.0,0.0,1.2352073521556974,77.3383950250635,6.217248937900877e-15,0.0,0.0,63.879968194518405,0.0,0.0,0.0,52.32125818341894,0.0,0.0,0.0,0.0,0.0,0.0
1,0.25,R2Z4,111.51441212425918,0.0,0.0,1.579094281438877,25.02707714296705,-8.881784197001252e-16,0.0,0.0,31.939984097259202,0.0,0.0,0.0,49.74798843939319,0.0,0.0,0.0,0.0,0.0,0.0
1,0.25,R2Z5,155.09826583530622,0.0,0.0,4.516840829016672,94.87709746790628,8.881784197001252e-16,0.0,0.0,0.0,0.0,0.0,0.0,61.37629530994734,0.0,0.0,0.0,0.0,0.0,0.0
1,0.25,R3Z1,149.0263974632022,0.0,135.0,5.9384298877161825,110.89858335120375,-8.881784197001252e-16,0.0,0.0,31.939984097259202,1094.6058843258256,0.0,0.0,0.0,0.0,0.0,0.0,0.0,0.0,0.0
1,0.25,R3Z2,107.85750072545707,0.0,0.0,10.572182055302335,1.6973385403141972,0.0,0.0,0.0,63.879968194518405,0.0,0.0,0.0,54.049253588037466,0.0,0.0,0.0,0.0,0.0,0.0
1,0.25,R3Z3,134.46798297364322,0.0,0.0,17.410759378140938,192.3170260236559,3.552713678800501e-15,0.0,0.0,63.879968194518405,0.0,0.0,0.0,0.0,0.0,0.0,0.0,0.0,0.0,0.0
1,0.25,R3Z4,116.88769342778532,0.0,0.0,0.0,82.1948271135098,0.0,0.0,0.0,31.939984097259202,0.0,16.285712495620146,0.0,61.01447348497397,0.0,0.0,0.0,19.038594712636485,0.0,0.0
1,0.25,R3Z5,157.56458259614973,0.0,0.0,0.3443570156490381,26.702754323416286,1.7208456881689926e-15,0.0,0.0,0.0,0.0,0.0,0.0,0.0,0.0,0.0,0.0,38.49603163271183,0.0,0.0
1,0.25,R3Z6,144.7437770771526,0.0,0.0,0.0,92.15388137466199,0.0,0.0,0.0,0.0,0.0,0.0,0.0,0.0,0.0,0.0,0.0,11.787888134907156,28.15687936235318,0.0
1,0.25,R3Z7,235.72811353435978,0.0,0.0,8.610302048750057,38.18051117891444,3.552713678800501e-15,0.0,0.0,0.0,0.0,0.0,45.0,31.674880755557606,0.0,0.0,0.0,19.197624165317862,0.0,0.0
1,0.25,R3Z8,223.34320731912788,0.0,0.0,0.0,209.82446344319945,0.0,0.0,0.0,63.879968194518405,0.0,0.0,45.0,37.20328472627898,0.0,0.0,0.0,18.189001259556242,0.0,0.0
1,0.25,R3Z9,171.30881774091665,0.0,0.0,1.8178084337908587,40.298830674834974,2.6645352591003757e-15,0.0,0.0,0.0,0.0,0.0,0.0,0.0,0.0,0.0,0.0,27.902673549505923,0.0,0.0
1,0.25,R3Z10,121.4231298792362,0.0,0.0,0.48804944109141957,48.195366003935945,1.1102230246251565e-16,0.0,0.0,31.939984097259202,0.0,0.0,45.0,20.71304146355171,0.0,0.0,0.0,29.665985666046346,0.0,0.0
1,0.25,R4Z1,205.8656992272883,0.0,135.0,8.28351486830519,143.14283345019248,-7.105427357601002e-15,0.0,0.0,31.939984097259202,0.0,25.967371092317634,0.0,128.90982179692492,0.0,0.0,0.0,0.0,0.0,0.0
1,0.25,R4Z2,235.85044812418124,0.0,135.0,8.530016455728642,56.158211344243426,-5.329070518200751e-15,0.0,0.0,31.939984097259202,0.0,0.0,0.0,86.46483033140068,0.0,0.0,0.0,0.0,0.0,0.0
1,0.25,R4Z3,185.57170219816427,0.0,0.0,5.5727127302020705,116.25749377612374,-6.217248937900877e-15,0.0,0.0,31.939984097259202,0.0,0.0,0.0,61.188322185106266,0.0,0.0,0.0,0.0,0.0,0.0
2,0.5,R1Z1,147.14350311098994,0.0,135.0,0.0,192.518342791355,0.0,0.0,0.0,72.30825464469645,0.0,0.0,0.0,79.38140909749842,0.0,0.0,0.0,0.0,0.0,0.0
2,0.5,R1Z2,172.96051794425915,0.0,135.0,1.1659562176714076,123.48900811599626,3.774758283725532e-15,0.0,0.0,0.0,0.0,45.0,0.0,82.44667915805,0.0,0.0,0.0,0.0,0.0,0.0
2,0.5,R1Z3,188.391426309277,0.0,0.0,2.999676639267541,56.65622140976473,-8.881784197001252e-16,0.0,0.0,0.0,0.0,0.0,0.0,0.0,0.0,0.0,0.0,15.34253909738479,0.0,0.0
2,0.5,R1Z4,199.12250323565397,0.0,0.0,5.098713454338494,110.4452626191305,3.552713678800501e-15,0.0,0.0,0.0,0.0,0.0,0.0,63.142498104961696,0.0,0.0,0.0,32.43294932166146,0.0,0.0
2,0.5,R1Z5,244.35596845121833,0.0,0.0,12.981506464154624,15.297976828416655,0.0,0.0,0.0,72.30825464469645,0.0,0.0,74.80479743813567,73.31107872145625,0.0,0.0,0.0,19.900273983209004,0.0,0.0
2,0.5,R1Z6,207.93663099470157,0.0,0.0,17.371282270113667,122.68431111136424,-7.105427357601002e-15,0.0,0.0,36.154127322348224,0.0,0.0,90.0,69.84789685541612,0.0,0.0,0.0,16.93429448098819,0.0,0.0
2,0.5,R1Z7,164.5136774551328,0.0,0.0,3.2485537781614227,45.25990472495161,-1.3322676295501878e-15,0.0,0.0,0.0,0.0,0.0,57.72235004562753,67.86796233343202,0.0,0.0,0.0,13.397942665746637,0.0,0.0
2,0.5,R2Z1,158.70399063958095,0.0,135.0,10.095283406967184,138.01175687752425,5.329070518200751e-15,0.0,0.0,72.30825464469645,0.0,0.0,0.0,0.0,11.94154441305814,80.0,310.44778388168277,0.0,0.0,0.0
2,0.5,R2Z2,208.4071223467785,0.0,135.0,3.538970813649474,18.139090094106074,-1.3322676295501878e-15,0.0,0.0,36.154127322348224,0.0,0.0,0.0,59.99664001144558,0.0,0.0,0.0,0.0,0.0,0.0
2,0.5,R2Z3,178.89254609265896,0.0,0.0,0.0,36.510638251255905,0.0,0.0,0.0,72.30825464469645,0.0,0.0,0.0,52.24904105529954,0.0,0.0,0.0,0.0,0.0,0.0
2,0.5,R2Z4,93.35492650473438,0.0,0.0,0.0,80.85611602329735,0.0,0.0,0.0,36.154127322348224,0.0,0.0,0.0,49.67932310183163,0.0,0.0,0.0,0.0,0.0,0.0
2,0.5,R2Z5,141.12725863519373,0.0,0.0,7.440689119870626,98.62378464497266,-6.217248937900877e-15,0.0,0.0,0.0,0.0,0.0,0.0,61.29157984369547,0.0,0.0,0.0,0.0,0.0,0.0
2,0.5,R3Z1,157.37523847985892,0.0,135.0,0.0,89.0064429102905,0.0,0.0,0.0,36.154127322348224,0.0,0.0,0.0,0.0,0.0,0.0,0.0,0.0,0.0,0.0
2,0.5,R3Z2,119.27081905506247,0.0,0.0,1.424772636421153,32.4907216508036,1.5543122344752192e-15,0.0,0.0,72.30825464469645,0.0,0.0,0.0,53.974651370762,0.0,0.0,0.0,0.0,0.0,0.0
2,0.5,R3Z3,117.5182067474491,0.0,0.0,0.0,99.54588071675208,0.0,0.0,0.0,72.30825464469645,0.0,0.0,0.0,0.0,0.0,0.0,0.0,0.0,0.0,0.0
2,0.5,R3Z4,137.12166575348118,0.0,0.0,9.419801603365073,100.32134961751916,-7.105427357601002e-15,0.0,0.0,36.154127322348224,0.0,31.10790431390558,0.0,68.4666096583412,0.0,0.0,0.0,22.334291524154317,0.0,0.0
2,0.5,R3Z5,154.49925214184833,0.0,0.0,0.0,86.56762862757677,0.0,0.0,0.0,0.0,0.0,0.0,0.0,0.0,0.0,0.0,0.0,37.747112959560816,0.0,0.0
2,0.5,R3Z6,175.17755780820687,0.0,0.0,8.125986377555222,72.20539865607421,7.105427357601002e-15,0.0,0.0,0.0,0.0,0.0,0.0,0.0,0.0,0.0,0.0,14.26640576118643,0.0,0.0
2,0.5,R3Z7,194.40422296689957,0.0,0.0,8.45439024143677,34.79819950060716,-1.7763568394002505e-15,0.0,0.0,0.0,0.0,0.0,45.0,20.021966302241157,0.0,0.0,0.0,15.832219384919489,67.81062079834282,0.0
2,0.5,R3Z8,185.63868277168382,0.0,0.0,2.2679449642640463,131.90999208976882,-7.105427357601002e-15,0.0,0.0,72.30825464469645,0.0,0.0,45.0,25.542739618201715,0.0,0.0,0.0,15.118356520831322,0.0,0.0
2,0.5,R3Z9,180.2930384522014,0.0,0.0,0.0,30.203875763482092,0.0,0.0,0.0,0.0,0.0,0.0,0.0,0.0,0.0,0.0,0.0,29.366017823954284,0.0,0.0
2,0.5,R3Z10,137.67325726716476,0.0,0.0,3.2889154387905943,9.345094776495293,0.0,0.0,0.0,36.154127322348224,0.0,0.0,45.0,9.075257237987051,0.0,0.0,0.0,33.63620160959165,0.0,0.0
2,0.5,R4Z1,181.44753464700705,0.0,135.0,4.8523660672536835,113.56648286427186,5.329070518200751e-15,0.0,0.0,36.154127322348224,0.0,0.0,0.0,128.7318922623575,0.0,0.0,0.0,0.0,0.0,0.0
2,0.5,R4Z2,206.70302858609685,0.0,135.0,7.538279243685913,39.36108207349247,0.0,0.0,0.0,36.154127322348224,0.0,0.0,0.0,86.34548607350888,0.0,0.0,0.0,0.0,0.0,0.0
2,0.5,R4Z3,220.263806063028,0.0,0.0,1.022117509001447,81.72644745775587,-5.995204332975845e-15,0.0,0.0,36.154127322348224,0.0,0.0,0.0,61.10386617131619,0.0,0.0,0.0,0.0,0.0,0.0
3,0.75,R1Z1,126.27990421826992,0.0,135.0,4.72322223209548,154.0082726210432,-1.7763568394002505e-15,0.0,0.0,71.01840362671551,0.0,0.0,0.0,79.27184182809148,0.0,0.0,0.0,0.0,0.0,0.0
3,0.75,R1Z2,167.46924095995828,0.0,135.0,0.0,83.66520309105596,0.0,0.0,0.0,0.0,0.0,45.0,0.0,93.23479992005933,0.0,0.0,0.0,0.0,0.0,0.0
3,0.75,R1Z3,197.0974559012215,0.0,0.0,0.0,16.498860925697628,0.0,0.0,0.0,0.0,0.0,0.0,0.0,0.0,0.0,0.0,0.0,16.051555436472935,57.16024688601813,0.0
3,0.75,R1Z4,200.390389182902,0.0,0.0,12.484667691643097,69.50606544614116,3.552713678800501e-15,0.0,0.0,0.0,0.0,0.0,90.0,39.8369552764637,0.0,0.0,0.0,32.63946179516164,0.0,0.0
3,0.75,R1Z5,204.4888930213793,0.0,0.0,10.71808942886721,43.57195193327258,3.552713678800501e-15,0.0,0.0,71.01840362671551,0.0,0.0,90.0,49.9915005712808,0.0,0.0,0.0,16.65351177399602,0.0,0.0
3,0.75,R1Z6,219.0192903047893,0.0,0.0,7.328656988180599,11.631320644422837,0.0,0.0,0.0,35.509201813357755,0.0,0.0,90.0,46.53309880910675,0.0,0.0,0.0,17.83686280428796,0.0,0.0
3,0.75,R1Z7,171.4118752691404,0.0,0.0,9.26107042968801,7.298978161225714,-1.7763568394002505e-15,0.0,0.0,0.0,0.0,0.0,90.0,44.555897118671545,0.0,0.0,0.0,13.959729747761495,0.0,0.0
3,0.75,R2Z1,138.99883898051775,0.0,135.0,9.287298193179879,154.24308963004665,5.329070518200751e-15,0.0,0.0,71.01840362671551,0.0,0.0,0.0,0.0,80.0,80.0,307.5553307649919,0.0,0.0,0.0
3,0.75,R2Z2,241.1375542691636,0.0,135.0,0.44687956323770095,28.060059842409267,4.440892098500626e-16,0.0,0.0,35.509201813357755,0.0,0.0,0.0,59.91382883318127,0.0,0.0,0.0,0.0,0.0,0.0
3,0.75,R2Z3,173.85594816701456,0.0,0.0,8.121415807450148,85.03860846067354,-5.329070518200751e-15,0.0,0.0,71.01840362671551,0.0,0.0,0.0,52.176923605853304,0.0,0.0,0.0,0.0,0.0,0.0
3,0.75,R2Z4,128.3181413203626,0.0,0.0,0.27062773766881776,92.49409149568649,-5.051514762044462e-15,0.0,0.0,35.509201813357755,0.0,0.0,0.0,49.610752540536005,0.0,0.0,0.0,0.0,0.0,0.0
3,0.75,R2Z5,148.5022620074291,0.0,0.0,8.828918677842637,167.95411625480844,3.552713678800501e-15,0.0,0.0,0.0,0.0,0.0,0.0,61.206981307117935,0.0,0.0,0.0,0.0,0.0,0.0
3,0.75,R3Z1,143.49042924772215,0.0,135.0,3.052580908798504,77.49224016350777,-4.440892098500626e-15,0.0,0.0,35.509201813357755,0.0,0.0,0.0,0.0,0.0,0.0,0.0,0.0,0.0,0.0
3,0.75,R3Z2,95.57985193450747,0.0,0.0,0.0,36.82772572240841,0.0,0.0,0.0,71.01840362671551,0.0,0.0,0.0,53.90015212421143,0.0,0.0,0.0,0.0,0.0,0.0
3,0.75,R3Z3,125.816046999793,0.0,0.0,0.0,77.68076618584911,0.0,0.0,0.0,71.01840362671551,0.0,0.0,0.0,0.0,0.0,0.0,0.0,0.0,0.0,0.0
3,0.75,R3Z4,129.62421775115195,0.0,0.0,0.0,68.30866622634451,0.0,0.0,0.0,35.509201813357755,0.0,0.0,4.693237848810384,67.16133630526028,0.0,0.0,0.0,21.113111862639315,0.0,0.0
3,0.75,R3Z5,156.3375278636687,0.0,0.0,0.0636994720904056,81.61263691155352,-2.7478019859472624e-15,0.0,0.0,0.0,0.0,0.0,0.0,0.0,0.0,0.0,0.0,38.19623876671142,0.0,0.0
3,0.75,R3Z6,176.00655591605866,0.0,0.0,0.0,82.31849523622483,0.0,0.0,0.0,0.0,0.0,0.0,0.0,0.0,0.0,0.0,0.0,14.333919108956799,0.0,0.0
3,0.75,R3Z7,218.83449690655516,0.0,0.0,10.725874260038744,42.934205010841225,1.7763568394002505e-15,0.0,0.0,0.0,0.0,0.0,45.0,8.38513594256576,0.0,0.0,0.0,17.82181328747666,0.0,0.0
3,0.75,R3Z8,251.56133746674348,0.0,0.0,0.0,83.1260048017445,0.0,0.0,0.0,71.01840362671551,0.0,0.0,45.0,13.8982891360805,0.0,0.0,0.0,20.487076992228612,0.0,0.0
3,0.75,R3Z9,181.81570908016067,0.0,0.0,4.187711323062935,49.98439797145145,1.7763568394002505e-15,0.0,0.0,0.0,0.0,0.0,0.0,0.0,0.0,0.0,0.0,29.61402946757922,0.0,0.0
3,0.75,R3Z10,135.87503513836836,0.0,0.0,9.517362126398872,41.48837666363658,1.7763568394002505e-15,0.0,0.0,35.509201813357755,0.0,0.0,35.129300758603975,-0.0,0.0,0.0,0.0,33.196861658873054,145.88578496748676,0.0
3,0.75,R4Z1,211.1645107910924,0.0,135.0,3.2343273252479605,166.58127799868353,-9.325873406851315e-15,0.0,0.0,35.509201813357755,0.0,0.0,0.0,128.5542083174498,0.0,0.0,0.0,0.0,0.0,0.0
3,0.75,R4Z2,223.8534148298318,0.0,135.0,4.515809589116699,45.96451283514913,-1.7763568394002505e-15,0.0,0.0,35.509201813357755,0.0,68.78742141505361,0.0,102.89108188525154,0.0,0.0,0.0,0.0,0.0,0.0
3,0.75,R4Z3,206.99084225337563,0.0,0.0,9.116927583468964,85.0578455173615,1.7763568394002505e-15,0.0,0.0,35.509201813357755,0.0,0.0,0.0,61.01952672908766,0.0,0.0,0.0,0.0,0.0,0.0
4,1.0,R1Z1,132.8786134558048,0.0,135.0,8.680846787415618,62.89298683887759,7.105427357601002e-15,0.0,0.0,90.7068466163901,0.0,0.0,0.0,79.16242579039813,0.0,0.0,0.0,0.0,0.0,0.0
4,1.0,R1Z2,187.75715381111235,0.0,135.0,3.7293693299429904,24.23933103931327,-8.881784197001252e-16,0.0,0.0,0.0,0.0,0.0,24.788453441856092,86.71113389704153,0.0,0.0,0.0,0.0,0.0,0.0
4,1.0,R1Z3,207.64669209129215,0.0,0.0,5.3510049348127,55.12421842605944,-8.881784197001252e-16,0.0,0.0,0.0,0.0,0.0,0.0,0.0,0.0,0.0,0.0,16.91068194697558,0.0,0.0
4,1.0,R1Z4,196.93815312684953,0.0,0.0,0.261501542920314,81.49706456379832,-3.3306690738754696e-15,0.0,0.0,0.0,0.0,0.0,64.07998099531842,23.250481329856473,0.0,0.0,0.0,32.07716373626342,0.0,0.0
4,1.0,R1Z5,243.1944314100612,0.0,0.0,5.093535128823472,14.45354096199393,8.881784197001252e-16,0.0,0.0,90.7068466163901,0.0,0.0,90.0,26.704109585967814,0.0,0.0,0.0,19.805678768256083,0.0,0.0
4,1.0,R1Z6,228.86626922012624,0.0,0.0,6.180851707221336,106.49849083683903,0.0,0.0,0.0,45.35342330819505,0.0,0.0,90.0,23.250481329856473,0.0,0.0,0.0,18.63879770100487,0.0,0.0
4,1.0,R1Z7,177.05680095661103,0.0,0.0,6.8677498964852255,24.75662236596504,1.7763568394002505e-15,0.0,0.0,0.0,0.0,0.0,82.3464744830611,23.250481329856473,0.0,0.0,0.0,14.419450738034527,0.0,0.0
4,1.0,R2Z1,167.77630087006358,0.0,135.0,6.409412677499432,127.46474907022204,1.4210854715202004e-14,0.0,0.0,90.7068466163901,0.0,0.0,0.0,0.0,80.0,80.0,304.66385556928043,0.0,0.0,0.0
4,1.0,R2Z2,236.92556249277283,0.0,135.0,0.1741097518319208,38.90781287073815,-2.1649348980190553e-15,0.0,0.0,45.35342330819505,0.0,0.0,0.0,59.8311319561719,0.0,0.0,0.0,0.0,0.0,0.0
4,1.0,R2Z3,186.97803694053323,0.0,0.0,0.36181001097297383,97.99513670081127,4.440892098500626e-16,0.0,0.0,90.7068466163901,0.0,45.0,0.0,63.006824609599036,0.0,0.0,0.0,0.0,0.0,0.0
4,1.0,R2Z4,92.9056505039838,0.0,0.0,0.2889702439975821,75.80120575286782,7.049916206369744e-15,0.0,0.0,45.35342330819505,0.0,45.0,0.0,60.44419553679175,0.0,0.0,0.0,0.0,0.0,0.0
4,1.0,R2Z5,167.91046871154876,0.0,0.0,7.657055888600553,147.6518352436616,-6.217248937900877e-15,0.0,0.0,0.0,0.0,0.0,0.0,61.12249953882096,0.0,0.0,0.0,0.0,0.0,0.0
4,1.0,R3Z1,176.85773418267007,0.0,135.0,2.546743148361209,35.218293554613716,-2.6645352591003757e-15,0.0,0.0,45.35342330819505,0.0,0.0,0.0,0.0,0.0,0.0,0.0,0.0,0.0,0.0
4,1.0,R3Z2,94.84737651112404,0.0,0.0,0.0,48.19445594586981,0.0,0.0,0.0,90.7068466163901,0.0,5.444583519796616,0.0,55.1447869961032,0.0,0.0,0.0,0.0,0.0,0.0
4,1.0,R3Z3,141.87065851868823,0.0,0.0,0.0,134.085819599859,0.0,0.0,0.0,90.7068466163901,0.0,0.0,0.0,0.0,0.0,0.0,0.0,0.0,0.0,0.0
4,1.0,R3Z4,152.64427291963628,0.0,0.0,0.0,16.26865469993679,0.0,0.0,0.0,45.35342330819505,0.0,0.0,45.0,55.45944118909447,0.0,0.0,0.0,24.862604112531937,0.0,0.0
4,1.0,R3Z5,157.45193727678037,0.0,0.0,0.0,73.5644824509814,0.0,0.0,0.0,0.0,0.0,0.0,0.0,0.0,0.0,0.0,0.0,38.46851023350986,0.0,0.0
4,1.0,R3Z6,167.34662763796132,0.0,0.0,18.054551355302294,74.21871708297294,-7.105427357601002e-15,0.0,0.0,0.0,0.0,0.0,0.0,0.0,0.0,0.0,0.0,13.62865724651336,128.02323734443428,0.0
4,1.0,R3Z7,236.1763925788782,0.0,0.0,0.6105217921277202,45.44446407800035,9.992007221626409e-16,0.0,0.0,0.0,0.0,0.0,32.45791878991509,0.0,0.0,0.0,0.0,19.234131871118503,0.0,0.0
4,1.0,R3Z8,238.54944239307187,0.0,0.0,0.32789254942048274,136.9843719491916,-5.10702591327572e-15,0.0,0.0,90.7068466163901,0.0,0.0,45.0,2.2699110650889884,0.0,0.0,0.0,19.427392309067187,0.0,0.0
4,1.0,R3Z9,199.14187900564158,0.0,0.0,9.720840120674872,33.33883958904757,-3.552713678800501e-15,0.0,0.0,0.0,0.0,0.0,0.0,0.0,0.0,0.0,0.0,32.43610523501061,0.0,0.0
4,1.0,R3Z10,105.91421787806681,0.0,0.0,0.0,57.982759856631,0.0,0.0,0.0,45.35342330819505,0.0,0.0,0.0,-0.0,0.0,0.0,0.0,25.87686277339604,1.6002928709500424,0.0
4,1.0,R4Z1,171.6045527440709,0.0,135.0,7.953458701970831,100.59886730656602,0.0,0.0,0.0,45.35342330819505,0.0,0.0,0.0,128.37676962322337,0.0,0.0,0.0,0.0,0.0,0.0
4,1.0,R4Z2,199.52899128536518,0.0,135.0,0.0,47.17215484060798,0.0,0.0,0.0,45.35342330819505,0.0,0.0,0.0,102.74906507027355,0.0,0.0,0.0,0.0,0.0,0.0
4,1.0,R4Z3,237.35418245912768,0.0,0.0,6.1107401812781745,105.36622359842427,-1.7763568394002505e-15,0.0,0.0,45.35342330819505,0.0,0.0,0.0,60.935303697521185,0.0,0.0,0.0,0.0,0.0,0.0
5,1.25,R1Z1,143.3757801179571,0.0,135.0,1.89403393105718,152.71071237786217,-9.547918011776346e-15,0.0,0.0,71.39149199386168,0.0,0.0,0.0,79.05316077567875,0.0,0.0,0.0,0.0,0.0,0.0
5,1.25,R1Z2,205.32494281013646,0.0,135.0,0.0,92.62074746180609,0.0,0.0,0.0,0.0,0.0,22.295804651669613,0.0,91.99293977291627,0.0,0.0,0.0,0.0,0.0,0.0
5,1.25,R1Z3,200.18623966205158,0.0,0.0,14.567459019903394,11.641917311810923,1.7763568394002505e-15,0.0,0.0,0.0,0.0,0.0,0.0,0.0,0.0,0.0,0.0,16.303105024170755,60.7322188490831,0.0
5,1.25,R1Z4,194.0639378401688,0.0,0.0,16.739971576838755,31.77162887126758,-3.552713678800501e-15,0.0,0.0,0.0,0.0,0.0,90.0,0.0,0.0,0.0,0.0,31.609013340312746,0.0,0.0
5,1.25,R1Z5,266.7566300720421,0.0,0.0,7.488958140465272,43.45422447507997,-3.552713678800501e-15,0.0,0.0,71.39149199386168,0.0,0.0,90.0,3.448861338745285,0.0,0.0,0.0,21.724576890500344,0.0,0.0
5,1.25,R1Z6,223.19306271797788,0.0,0.0,8.280396880011892,70.50742920697432,1.7763568394002505e-15,0.0,0.0,35.69574599693084,0.0,0.0,90.0,0.0,0.0,0.0,0.0,18.176773529990548,0.0,0.0
5,1.25,R1Z7,154.02627830546228,0.0,0.0,9.529710146196177,12.788407053222805,0.0,0.0,0.0,0.0,0.0,0.0,90.0,-0.0,0.0,0.0,0.0,12.543852144559386,0.0,0.0
5,1.25,R2Z1,149.11376766104758,0.0,135.0,10.851088871358783,42.10298842187228,3.552713678800501e-15,0.0,0.0,71.39149199386168,0.0,0.0,0.0,0.0,34.92480341628254,80.0,291.2625218531986,0.0,0.0,0.0
5,1.25,R2Z2,190.5658275775707,0.0,135.0,2.0661190224264203,27.342597836939788,-1.7763568394002505e-15,0.0,0.0,35.69574599693084,0.0,0.0,0.0,59.748549222651604,0.0,0.0,0.0,0.0,0.0,0.0
5,1.25,R2Z3,197.86652519016204,0.0,0.0,18.505641475060685,104.25678823675662,7.105427357601002e-15,0.0,0.0,71.39149199386168,0.0,0.0,0.0,62.91985858310791,0.0,0.0,0.0,0.0,0.0,0.0
5,1.25,R2Z4,106.74489122321202,0.0,0.0,3.1377992600018842,120.7723274831672,7.105427357601002e-15,0.0,0.0,35.69574599693084,0.0,0.0,0.0,60.36076661392732,0.0,0.0,0.0,0.0,0.0,0.0
5,1.25,R2Z5,153.22592934796353,0.0,0.0,0.0,175.9969317822905,0.0,0.0,0.0,0.0,0.0,0.0,0.0,61.03813437763353,0.0,0.0,0.0,0.0,0.0,0.0
5,1.25,R3Z1,180.54594305384984,0.0,135.0,2.629722346444183,91.43145481276802,-4.440892098500626e-16,0.0,0.0,35.69574599693084,0.0,0.0,0.0,0.0,0.0,0.0,0.0,0.0,0.0,0.0
5,1.25,R3Z2,148.42041677207027,0.0,0.0,0.0,31.31006394097959,0.0,0.0,0.0,71.39149199386168,0.0,0.0,0.0,55.06867265394319,0.0,0.0,0.0,0.0,0.0,0.0
5,1.25,R3Z3,104.20264790687618,0.0,0.0,0.0,106.92203019119843,0.0,0.0,0.0,71.39149199386168,0.0,0.0,0.0,0.0,0.0,0.0,0.0,0.0,0.0,0.0
5,1.25,R3Z4,140.7911133864852,0.0,0.0,1.4609612835484,65.08997441369183,6.439293542825908e-15,0.0,0.0,35.69574599693084,0.0,0.0,15.612462822878229,51.35515650286447,0.0,0.0,0.0,22.931968869435906,0.0,0.0
5,1.25,R3Z5,152.05457234707674,0.0,0.0,0.0,95.7234298535862,0.0,0.0,0.0,0.0,0.0,0.0,0.0,0.0,0.0,0.0,0.0,37.149831075772305,0.0,0.0
5,1.25,R3Z6,154.20774743809775,0.0,0.0,7.814027473628471,67.09599983330752,2.6645352591003757e-15,0.0,0.0,0.0,0.0,0.0,0.0,0.0,0.0,0.0,0.0,12.558630934215437,33.021325085473904,0.0
5,1.25,R3Z7,228.12733864927102,0.0,0.0,0.0,50.30694340289959,0.0,0.0,0.0,0.0,0.0,0.0,-0.0,-0.0,0.0,0.0,0.0,18.57861942540231,0.0,0.0
5,1.25,R3Z8,229.55590758796896,0.0,0.0,0.0,110.53194239046381,0.0,0.0,0.0,71.39149199386168,0.0,0.0,8.786570607279124,-0.0,0.0,0.0,0.0,18.694961634942675,0.0,0.0
5,1.25,R3Z9,205.7275494140399,0.0,0.0,0.0,37.95203030273288,0.0,0.0,0.0,0.0,0.0,0.0,0.0,0.0,0.0,0.0,0.0,33.50877512984399,0.0,0.0
5,1.25,R3Z10,123.8892705481852,0.0,0.0,0.0,39.709244718470565,0.0,0.0,0.0,35.69574599693084,0.0,0.0,0.0,0.0,0.0,0.0,0.0,30.268510850566447,201.49503712873957,0.0
5,1.25,R4Z1,194.48309410408942,0.0,135.0,15.643310008512813,122.16644880695101,-3.552713678800501e-15,0.0,0.0,35.69574599693084,0.0,0.0,0.0,128.19957584116761,0.0,0.0,0.0,0.0,0.0,0.0
5,1.25,R4Z2,243.52216951668964,0.0,135.0,9.131627149498726,46.03757861079151,-3.552713678800501e-15,0.0,0.0,35.69574599693084,1094.6058843258256,0.0,0.0,102.60724427593568,0.0,0.0,0.0,0.0,0.0,0.0
5,1.25,R4Z3,224.0107854831618,0.0,0.0,2.1801625081619562,70.30435919450342,-1.7763568394002505e-15,0.0,0.0,35.69574599693084,0.0,0.0,0.0,60.85119691593937,0.0,0.0,0.0,0.0,0.0,0.0
6,1.5,R1Z1,125.45865623438107,0.0,135.0,8.885025534322722,108.17755362779458,1.7763568394002505e-15,0.0,0.0,89.56458956392386,0.0,0.0,0.0,78.94404657548182,0.0,0.0,0.0,0.0,0.0,0.0
6,1.5,R1Z2,176.486764535811,0.0,135.0,3.0349730701157362,23.33398828763883,-4.440892098500626e-16,0.0,0.0,0.0,0.0,0.0,15.117803178056448,87.96584256535729,0.0,0.0,0.0,0.0,0.0,0.0
6,1.5,R1Z3,223.53395168822342,0.0,0.0,2.8398763432586094,48.66339199506298,3.1086244689504383e-15,0.0,0.0,0.0,0.0,0.0,0.0,0.0,0.0,0.0,0.0,18.204535421581483,153.82614792832035,0.0
6,1.5,R1Z4,198.5639554116206,0.0,0.0,7.793760096534868,95.79235674795208,8.881784197001252e-16,0.0,0.0,0.0,0.0,0.0,-0.0,-0.0,0.0,0.0,0.0,32.34197339992368,0.0,0.0
6,1.5,R1Z5,212.82756284426998,0.0,0.0,0.0,15.564125351590633,0.0,0.0,0.0,89.56458956392386,0.0,0.0,13.350154608992423,-0.0,0.0,0.0,0.0,17.33261044788075,0.0,0.0
6,1.5,R1Z6,225.82130431889732,0.0,0.0,0.0,205.4210344630713,0.0,0.0,0.0,44.78229478196193,0.0,0.0,-0.0,-0.0,0.0,0.0,0.0,18.39081670758867,0.0,0.0
6,1.5,R1Z7,179.04048396534546,0.0,0.0,9.011053885320827,53.960055662285,-1.7763568394002505e-15,0.0,0.0,0.0,0.0,0.0,0.0,-0.0,0.0,0.0,0.0,14.581001264587481,15.08821141199762,0.0
6,1.5,R2Z1,120.25778067089055,0.0,135.0,10.413083972557061,113.98885695794377,-3.552713678800501e-15,0.0,0.0,89.56458956392386,0.0,0.0,0.0,0.0,80.0,80.0,288.37655515805966,0.0,0.0,0.0
6,1.5,R2Z2,226.30126932892276,0.0,135.0,2.6231373461012097,18.93692295493079,4.440892098500626e-16,0.0,0.0,44.78229478196193,0.0,0.0,0.0,59.66608047507229,0.0,0.0,0.0,0.0,0.0,0.0
6,1.5,R2Z3,198.501685174871,0.0,0.0,14.606274119767107,119.08813790030197,-3.552713678800501e-15,0.0,0.0,89.56458956392386,0.0,0.0,0.0,62.8330125926575,0.0,0.0,0.0,0.0,0.0,0.0
6,1.5,R2Z4,102.98997330326272,0.0,0.0,7.744854434144436,52.988901084703514,1.7763568394002505e-15,0.0,0.0,44.78229478196193,0.0,45.0,0.0,71.17937175706987,0.0,0.0,0.0,0.0,0.0,0.0
6,1.5,R2Z5,136.79678265901796,0.0,0.0,4.814518706310025,139.32850154295497,-1.7763568394002505e-15,0.0,0.0,0.0,0.0,31.42964188241274,0.0,68.5681836012395,0.0,0.0,0.0,0.0,0.0,0.0
6,1.5,R3Z1,173.84828445384395,0.0,135.0,0.0,70.36597200120698,0.0,0.0,0.0,44.78229478196193,0.0,0.0,0.0,0.0,0.0,0.0,0.0,0.0,0.0,0.0
6,1.5,R3Z2,152.89971006172013,0.0,0.0,0.9562837960240138,29.283764085830157,4.440892098500626e-16,0.0,0.0,89.56458956392386,0.0,0.0,33.0950726159421,46.45472683912475,0.0,0.0,0.0,0.0,0.0,0.0
6,1.5,R3Z3,126.7164463879799,0.0,0.0,3.97798637351276,12.607064892096634,8.881784197001252e-16,0.0,20.566805558446646,89.56458956392386,0.0,0.0,0.0,0.0,0.0,0.0,0.0,0.0,0.0,0.0
6,1.5,R3Z4,121.71777550895824,0.0,0.0,0.0,44.04930847373896,0.0,0.0,0.0,44.78229478196193,0.0,0.0,13.06085677921726,47.914805512122236,0.0,0.0,0.0,19.825315474040092,0.0,0.0
6,1.5,R3Z5,165.78710409558644,0.0,0.0,0.993113216264284,63.74358909933641,-1.2212453270876722e-15,0.0,0.0,0.0,0.0,0.0,0.0,0.0,0.0,0.0,0.0,40.50495040447839,0.0,0.0
6,1.5,R3Z6,151.07848699786743,0.0,0.0,0.0,94.21261492519488,0.0,0.0,0.0,0.0,0.0,0.0,0.0,0.0,0.0,0.0,0.0,12.303784938350873,0.0,0.0
6,1.5,R3Z7,245.53655021998728,0.0,0.0,0.0,17.473188100041774,0.0,0.0,0.0,0.0,0.0,0.0,0.0,-0.0,0.0,0.0,0.0,19.996420194848497,0.0,0.0
6,1.5,R3Z8,196.93470023069546,0.0,0.0,0.0,100.78223204143355,0.0,0.0,0.0,89.56458956392386,0.0,0.0,0.0,0.0,0.0,0.0,0.0,16.038300665344085,0.0,0.0
6,1.5,R3Z9,198.76011707783698,0.0,0.0,14.27798257890484,19.675767122469864,-3.552713678800501e-15,0.0,0.0,0.0,0.0,0.0,0.0,0.0,0.0,0.0,0.0,32.37392408995553,257.4747003366107,0.0
6,1.5,R3Z10,130.1760928376661,0.0,0.0,26.754642180083472,22.237187674346295,3.552713678800501e-15,0.0,0.0,44.78229478196193,0.0,0.0,-0.0,-0.0,0.0,0.0,0.0,31.804501399568213,0.0,0.0
6,1.5,R4Z1,223.76224047440056,0.0,135.0,11.266721299948728,204.7424014839143,1.0658141036401503e-14,0.0,0.0,44.78229478196193,0.0,0.0,0.0,128.02262663323918,0.0,0.0,0.0,0.0,0.0,0.0
6,1.5,R4Z2,235.6156335679707,0.0,135.0,3.504134394852926,42.58918855436053,-3.1086244689504383e-15,0.0,0.0,44.78229478196193,0.0,0.0,0.0,102.46561923167782,0.0,0.0,0.0,0.0,0.0,0.0
6,1.5,R4Z3,196.68558395184812,0.0,0.0,0.0,81.26700355756347,0.0,0.0,0.0,44.78229478196193,0.0,0.0,0.0,60.767206223886596,0.0,0.0,0.0,0.0,0.0,0.0
7,1.75,R1Z1,145.86136086472712,0.0,135.0,10.513992209358861,165.72301165173738,-7.105427357601002e-15,0.0,0.0,84.23966157641063,0.0,0.0,0.0,78.83508298164355,0.0,0.0,0.0,0.0,0.0,0.0
7,1.75,R1Z2,192.42614777001396,0.0,135.0,4.936078372587119,73.86380552840603,2.6645352591003757e-15,0.0,0.0,0.0,0.0,21.37373613097924,0.0,93.02253180710842,0.0,0.0,0.0,0.0,0.0,0.0
7,1.75,R1Z3,202.74871433519831,0.0,0.0,0.0,41.43433779402817,0.0,0.0,0.0,0.0,0.0,0.0,0.0,0.0,0.0,0.0,0.0,16.51179216364954,0.0,0.0
7,1.75,R1Z4,253.44197249823756,0.0,0.0,13.924669753843254,57.37325816497573,-5.329070518200751e-15,0.0,0.0,0.0,0.0,0.0,0.0,-0.0,0.0,0.0,0.0,41.2804706472043,179.82405080297622,0.0
7,1.75,R1Z5,207.76507531379582,0.0,0.0,14.065507170855597,61.39011192792567,1.7763568394002505e-15,0.0,0.0,84.23966157641063,0.0,0.0,0.0,0.0,0.0,0.0,0.0,16.920323039754162,0.0,0.0
7,1.75,R1Z6,202.3517929064453,0.0,0.0,23.60119333150297,214.14358862611496,7.105427357601002e-15,0.0,0.0,42.11983078820531,0.0,0.0,0.0,0.0,0.0,0.0,0.0,16.479467006085123,0.0,0.0
7,1.75,R1Z7,180.1068891871648,0.0,0.0,8.867942698483247,16.29112162850906,-1.7763568394002505e-15,0.0,0.0,0.0,0.0,0.0,0.0,0.0,0.0,0.0,0.0,14.66784897379564,0.0,0.0
7,1.75,R2Z1,139.04837331239509,0.0,135.0,15.57203202986841,160.72265514839182,0.0,0.0,0.0,84.23966157641063,0.0,0.0,0.0,0.0,80.0,80.0,285.49156419088007,0.0,0.0,0.0
7,1.75,R2Z2,195.95111493291947,0.0,135.0,10.04186562880426,32.07148964091037,1.7763568394002505e-15,0.0,0.0,42.11983078820531,0.0,0.0,0.0,59.58372555610331,0.0,0.0,0.0,0.0,0.0,0.0
7,1.75,R2Z3,205.6387947222403,0.0,0.0,2.8512047610856683,75.344363024789,5.329070518200751e-15,0.0,0.0,84.23966157641063,0.0,0.0,0.0,62.74628647256641,0.0,0.0,0.0,0.0,0.0,0.0
7,1.75,R2Z4,113.73851502039743,0.0,0.0,5.838381433686351,84.23242418036568,-1.7763568394002505e-15,0.0,0.0,42.11983078820531,0.0,7.1872933312084655,0.0,72.8223541077813,0.0,0.0,0.0,0.0,0.0,0.0
7,1.75,R2Z5,153.46720576392005,0.0,0.0,7.092571008231289,108.26699593703219,4.440892098500626e-15,0.0,0.0,0.0,0.0,0.0,0.0,68.47354143337178,0.0,0.0,0.0,0.0,0.0,0.0
7,1.75,R3Z1,184.17336197483363,0.0,135.0,16.717822197827644,65.0329581637346,7.105427357601002e-15,0.0,0.0,42.11983078820531,0.0,0.0,0.0,0.0,0.0,0.0,0.0,0.0,0.0,0.0
7,1.75,R3Z2,143.22270428331058,0.0,0.0,9.212956705631164,48.593940900975994,-1.7763568394002505e-15,0.0,0.0,84.23966157641063,0.0,0.0,0.0,46.390607070671706,0.0,0.0,0.0,0.0,0.0,0.0
7,1.75,R3Z3,162.40833757219806,0.0,0.0,22.036092260036483,126.60078110572185,-1.0658141036401503e-14,0.0,0.0,84.23966157641063,0.0,0.0,0.0,0.0,0.0,0.0,0.0,0.0,0.0,0.0
7,1.75,R3Z4,141.82114653956253,0.0,0.0,0.0,53.15577086953054,0.0,0.0,0.0,42.11983078820531,0.0,0.0,23.445804853880077,41.80007233798476,0.0,0.0,0.0,23.099740027946567,0.0,0.0
7,1.75,R3Z5,176.70870771602404,0.0,0.0,10.508758351952991,89.05342250356458,-3.552713678800501e-15,0.0,0.0,0.0,0.0,0.0,0.0,0.0,0.0,0.0,0.0,43.173306398730745,0.0,0.0
7,1.75,R3Z6,196.6634903546549,0.0,0.0,10.145666149982183,23.686717567418434,0.0,0.0,0.0,0.0,0.0,0.0,0.0,0.0,0.0,0.0,0.0,16.016213417488558,180.7881136815414,0.0
7,1.75,R3Z7,233.19220382096506,0.0,0.0,0.5844589507497275,37.483215484964624,3.552713678800501e-15,0.0,0.0,0.0,0.0,0.0,0.0,-0.0,0.0,0.0,0.0,18.991100467889492,0.0,0.0
7,1.75,R3Z8,258.25510744988844,0.0,0.0,6.029439251600365,98.6022209365506,-3.552713678800501e-15,0.0,0.0,84.23966157641063,0.0,0.0,-0.0,-0.0,0.0,0.0,0.0,21.03221553535267,0.0,0.0
7,1.75,R3Z9,198.6445869735594,0.0,0.0,0.0,28.26909388824241,0.0,0.0,0.0,0.0,0.0,0.0,0.0,0.0,0.0,0.0,0.0,32.35510661851823,223.81722073809422,0.0
7,1.75,R3Z10,129.66284867906361,0.0,0.0,0.0,11.272808474196282,0.0,0.0,0.0,42.11983078820531,0.0,0.0,0.0,-0.0,0.0,0.0,0.0,31.679106066179706,0.0,0.0
7,1.75,R4Z1,216.10807007672506,0.0,135.0,18.9603502247451,155.9462555277195,-7.105427357601002e-15,0.0,0.0,42.11983078820531,0.0,0.0,0.0,127.84592166186133,0.0,0.0,0.0,0.0,0.0,0.0
7,1.75,R4Z2,229.87023292283584,0.0,135.0,13.583345257055072,54.86728235233332,3.552713678800501e-15,0.0,0.0,42.11983078820531,0.0,90.0,0.0,124.12802749151655,0.0,0.0,0.0,0.0,0.0,0.0
7,1.75,R4Z3,246.15757532404956,0.0,0.0,15.959280289101585,102.6515830878518,0.0,0.0,0.0,42.11983078820531,0.0,0.0,0.0,60.68333146112871,0.0,0.0,0.0,0.0,0.0,0.0
8,2.0,R1Z1,178.27104856556196,0.0,135.0,11.635478824374111,40.826151050302066,-1.7763568394002505e-15,0.0,0.0,83.3053593277468,0.0,0.0,0.0,78.72626978628746,0.0,0.0,0.0,0.0,0.0,0.0
8,2.0,R1Z2,181.42110997467077,0.0,135.0,4.829260463030643,36.51428667463894,-2.6645352591003757e-15,0.0,0.0,0.0,0.0,0.0,5.07756283700121,91.58421583871974,0.0,0.0,0.0,0.0,0.0,0.0
8,2.0,R1Z3,221.2479222345066,0.0,0.0,12.573016966632025,80.0,-1.7763568394002505e-15,0.0,0.0,0.0,0.0,0.0,0.0,0.0,0.0,0.0,0.0,18.01836189469367,0.0,0.0
8,2.0,R1Z4,216.40083519856344,0.0,0.0,15.363362999016118,133.66878525824484,-8.881784197001252e-15,0.0,0.0,0.0,0.0,0.0,0.0,-0.0,0.0,0.0,0.0,35.24723327154074,0.0,0.0
8,2.0,R1Z5,227.56509070505427,0.0,0.0,7.344471055910379,18.025345040513074,8.881784197001252e-16,0.0,0.0,83.3053593277468,0.0,0.0,-0.0,0.0,0.0,0.0,0.0,18.532830127897824,0.0,0.0
8,2.0,R1Z6,203.1572562932612,0.0,0.0,15.147327292749367,120.71204201769027,-1.0658141036401503e-14,0.0,0.0,41.6526796638734,0.0,0.0,-0.0,0.0,0.0,0.0,0.0,16.545063693502563,0.0,0.0
8,2.0,R1Z7,175.42522331484125,0.0,0.0,0.0,63.46048456843691,0.0,0.0,0.0,0.0,0.0,0.0,-0.0,-0.0,0.0,0.0,0.0,14.286575562928753,166.63412085832783,0.0
8,2.0,R2Z1,161.24077232165234,0.0,135.0,21.62144535370075,188.89824051218355,0.0,0.0,0.0,83.3053593277468,0.0,0.0,0.0,0.0,80.0,80.0,282.60754862177214,0.0,0.0,0.0
8,2.0,R2Z2,201.4419988341575,0.0,135.0,8.598812884603262,62.505569681190494,0.0,0.0,0.0,41.6526796638734,0.0,20.287345638261534,0.0,64.416395355078,0.0,0.0,0.0,0.0,0.0,0.0
8,2.0,R2Z3,201.0568722016819,0.0,0.0,26.44697386259198,48.391227432594626,0.0,0.0,0.0,83.3053593277468,0.0,0.0,0.0,62.65968005738196,0.0,0.0,0.0,0.0,0.0,0.0
8,2.0,R2Z4,116.49327907738035,0.0,0.0,5.513150919853317,92.60697103729414,-5.329070518200751e-15,0.0,0.0,41.6526796638734,0.0,0.0,0.0,72.72184006321987,0.0,0.0,0.0,0.0,0.0,0.0
8,2.0,R2Z5,125.86814262600598,0.0,0.0,22.279568827318812,81.97402784473384,7.105427357601002e-15,0.0,0.0,0.0,0.0,45.0,0.0,79.28094880874494,0.0,0.0,0.0,0.0,0.0,0.0
8,2.0,R3Z1,182.69951447571611,0.0,135.0,2.5989546965912496,107.09721978584028,-2.6645352591003757e-15,0.0,0.0,41.6526796638734,0.0,0.0,0.0,0.0,0.0,0.0,0.0,0.0,0.0,0.0
8,2.0,R3Z2,157.88049680343437,0.0,0.0,16.333059877638046,11.598158352893929,0.0,0.0,0.0,83.3053593277468,0.0,0.0,0.0,46.326575804401024,0.0,0.0,0.0,0.0,0.0,0.0
8,2.0,R3Z3,154.1815420549211,0.0,0.0,1.059794265212929,125.72798811032813,4.884981308350689e-15,0.0,0.0,83.3053593277468,0.0,0.0,0.0,0.0,0.0,0.0,0.0,0.0,0.0,0.0
8,2.0,R3Z4,163.6493735990128,0.0,0.0,0.938806559276756,81.48605822238103,3.3306690738754696e-15,0.0,0.0,41.6526796638734,0.0,0.0,12.916721095820023,38.410094309247235,0.0,0.0,0.0,26.655108057661586,0.0,0.0
8,2.0,R3Z5,159.45763657599412,0.0,0.0,9.248497517215299,47.899448763792435,-1.7763568394002505e-15,0.0,0.0,0.0,0.0,0.0,0.0,0.0,0.0,0.0,0.0,38.95854081269236,0.0,0.0
8,2.0,R3Z6,166.2255108541211,0.0,0.0,14.421175906950083,61.6592728138538,-1.7763568394002505e-15,0.0,0.0,0.0,0.0,0.0,0.0,0.0,0.0,0.0,0.0,13.537353844730283,0.0,0.0
8,2.0,R3Z7,244.86830218163757,0.0,0.0,9.655041004755702,33.47817272069454,-1.7763568394002505e-15,0.0,0.0,0.0,0.0,0.0,0.0,-0.0,0.0,0.0,0.0,19.94199828268409,318.1105489008814,0.0
8,2.0,R3Z8,255.42853613480415,0.0,0.0,4.545347114024821,99.88584881867172,-8.881784197001252e-16,0.0,0.0,83.3053593277468,0.0,0.0,0.0,-0.0,0.0,0.0,0.0,20.802020447588788,0.0,0.0
8,2.0,R3Z9,172.6899359902585,0.0,0.0,5.4396509539948,34.113499023950425,8.881784197001252e-16,0.0,0.0,0.0,0.0,0.0,0.0,0.0,0.0,0.0,0.0,28.12762922985469,0.0,0.0
8,2.0,R3Z10,149.6696928817863,0.0,0.0,22.49581245274659,21.215289318756632,0.0,0.0,0.0,41.6526796638734,0.0,0.0,0.0,0.0,0.0,0.0,0.0,36.56715955262082,0.0,0.0
8,2.0,R4Z1,193.3044721123624,0.0,135.0,11.47252539995202,121.91025492562503,-1.7763568394002505e-15,0.0,0.0,41.6526796638734,0.0,0.009870513964457928,0.0,127.67185186865346,0.0,0.0,0.0,0.0,0.0,0.0
8,2.0,R4Z2,209.21819776326186,0.0,135.0,21.818441615585854,33.26383818726799,3.552713678800501e-15,0.0,0.0,41.6526796638734,0.0,0.0,0.0,123.95669809356633,0.0,0.0,0.0,0.0,0.0,0.0
8,2.0,R4Z3,228.0311425070829,0.0,0.0,8.924870037673585,92.83772068872138,-7.105427357601002e-15,0.0,0.0,41.6526796638734,0.0,45.0,0.0,71.50149137975438,0.0,0.0,0.0,0.0,0.0,0.0
9,2.25,R1Z1,155.32227562814595,0.0,135.0,6.85394334108463,152.4767804235915,6.217248937900877e-15,0.0,0.0,68.3338141805124,0.0,0.0,0.0,78.617606781824,0.0,0.0,0.0,0.0,0.0,0.0
9,2.25,R1Z2,185.79941267182008,0.0,135.0,3.9980465118812987,92.14034477006349,2.220446049250313e-15,0.0,0.0,0.0,0.0,45.0,0.0,102.35972439146511,0.0,0.0,0.0,0.0,0.0,0.0
9,2.25,R1Z3,203.6268419127199,0.0,0.0,17.46807763701598,63.260624129360124,3.552713678800501e-15,0.0,0.0,0.0,0.0,0.0,0.0,0.0,0.0,0.0,0.0,16.583306600131905,0.0,0.0
9,2.25,R1Z4,222.32239766703358,0.0,0.0,9.796463643379525,145.8814274735569,-1.0658141036401503e-14,0.0,0.0,0.0,0.0,0.0,0.0,0.0,0.0,0.0,0.0,36.211733678697925,84.57032373180206,0.0
9,2.25,R1Z5,217.33477919764414,0.0,0.0,4.565462728864887,61.21346678734953,-4.440892098500626e-15,0.0,0.0,68.3338141805124,0.0,0.0,-0.0,0.0,0.0,0.0,0.0,17.699676744244417,0.0,0.0
9,2.25,R1Z6,217.9201779196669,0.0,0.0,11.838105813478393,162.3236200763745,-7.105427357601002e-15,0.0,0.0,34.1669070902562,0.0,0.0,-0.0,0.0,0.0,0.0,0.0,17.747351433884745,0.0,0.0
9,2.25,R1Z7,177.36795776556664,0.0,0.0,11.802058275816137,77.3856750397153,-7.105427357601002e-15,0.0,0.0,0.0,0.0,0.0,0.0,-0.0,0.0,0.0,0.0,14.444791251667997,0.0,0.0
9,2.25,R2Z1,163.76084318001196,0.0,135.0,10.563472946684328,192.49331009272018,-1.0658141036401503e-14,0.0,0.0,68.3338141805124,0.0,0.0,0.0,0.0,80.0,80.0,279.7245081209597,0.0,0.0,0.0
9,2.25,R2Z2,238.63350185198198,0.0,135.0,1.298691553499026,48.049148930244804,2.6645352591003757e-15,0.0,0.0,34.1669070902562,0.0,0.0,0.0,64.32748374939682,0.0,0.0,0.0,0.0,0.0,0.0
9,2.25,R2Z3,181.50827368282307,0.0,0.0,17.960788945978067,67.18296372418465,3.552713678800501e-15,0.0,0.0,68.3338141805124,0.0,0.0,0.0,62.57319318187982,0.0,0.0,0.0,0.0,0.0,0.0
9,2.25,R2Z4,116.38979046699176,0.0,0.0,2.4225475519099575,93.32559687349146,-3.552713678800501e-15,0.0,0.0,34.1669070902562,0.0,0.0,0.0,72.62146475453534,0.0,0.0,0.0,0.0,0.0,0.0
9,2.25,R2Z5,158.99044690402997,0.0,0.0,13.513917394638668,162.76659996718445,-5.329070518200751e-15,0.0,0.0,0.0,0.0,0.0,0.0,79.1715202010177,0.0,0.0,0.0,0.0,0.0,0.0
9,2.25,R3Z1,188.83802089817843,0.0,135.0,22.502036530985805,124.87971778514995,-3.552713678800501e-15,0.0,0.0,34.1669070902562,0.0,0.0,0.0,0.0,0.0,0.0,0.0,0.0,0.0,0.0
9,2.25,R3Z2,147.6707615036415,0.0,0.0,16.549625271888402,35.87475635647169,-3.552713678800501e-15,0.0,0.0,68.3338141805124,0.0,45.0,0.0,57.16455183025803,0.0,0.0,0.0,0.0,0.0,0.0
9,2.25,R3Z3,119.55855056293714,0.0,0.0,38.7700010382504,125.79405120989537,-7.105427357601002e-15,0.0,0.0,68.3338141805124,0.0,0.0,0.0,0.0,0.0,0.0,0.0,0.0,0.0,0.0
9,2.25,R3Z4,144.4960402446437,0.0,0.0,10.262505259788156,34.626421070293176,3.552713678800501e-15,0.0,0.0,34.1669070902562,0.0,0.0,41.90478177549052,27.546394401810957,0.0,0.0,0.0,23.535425048815643,0.0,0.0
9,2.25,R3Z5,178.4871903322635,0.0,0.0,15.345056252669579,81.9772483501123,7.105427357601002e-15,0.0,0.0,0.0,0.0,0.0,0.0,0.0,0.0,0.0,0.0,43.60782361018088,0.0,0.0
9,2.25,R3Z6,190.50485328294792,0.0,0.0,15.738475269284834,113.69519096952706,0.0,0.0,0.0,0.0,0.0,0.0,0.0,0.0,0.0,0.0,0.0,15.514655932042553,83.11359323139419,0.0
9,2.25,R3Z7,272.2727649907848,0.0,0.0,13.601516860022492,39.09142417907561,3.552713678800501e-15,0.0,0.0,0.0,0.0,0.0,0.0,-0.0,0.0,0.0,0.0,22.173809200670988,154.61833111246034,0.0
9,2.25,R3Z8,241.38479474745563,0.0,0.0,7.123219328094194,142.80863899402974,-5.329070518200751e-15,0.0,0.0,68.3338141805124,0.0,0.0,0.0,-0.0,0.0,0.0,0.0,19.658302521937383,0.0,0.0
9,2.25,R3Z9,185.17226843614577,0.0,0.0,8.152751004710254,41.38652081503948,-1.7763568394002505e-15,0.0,0.0,0.0,0.0,0.0,0.0,0.0,0.0,0.0,0.0,30.160743765154002,0.0,0.0
9,2.25,R3Z10,142.29158625934775,0.0,0.0,18.130708652448543,23.670911147998343,-3.552713678800501e-15,0.0,0.0,34.1669070902562,0.0,0.0,-0.0,0.0,0.0,0.0,0.0,34.76454743480181,0.0,0.0
9,2.25,R4Z1,217.79997343410017,0.0,135.0,3.4508697565085242,141.04713416644384,4.440892098500626e-15,0.0,0.0,34.1669070902562,0.0,80.0725249358187,0.0,146.89439047974864,0.0,0.0,0.0,0.0,0.0,0.0
9,2.25,R4Z2,203.15468942401645,0.0,135.0,22.212855469317823,61.3741900754765,0.0,0.0,0.0,34.1669070902562,0.0,0.0,0.0,123.78560517534753,0.0,0.0,0.0,0.0,0.0,0.0
9,2.25,R4Z3,231.58742745168468,0.0,0.0,9.822041163994058,57.67647089145106,-1.7763568394002505e-15,0.0,0.0,34.1669070902562,0.0,0.0,0.0,71.4028004739356,0.0,0.0,0.0,0.0,0.0,0.0
10,2.5,R1Z1,157.1913911507501,0.0,135.0,4.438443849780754,90.9334743180141,2.6645352591003757e-15,0.0,0.0,72.6090221146315,0.0,0.0,0.0,78.50909376095014,0.0,0.0,0.0,0.0,0.0,0.0
10,2.5,R1Z2,186.09199501595603,0.0,135.0,6.90282742916952,88.34982104459903,8.881784197001252e-16,0.0,0.0,0.0,0.0,18.129618489173012,0.0,106.61061056047829,0.0,0.0,0.0,0.0,0.0,0.0
10,2.5,R1Z3,195.22606753378253,0.0,0.0,3.4010360457427993,43.514433668736736,-1.3322676295501878e-15,0.0,0.0,0.0,0.0,0.0,0.0,0.0,0.0,0.0,0.0,15.899150150540823,0.0,0.0
10,2.5,R1Z4,266.5158014451398,0.0,0.0,14.195811836382646,60.04247516847896,0.0,0.0,0.0,0.0,0.0,0.0,-0.0,-0.0,0.0,0.0,0.0,43.40992776422907,0.0,0.0
10,2.5,R1Z5,212.39106912252336,0.0,0.0,16.185476324665174,72.63993780058821,3.552713678800501e-15,0.0,0.0,72.6090221146315,0.0,0.0,-0.0,-0.0,0.0,0.0,0.0,17.297062535096934,0.0,0.0
10,2.5,R1Z6,241.73002747150818,0.0,0.0,29.549813835812188,240.0,-1.0658141036401503e-14,0.0,0.0,36.30451105731575,0.0,0.0,-0.0,0.0,0.0,0.0,0.0,19.686418167485805,0.0,0.0
10,2.5,R1Z7,177.12806355234906,0.0,0.0,9.099827982780369,51.22096595153829,-3.552713678800501e-15,0.0,0.0,0.0,0.0,0.0,0.0,-0.0,0.0,0.0,0.0,14.425254341641715,150.23063623311373,0.0
10,2.5,R2Z1,164.853230237415,0.0,135.0,9.961996264700247,158.49562964495192,-1.0658141036401503e-14,0.0,0.0,72.6090221146315,0.0,0.0,0.0,0.0,80.0,80.0,276.84244235877793,0.0,0.0,0.0
10,2.5,R2Z2,225.0768275664459,0.0,135.0,6.301369806127852,61.04197365568302,-1.7763568394002505e-15,0.0,0.0,36.30451105731575,0.0,0.0,0.0,64.23869486516847,0.0,0.0,0.0,0.0,0.0,0.0
10,2.5,R2Z3,178.56071274562422,0.0,0.0,16.622211063026228,81.46539588122216,3.552713678800501e-15,0.0,0.0,72.6090221146315,0.0,0.0,0.0,62.48682568106372,0.0,0.0,0.0,0.0,0.0,0.0
10,2.5,R2Z4,116.82985214208863,0.0,0.0,7.712036475910168,68.49128577788977,7.105427357601002e-15,0.0,0.0,36.30451105731575,0.0,0.0,0.0,72.5212279902356,0.0,0.0,0.0,0.0,0.0,0.0
10,2.5,R2Z5,149.56102862808115,0.0,0.0,13.687490440415829,61.811459314642605,-1.7763568394002505e-15,0.0,0.0,0.0,0.0,0.0,0.0,79.06224263361439,0.0,0.0,0.0,0.0,0.0,0.0
10,2.5,R3Z1,170.5198624839124,0.0,135.0,14.453341763632835,73.25420427341766,7.105427357601002e-15,0.0,0.0,36.30451105731575,0.0,0.0,0.0,0.0,0.0,0.0,0.0,0.0,0.0,0.0
10,2.5,R3Z2,141.39926524160177,0.0,0.0,14.055257634221306,29.82241676505481,-3.552713678800501e-15,0.0,0.0,72.6090221146315,0.0,0.0,0.0,57.08564968021909,0.0,0.0,0.0,0.0,0.0,0.0
10,2.5,R3Z3,120.988630332737,0.0,0.0,2.8954916424889348,150.19303817967688,-1.3322676295501878e-14,0.0,0.0,72.6090221146315,0.0,0.0,0.0,0.0,0.0,0.0,0.0,0.0,0.0,0.0
10,2.5,R3Z4,121.54485373427025,0.0,0.0,12.536665790309414,80.1460159129879,0.0,0.0,0.0,36.30451105731575,0.0,27.239489109410385,0.0,34.10754426028973,0.0,0.0,0.0,19.79715008306753,0.0,0.0
10,2.5,R3Z5,155.01589088739738,0.0,0.0,12.632360799274565,71.29536114659687,-5.329070518200751e-15,0.0,0.0,0.0,0.0,0.0,0.0,0.0,0.0,0.0,0.0,37.873337655261096,33.214831286264825,0.0
10,2.5,R3Z6,186.71430223810646,0.0,0.0,16.297572517930135,33.281884400480436,0.0,0.0,0.0,0.0,0.0,0.0,0.0,0.0,0.0,0.0,0.0,15.205954635250846,0.0,0.0
10,2.5,R3Z7,250.74015959400379,0.0,0.0,20.779104924333648,20.770691319433627,-3.552713678800501e-15,0.0,0.0,0.0,0.0,0.0,0.0,-0.0,0.0,0.0,0.0,20.420200521970713,0.0,0.0
10,2.5,R3Z8,239.1182899442681,0.0,0.0,5.88227402058115,117.06648019735937,6.217248937900877e-15,0.0,0.0,72.6090221146315,0.0,0.0,0.0,0.0,0.0,0.0,0.0,19.4737190765091,0.0,0.0
10,2.5,R3Z9,207.1803572574702,0.0,0.0,18.600556070166597,35.27346870288458,0.0,0.0,0.0,0.0,0.0,0.0,0.0,0.0,0.0,0.0,0.0,33.74540756663253,310.6674810550169,0.0
10,2.5,R3Z10,152.34853299630115,0.0,0.0,27.124574431667234,12.097820004472604,-3.552713678800501e-15,0.0,0.0,36.30451105731575,0.0,0.0,-0.0,-0.0,0.0,0.0,0.0,37.22165126699078,0.0,0.0
10,2.5,R4Z1,225.41248912964585,0.0,135.0,29.163702809261082,120.77134794921841,3.552713678800501e-15,0.0,0.0,36.30451105731575,0.0,0.0,0.0,146.69163749968632,0.0,0.0,0.0,0.0,0.0,0.0
10,2.5,R4Z2,218.4211322332216,0.0,135.0,19.7751533605692,46.16713983281908,-7.105427357601002e-15,0.0,0.0,36.30451105731575,0.0,70.35084912136311,0.0,140.65828735531352,0.0,0.0,0.0,0.0,0.0,0.0
10,2.5,R4Z3,220.8125210883976,0.0,0.0,8.992333497176446,154.2916527797473,-1.0658141036401503e-14,0.0,0.0,36.30451105731575,0.0,0.0,0.0,71.30424578758166,0.0,0.0,0.0,0.0,0.0,0.0
11,2.75,R1Z1,162.29512100707603,0.0,135.0,20.214901350826835,215.08526927354157,3.552713678800501e-15,0.0,0.0,76.50004961786803,0.0,0.0,0.0,78.400730516649,0.0,0.0,0.0,0.0,0.0,0.0
11,2.75,R1Z2,224.01539245386283,0.0,135.0,5.73205296247184,149.3231917284917,2.6645352591003757e-15,0.0,0.0,0.0,0.0,0.6073961454855975,0.0,106.61061056047829,0.0,0.0,0.0,0.0,0.0,0.0
11,2.75,R1Z3,225.44893450696563,0.0,0.0,8.956268507304245,60.73451015681343,0.0,0.0,0.0,0.0,0.0,0.0,0.0,0.0,0.0,0.0,0.0,18.360491026053307,0.0,0.0
11,2.75,R1Z4,271.896750421488,0.0,0.0,8.964226114467365,101.46683284531719,5.329070518200751e-15,0.0,0.0,0.0,0.0,0.0,0.0,-0.0,0.0,0.0,0.0,44.28637338246142,0.0,0.0
11,2.75,R1Z5,215.5695745359403,0.0,0.0,9.489819676457955,46.65311256341656,0.0,0.0,0.0,76.50004961786803,0.0,0.0,0.0,0.0,0.0,0.0,0.0,17.555919026243938,0.0,0.0
11,2.75,R1Z6,207.08482579330783,0.0,0.0,25.55536036373897,132.95474442145547,3.552713678800501e-15,0.0,0.0,38.250024808934015,0.0,0.0,-0.0,0.0,0.0,0.0,0.0,16.864923730621427,0.0,0.0
11,2.75,R1Z7,180.37509339468573,0.0,0.0,10.823929368262498,51.74023906522528,0.0,0.0,0.0,0.0,0.0,0.0,0.0,0.0,0.0,0.0,0.0,14.689691440942834,233.2493943902813,0.0
11,2.75,R2Z1,161.73321563928076,0.0,135.0,19.116801899618913,62.2415321152394,-7.105427357601002e-15,0.0,0.0,76.50004961786803,0.0,0.0,0.0,0.0,0.0,80.0,255.306592899496,0.0,0.0,0.0
11,2.75,R2Z2,206.56713894831321,0.0,135.0,1.7963478892612024,29.12375741392558,-8.881784197001252e-16,0.0,0.0,38.250024808934015,0.0,0.0,0.0,64.15002853300501,0.0,0.0,0.0,0.0,0.0,0.0
11,2.75,R2Z3,210.46815923795157,0.0,0.0,3.4141756426183107,55.59974161713306,-3.1086244689504383e-15,0.0,0.0,76.50004961786803,0.0,0.0,0.0,62.400577390165125,0.0,0.0,0.0,0.0,0.0,0.0
11,2.75,R2Z4,106.39092967128168,0.0,0.0,5.14194293288233,56.14584673429759,8.881784197001252e-16,0.0,0.0,38.250024808934015,0.0,0.0,0.0,72.4211295790929,0.0,0.0,0.0,0.0,0.0,0.0
11,2.75,R2Z5,180.18191013306864,0.0,0.0,17.381453015152402,126.52818876044202,3.552713678800501e-15,0.0,0.0,0.0,0.0,0.0,45.0,67.34392112964959,0.0,0.0,0.0,0.0,0.0,0.0
11,2.75,R3Z1,162.82737422660372,0.0,135.0,20.627330492797046,31.412744688962743,0.0,0.0,0.0,38.250024808934015,0.0,0.0,0.0,0.0,0.0,0.0,0.0,0.0,0.0,0.0
11,2.75,R3Z2,199.85864875967712,0.0,0.0,16.386089924392515,34.984594354088074,0.0,0.0,0.0,76.50004961786803,0.0,0.0,1.0280472765917352,56.74163863449936,0.0,0.0,0.0,0.0,0.0,0.0
11,2.75,R3Z3,152.29366630438446,0.0,0.0,14.040398667399103,132.7130856058541,1.7763568394002505e-15,0.0,0.0,76.50004961786803,0.0,0.0,0.0,0.0,0.0,0.0,0.0,0.0,0.0,0.0
11,2.75,R3Z4,124.92232712758057,0.0,0.0,5.179762383164768,5.707322581287793,0.0,0.0,0.0,38.250024808934015,0.0,0.0,45.0,22.45127209008932,0.0,0.0,0.0,20.34727084601744,0.0,0.0
11,2.75,R3Z5,159.87429797987247,0.0,0.0,14.657570716909163,37.9811799675207,-3.552713678800501e-15,0.0,0.0,0.0,0.0,0.0,0.0,0.0,0.0,0.0,0.0,39.060339137668365,0.0,0.0
11,2.75,R3Z6,196.22408384062834,0.0,0.0,19.077546028862145,146.8210815206968,-3.552713678800501e-15,0.0,0.0,0.0,0.0,0.0,0.0,0.0,0.0,0.0,0.0,15.98042828780845,0.0,0.0
11,2.75,R3Z7,239.61074211822654,0.0,0.0,0.0,43.32381305734579,0.0,0.0,0.0,0.0,0.0,0.0,0.0,-0.0,0.0,0.0,0.0,19.513824228216723,0.0,0.0
11,2.75,R3Z8,210.15558709557197,0.0,0.0,5.223310906379929,56.70474617869867,1.7763568394002505e-15,0.0,0.0,76.50004961786803,0.0,0.0,-0.0,0.0,0.0,0.0,0.0,17.115005574905464,205.4125200810013,0.0
11,2.75,R3Z9,205.1085941026521,0.0,0.0,22.845917172554344,48.31584629831038,3.552713678800501e-15,0.0,0.0,0.0,0.0,0.0,0.0,0.0,0.0,0.0,0.0,33.407960074185226,0.0,0.0
11,2.75,R3Z10,134.87051103298364,0.0,0.0,32.14213388269576,67.71775972321785,0.0,0.0,0.0,38.250024808934015,0.0,0.0,0.0,0.0,0.0,0.0,0.0,32.951437267810334,0.0,0.0
11,2.75,R4Z1,227.801368316007,0.0,135.0,24.76073359495672,137.12039473352576,7.105427357601002e-15,0.0,0.0,38.250024808934015,0.0,0.0,0.0,146.48916437218196,0.0,0.0,0.0,0.0,0.0,0.0
11,2.75,R4Z2,229.71010564114675,0.0,135.0,24.712639968041334,29.306108940144764,-3.552713678800501e-15,0.0,0.0,38.250024808934015,0.0,0.0,31.5187421435933,132.33287036583144,0.0,0.0,0.0,0.0,0.0,0.0
11,2.75,R4Z3,199.93334382577908,0.0,0.0,17.65347774870979,101.07261457021373,0.0,0.0,0.0,38.250024808934015,0.0,0.0,38.34140531231636,61.31443064455762,0.0,0.0,0.0,0.0,0.0,0.0
12,3.0,R1Z1,149.896969489826,0.0,135.0,14.437458493793457,186.64013648470797,1.7763568394002505e-15,0.0,0.0,84.08762689962298,0.0,0.0,0.0,78.29251684218944,0.0,0.0,0.0,0.0,0.0,0.0
12,3.0,R1Z2,215.0158977328102,0.0,135.0,3.823616788698658,126.15317057253078,8.43769498715119e-15,0.0,0.0,0.0,0.0,0.6073961454855975,0.0,106.61061056047829,0.0,0.0,0.0,0.0,0.0,0.0
12,3.0,R1Z3,214.81513404704555,0.0,0.0,21.057018608824265,79.3237052484829,-3.552713678800501e-15,0.0,0.0,0.0,0.0,0.0,0.0,0.0,0.0,0.0,0.0,17.49447762774571,0.0,0.0
12,3.0,R1Z4,260.4370092902488,0.0,0.0,13.575034396451457,129.86448212387089,0.0,0.0,0.0,0.0,0.0,0.0,0.0,-0.0,0.0,0.0,0.0,42.41981788366389,68.48346962197306,0.0
12,3.0,R1Z5,233.05136482461248,0.0,0.0,20.955878425332273,79.8220279012042,0.0,0.0,0.0,84.08762689962298,0.0,0.0,-0.0,0.0,0.0,0.0,0.0,18.979630583880926,0.0,0.0
12,3.0,R1Z6,225.48056985063076,0.0,0.0,32.27230760463863,131.89136662456661,0.0,0.0,0.0,42.04381344981149,0.0,0.0,-0.0,-0.0,0.0,0.0,0.0,18.363067398590793,0.0,0.0
12,3.0,R1Z7,154.45694619830746,0.0,0.0,11.749106062011222,80.0,-1.7763568394002505e-15,0.0,0.0,0.0,0.0,0.0,-0.0,-0.0,0.0,0.0,0.0,12.578925603651511,0.0,0.0
12,3.0,R2Z1,164.28703824170972,0.0,135.0,20.68887426887288,110.67559819160051,-7.105427357601002e-15,0.0,0.0,84.08762689962298,0.0,0.0,0.0,0.0,80.0,80.0,252.43278268739797,0.0,0.0,0.0
12,3.0,R2Z2,203.9430933742284,0.0,135.0,2.339014717237262,37.19496941325745,-3.552713678800501e-15,0.0,0.0,42.04381344981149,0.0,0.0,0.0,64.06148458375229,0.0,0.0,0.0,0.0,0.0,0.0
12,3.0,R2Z3,175.89961547934251,0.0,0.0,29.64804492321028,85.63424386015603,-3.552713678800501e-15,0.0,0.0,84.08762689962298,0.0,45.0,0.0,73.21636705674459,0.0,0.0,0.0,0.0,0.0,0.0
12,3.0,R2Z4,117.32263035994066,0.0,0.0,4.380685091872323,113.90601386021447,-8.881784197001252e-16,0.0,0.0,42.04381344981149,0.0,0.0,0.0,72.32116933014342,0.0,0.0,0.0,0.0,0.0,0.0
12,3.0,R2Z5,154.93020137028392,0.0,0.0,21.224309862594694,97.91673174354924,3.552713678800501e-15,0.0,0.0,0.0,0.0,38.43164669985727,0.0,76.56160645515986,0.0,0.0,0.0,0.0,0.0,0.0
12,3.0,R3Z1,184.97448982003527,0.0,135.0,5.964536829171848,40.123325832658985,2.6645352591003757e-15,0.0,0.0,42.04381344981149,0.0,0.0,0.0,0.0,0.0,0.0,0.0,0.0,0.0,0.0
12,3.0,R3Z2,139.0524359541597,0.0,0.0,22.06960914788084,34.539642932449574,0.0,0.0,0.0,84.08762689962298,0.0,0.0,0.0,56.66332021615003,0.0,0.0,0.0,0.0,0.0,0.0
12,3.0,R3Z3,170.92415695796194,0.0,0.0,24.51907745220555,111.55436667277556,-1.4210854715202004e-14,0.0,0.0,84.08762689962298,0.0,0.0,0.0,0.0,0.0,0.0,0.0,0.0,0.0,0.0
12,3.0,R3Z4,161.30592324430197,0.0,0.0,13.71514985004768,153.7756557984098,-8.881784197001252e-15,0.0,0.0,42.04381344981149,0.0,45.0,0.0,33.32220232857595,0.0,0.0,0.0,0.0,0.0,0.0
12,3.0,R3Z5,158.05701779935848,0.0,0.0,14.119662646550822,72.08753684222181,7.105427357601002e-15,0.0,0.0,0.0,0.0,0.0,0.0,0.0,0.0,0.0,0.0,38.616342941556994,0.0,0.0
12,3.0,R3Z6,175.39638748139672,0.0,0.0,36.093334719836555,52.61639158474086,0.0,0.0,0.0,0.0,0.0,0.0,0.0,0.0,0.0,0.0,0.0,14.28422718163192,0.0,0.0
12,3.0,R3Z7,252.3972763405105,0.0,0.0,23.620263444683566,22.114427421326234,3.552713678800501e-15,0.0,0.0,0.0,0.0,0.0,0.0,-0.0,0.0,0.0,0.0,20.555155593813907,0.0,0.0
12,3.0,R3Z8,193.1804187539313,0.0,0.0,4.848005290310255,123.56611725011567,3.552713678800501e-15,0.0,0.0,84.08762689962298,0.0,0.0,-0.0,-0.0,0.0,0.0,0.0,15.732553150882993,0.0,0.0
12,3.0,R3Z9,203.1446341977597,0.0,0.0,12.471363907165433,33.90668185822063,0.0,0.0,0.0,0.0,0.0,0.0,0.0,0.0,0.0,0.0,0.0,33.08807150795037,211.98062551457883,0.0
12,3.0,R3Z10,148.39374549775727,0.0,0.0,42.22171885775483,12.980870581748787,0.0,0.0,0.0,42.04381344981149,0.0,0.0,-0.0,0.0,0.0,0.0,0.0,36.25542127966673,0.0,0.0
12,3.0,R4Z1,229.5821976143642,0.0,135.0,30.095279033629964,152.29239529618562,0.0,0.0,0.0,42.04381344981149,0.0,0.0,0.0,146.28697071096525,0.0,0.0,0.0,0.0,0.0,0.0
12,3.0,R4Z2,249.26593105258246,0.0,135.0,26.526207108815477,55.32853828989851,-7.105427357601002e-15,0.0,0.0,42.04381344981149,0.0,0.0,0.0,132.1502161219271,0.0,0.0,0.0,0.0,0.0,0.0
12,3.0,R4Z3,211.5136994138005,0.0,0.0,17.76526125172589,103.80100907071578,0.0,0.0,0.0,42.04381344981149,0.0,0.0,0.0,61.229800567851456,0.0,0.0,0.0,0.0,0.0,0.0
13,3.25,R1Z1,136.99066238737092,0.0,135.0,15.978838926772426,117.3367500229952,7.105427357601002e-15,0.0,0.0,109.3122875523224,0.0,0.0,0.0,78.18445253112563,0.0,0.0,0.0,0.0,0.0,0.0
13,3.25,R1Z2,232.25267563119866,0.0,135.0,7.515635507987938,100.39255426947716,-5.329070518200751e-15,0.0,0.0,0.0,0.0,0.6073961454855975,0.0,106.61061056047829,0.0,0.0,0.0,0.0,0.0,0.0
13,3.25,R1Z3,226.70959646726703,0.0,0.0,19.783315292364932,56.67151055862227,3.552713678800501e-15,0.0,0.0,0.0,0.0,0.0,0.0,0.0,0.0,0.0,0.0,18.463158943555865,0.0,0.0
13,3.25,R1Z4,233.53294632880645,0.0,0.0,28.910792962399825,95.65035899854259,3.552713678800501e-15,0.0,0.0,0.0,0.0,0.0,0.0,-0.0,0.0,0.0,0.0,38.03770086325567,0.0,0.0
13,3.25,R1Z5,212.76668656957136,0.0,0.0,12.632134716447652,80.0,-3.552713678800501e-15,0.0,0.0,109.3122875523224,0.0,0.0,-0.0,-0.0,0.0,0.0,0.0,17.32765270302492,68.52405677574366,0.0
13,3.25,R1Z6,196.07817463743268,0.0,0.0,19.442306825322248,156.9686923537956,-1.0658141036401503e-14,0.0,0.0,54.6561437761612,0.0,0.0,0.0,-0.0,0.0,0.0,0.0,15.968545487733342,0.0,0.0
13,3.25,R1Z7,175.77097518586694,0.0,0.0,14.016498213523072,40.89922153196198,0.0,0.0,0.0,0.0,0.0,0.0,0.0,0.0,0.0,0.0,0.0,14.314733487645015,0.0,0.0
13,3.25,R2Z1,181.6064456650117,0.0,135.0,40.593682004217754,131.81802820294894,7.105427357601002e-15,0.0,0.0,109.3122875523224,0.0,0.0,0.0,0.0,80.0,80.0,249.55994409322562,0.0,0.0,0.0
13,3.25,R2Z2,247.2859139560883,0.0,135.0,3.665190644956116,31.23894084056342,-4.440892098500626e-16,0.0,0.0,54.6561437761612,0.0,45.0,0.0,74.87498176059128,0.0,0.0,0.0,0.0,0.0,0.0
13,3.25,R2Z3,186.1611299494029,0.0,0.0,27.58681548326662,66.87068228601518,0.0,0.0,0.0,109.3122875523224,0.0,45.0,0.0,84.01722808255386,0.0,0.0,0.0,0.0,0.0,0.0
13,3.25,R2Z4,111.68288397939068,0.0,0.0,5.931780618964893,80.56741719859309,6.217248937900877e-15,0.0,0.0,54.6561437761612,0.0,14.332916373863725,0.0,75.69370909894904,0.0,0.0,0.0,0.0,0.0,0.0
13,3.25,R2Z5,157.9418577516321,0.0,0.0,30.81167521047952,68.82835647637185,-3.552713678800501e-15,0.0,0.0,0.0,0.0,45.0,0.0,87.35785016879788,0.0,0.0,0.0,0.0,0.0,0.0
13,3.25,R3Z1,203.26353743382566,0.0,135.0,26.06864451978535,108.4522806270775,0.0,0.0,0.0,54.6561437761612,0.0,0.0,0.0,0.0,0.0,0.0,0.0,0.0,0.0,0.0
13,3.25,R3Z2,118.19396417478809,0.0,0.0,26.621465231795586,16.727202763876722,0.0,0.0,0.0,109.3122875523224,0.0,45.0,0.0,67.48702880996433,0.0,0.0,0.0,0.0,0.0,0.0
13,3.25,R3Z3,148.50545089209822,0.0,0.0,10.059051649758914,113.44411278813782,3.552713678800501e-15,0.0,0.0,109.3122875523224,0.0,0.0,0.0,0.0,0.0,0.0,0.0,0.0,0.0,0.0
13,3.25,R3Z4,114.45986447778186,0.0,0.0,17.77792257210973,24.67131045339557,0.0,0.0,0.0,54.6561437761612,0.0,1.2886637690972549,0.0,33.58840685934789,0.0,0.0,0.0,18.643151445212627,0.0,0.0
13,3.25,R3Z5,167.59849456251382,0.0,0.0,10.680759574608715,74.61518763963858,-5.329070518200751e-15,0.0,0.0,0.0,0.0,0.0,0.0,0.0,0.0,0.0,0.0,40.947507631268095,0.0,0.0
13,3.25,R3Z6,202.75255889191098,0.0,0.0,27.211118712456333,49.15480920069967,0.0,0.0,0.0,0.0,0.0,0.0,0.0,0.0,0.0,0.0,0.0,16.512105263151106,151.2295654326023,0.0
13,3.25,R3Z7,199.7723899773134,0.0,0.0,19.584404498434075,34.43845462192875,3.552713678800501e-15,0.0,0.0,0.0,0.0,0.0,0.0,-0.0,0.0,0.0,0.0,16.269401234710017,0.0,0.0
13,3.25,R3Z8,206.94316007095807,0.0,0.0,10.865890296697174,49.85527627567451,-3.552713678800501e-15,0.0,0.0,109.3122875523224,0.0,0.0,0.0,-0.0,0.0,0.0,0.0,16.853386518305076,0.0,0.0
13,3.25,R3Z9,209.52845549834666,0.0,0.0,21.147990085400526,29.028369710145352,-3.552713678800501e-15,0.0,0.0,0.0,0.0,0.0,0.0,0.0,0.0,0.0,0.0,34.12786434580681,0.0,0.0
13,3.25,R3Z10,124.09532290373815,0.0,0.0,29.713488242758107,16.68206243056787,0.0,0.0,0.0,54.6561437761612,0.0,0.0,-0.0,-0.0,0.0,0.0,0.0,30.318853369593658,84.2061873453285,0.0
13,3.25,R4Z1,230.08703315994686,0.0,135.0,27.787671333110268,160.41966518051177,0.0,0.0,0.0,54.6561437761612,0.0,0.0,0.0,146.08505613029905,0.0,0.0,0.0,0.0,0.0,0.0
13,3.25,R4Z2,270.4754320917032,0.0,135.0,32.475660937934556,63.13900298158898,0.0,0.0,0.0,54.6561437761612,0.0,90.0,0.0,153.7716518132301,0.0,0.0,0.0,0.0,0.0,0.0
13,3.25,R4Z3,179.49608063009995,0.0,0.0,17.812000094087693,129.44003891700453,1.4210854715202004e-14,0.0,0.0,54.6561437761612,0.0,11.610050135712441,0.0,63.95799452840335,0.0,0.0,0.0,0.0,0.0,0.0
14,3.5,R1Z1,142.49644529847544,0.0,135.0,17.123977152516545,168.3236636619568,-1.0658141036401503e-14,0.0,0.0,100.9510789589846,0.0,0.0,0.0,78.07653737729673,0.0,0.0,0.0,0.0,0.0,0.0
14,3.5,R1Z2,208.98658289405165,0.0,135.0,8.5370491801785,90.76139240989275,-5.329070518200751e-15,0.0,0.0,0.0,0.0,0.6073961454855975,0.0,106.61061056047829,0.0,0.0,0.0,0.0,0.0,0.0
14,3.5,R1Z3,210.7022024758516,0.0,0.0,19.853451399504223,49.5537367076936,0.0,0.0,0.0,0.0,0.0,0.0,0.0,0.0,0.0,0.0,0.0,17.159521761270568,0.0,0.0
14,3.5,R1Z4,291.69584922661085,0.0,0.0,23.018163409528,88.42417557179996,3.552713678800501e-15,0.0,0.0,0.0,0.0,0.0,0.0,-0.0,0.0,0.0,0.0,47.51123826576979,256.8777645868963,0.0
14,3.5,R1Z5,223.0552466469852,0.0,0.0,17.27516062144973,47.39636610516645,-7.105427357601002e-15,0.0,0.0,100.9510789589846,0.0,0.0,0.0,-0.0,0.0,0.0,0.0,18.165549832082014,0.0,0.0
14,3.5,R1Z6,215.55920514242953,0.0,0.0,7.401049487001124,21.493559648538948,0.0,0.0,0.0,50.4755394794923,0.0,0.0,0.0,0.0,0.0,0.0,0.0,17.55507454606524,0.0,0.0
14,3.5,R1Z7,184.45683496685038,0.0,0.0,6.84242087556175,47.85283296265388,2.6645352591003757e-15,0.0,0.0,0.0,0.0,0.0,-0.0,-0.0,0.0,0.0,0.0,15.022107203608956,89.36127888913792,0.0
14,3.5,R2Z1,209.66015699583212,0.0,135.0,20.829560473118647,98.23759054937187,-3.552713678800501e-15,0.0,0.0,100.9510789589846,0.0,0.0,0.0,0.0,80.0,73.4409322131389,248.44609148626697,0.0,0.0,0.0
14,3.5,R2Z2,215.46793486876018,0.0,135.0,8.711965373271546,41.946899502672004,-1.7763568394002505e-15,0.0,0.0,50.4755394794923,0.0,0.0,0.0,74.77163454879859,0.0,0.0,0.0,0.0,0.0,0.0
14,3.5,R2Z3,186.39264434218185,0.0,0.0,32.961905402822964,67.1330648175936,-7.105427357601002e-15,0.0,0.0,100.9510789589846,0.0,14.188713786373986,0.0,87.33868898686337,0.0,0.0,0.0,0.0,0.0,0.0
14,3.5,R2Z4,105.99827588432532,0.0,0.0,4.672904510726369,111.63323721392163,3.552713678800501e-15,0.0,0.0,50.4755394794923,0.0,45.0,0.0,86.49115073971544,0.0,0.0,0.0,0.0,0.0,0.0
14,3.5,R2Z5,161.13576772633346,0.0,0.0,30.545588667542887,149.39436056734647,-1.0658141036401503e-14,0.0,0.0,0.0,0.0,11.23452673596312,0.0,89.95900440793828,0.0,0.0,0.0,0.0,0.0,0.0
14,3.5,R3Z1,206.90691305632532,0.0,135.0,9.069760756094205,49.63001218942275,1.7763568394002505e-15,0.0,0.0,50.4755394794923,0.0,0.0,0.0,0.0,0.0,0.0,0.0,0.0,0.0,0.0
14,3.5,R3Z2,160.46376248882984,0.0,0.0,0.2972818945199407,38.960644479583976,8.326672684688674e-16,0.0,0.0,100.9510789589846,0.0,45.0,0.0,78.29579783280144,0.0,0.0,0.0,0.0,0.0,0.0
14,3.5,R3Z3,158.5206993037339,0.0,0.0,29.502494979936827,102.4410354888163,-7.105427357601002e-15,0.0,0.0,100.9510789589846,787.2082162324405,0.0,0.0,0.0,0.0,0.0,0.0,0.0,0.0,0.0
14,3.5,R3Z4,134.51443919422488,0.0,0.0,7.714324897265499,40.632953253846715,1.7763568394002505e-15,0.0,0.0,50.4755394794923,0.0,0.0,13.781993477763521,29.986538302230063,0.0,0.0,0.0,21.90962808585686,0.0,0.0
14,3.5,R3Z5,186.6853968962622,0.0,0.0,5.446557704350667,41.51603955064763,1.7763568394002505e-15,0.0,0.0,0.0,0.0,0.0,0.0,0.0,0.0,0.0,0.0,45.61080177963475,0.0,0.0
14,3.5,R3Z6,196.1333796427723,0.0,0.0,10.34778587849901,123.78014032282884,-5.329070518200751e-15,0.0,0.0,0.0,0.0,0.0,0.0,0.0,0.0,0.0,0.0,15.973041366178489,0.0,0.0
14,3.5,R3Z7,231.0444376788552,0.0,0.0,0.516964572914393,26.953009776096437,1.5543122344752192e-15,0.0,0.0,0.0,0.0,0.0,0.0,-0.0,0.0,0.0,0.0,18.816187062046577,0.0,0.0
14,3.5,R3Z8,267.3776767825288,0.0,0.0,10.103633321917869,144.81549039290405,-1.2434497875801753e-14,0.0,0.0,100.9510789589846,0.0,0.0,0.0,-0.0,0.0,0.0,0.0,21.775154741221115,231.81028450748167,0.0
14,3.5,R3Z9,185.0539480168994,0.0,0.0,2.287746680913809,23.447955823559393,8.881784197001252e-16,0.0,0.0,0.0,0.0,0.0,0.0,0.0,0.0,0.0,0.0,30.14147180895228,0.0,0.0
14,3.5,R3Z10,142.26829239809587,0.0,0.0,36.70417844594297,49.0519447939442,0.0,0.0,0.0,50.4755394794923,0.0,0.0,0.0,-0.0,0.0,0.0,0.0,34.758856300380444,0.0,0.0
14,3.5,R4Z1,207.1950248747479,0.0,135.0,24.627993325182743,125.59791234374099,-1.0658141036401503e-14,0.0,0.0,50.4755394794923,0.0,0.0,0.0,145.88342024497862,0.0,0.0,0.0,0.0,0.0,0.0
14,3.5,R4Z2,224.00498472485867,0.0,135.0,33.51061117770607,74.08096619624169,-7.105427357601002e-15,0.0,0.0,50.4755394794923,0.0,19.270276428889694,0.0,158.22791731172327,0.0,0.0,0.0,0.0,0.0,0.0
14,3.5,R4Z3,198.55237850568912,0.0,0.0,12.384677603729315,102.62578994719073,-1.7763568394002505e-15,0.0,0.0,50.4755394794923,0.0,45.0,0.0,74.77163454879859,0.0,0.0,0.0,0.0,0.0,0.0
15,3.75,R1Z1,154.80778496885705,0.0,135.0,16.73758985761947,215.00565521958242,-3.552713678800501e-15,0.0,0.0,81.15344891853076,0.0,0.0,0.0,77.96877117482643,0.0,0.0,0.0,0.0,0.0,0.0
15,3.75,R1Z2,226.84683583919983,0.0,135.0,6.518381251190561,160.0,8.881784197001252e-16,0.0,0.0,0.0,0.0,0.6073961454855975,0.0,106.61061056047829,0.0,0.0,0.0,0.0,0.0,0.0
15,3.75,R1Z3,220.32674949714098,0.0,0.0,12.499487026142944,34.47951182060213,1.7763568394002505e-15,0.0,0.0,0.0,0.0,0.0,0.0,0.0,0.0,0.0,0.0,17.943341873796992,0.0,0.0
15,3.75,R1Z4,292.45226346898863,0.0,0.0,18.646417213345572,64.3101475837996,-7.105427357601002e-15,0.0,0.0,0.0,0.0,0.0,0.0,-0.0,0.0,0.0,0.0,47.634442546504395,0.0,0.0
15,3.75,R1Z5,235.08985528064522,0.0,0.0,20.533247195026007,60.08903194255794,3.552713678800501e-15,0.0,0.0,81.15344891853076,0.0,0.0,0.0,-0.0,0.0,0.0,0.0,19.145644611875934,4.875611221548098,0.0
15,3.75,R1Z6,203.18384834543798,0.0,0.0,32.25868112092135,139.018955248212,0.0,0.0,0.0,40.57672445926538,0.0,0.0,-0.0,-0.0,0.0,0.0,0.0,16.547229341951617,0.0,0.0
15,3.75,R1Z7,179.91313850003758,0.0,0.0,14.573387436723685,35.186193191261566,0.0,0.0,0.0,0.0,0.0,0.0,0.0,-0.0,0.0,0.0,0.0,14.652069978166008,273.5630142154962,0.0
15,3.75,R2Z1,193.1857391756096,0.0,135.0,26.125422953774233,120.31845266354313,1.4210854715202004e-14,0.0,0.0,81.15344891853076,0.0,0.0,0.0,0.0,80.0,0.0,267.0168514651365,0.0,0.0,0.0
15,3.75,R2Z2,216.0480638532489,0.0,135.0,5.933823795803519,26.882027437550413,-8.881784197001252e-16,0.0,0.0,40.57672445926538,0.0,0.0,0.0,74.66842998340037,0.0,0.0,0.0,0.0,0.0,0.0
15,3.75,R2Z3,183.1686228164929,0.0,0.0,30.032145752622455,89.19487819123005,-3.552713678800501e-15,0.0,0.0,81.15344891853076,0.0,0.0,0.0,87.21813857367887,0.0,0.0,0.0,0.0,0.0,0.0
15,3.75,R2Z4,126.15250694484774,0.0,0.0,6.63691817910356,130.32800071500046,-4.440892098500626e-15,0.0,0.0,40.57672445926538,0.0,0.0,0.0,86.37177015272214,0.0,0.0,0.0,0.0,0.0,0.0
15,3.75,R2Z5,166.7403441873129,0.0,0.0,33.894699361033304,181.90832217888791,-7.105427357601002e-15,0.0,0.0,0.0,0.0,0.0,0.0,89.83483726876041,0.0,0.0,0.0,0.0,0.0,0.0
15,3.75,R3Z1,231.5461480291011,0.0,135.0,27.0609732506784,78.07240950772051,-7.105427357601002e-15,0.0,0.0,40.57672445926538,0.0,0.0,0.0,0.0,0.0,0.0,0.0,0.0,0.0,0.0
15,3.75,R3Z2,158.74973888524926,0.0,0.0,28.747564066532323,24.86956058863964,-3.552713678800501e-15,0.0,0.0,81.15344891853076,0.0,45.0,0.0,89.08964790520739,0.0,0.0,0.0,0.0,0.0,0.0
15,3.75,R3Z3,132.24839699318582,0.0,0.0,8.13705519987343,128.09776055990864,1.7763568394002505e-15,0.0,0.0,81.15344891853076,0.0,0.0,0.0,0.0,0.0,0.0,0.0,0.0,0.0,0.0
15,3.75,R3Z4,144.30283724337437,0.0,0.0,5.458802441725311,98.46700905347774,-3.552713678800501e-15,0.0,0.0,40.57672445926538,0.0,23.703654975381895,0.0,35.68771174077767,0.0,0.0,0.0,23.503956264287833,0.0,0.0
15,3.75,R3Z5,172.9702890023833,0.0,0.0,17.50489002028573,61.12704204751458,-3.552713678800501e-15,0.0,0.0,0.0,0.0,0.0,0.0,0.0,0.0,0.0,0.0,42.25993943081576,0.0,0.0
15,3.75,R3Z6,205.17058068945374,0.0,0.0,19.141518558658518,61.9032831149385,3.552713678800501e-15,0.0,0.0,0.0,0.0,0.0,0.0,0.0,0.0,0.0,0.0,16.70902820542038,0.0,0.0
15,3.75,R3Z7,219.95487031828904,0.0,0.0,14.825513358366184,28.278240558706567,1.7763568394002505e-15,0.0,0.0,0.0,0.0,0.0,0.0,-0.0,0.0,0.0,0.0,17.913056149266872,0.0,0.0
15,3.75,R3Z8,250.60342490933465,0.0,0.0,10.438033378805272,136.8751277560673,-7.105427357601002e-15,0.0,0.0,81.15344891853076,0.0,0.0,0.0,-0.0,0.0,0.0,0.0,20.409064891827647,57.38918492833545,0.0
15,3.75,R3Z9,219.0282080503972,0.0,0.0,27.575482607729427,51.99080462611764,-3.552713678800501e-15,0.0,0.0,0.0,0.0,0.0,0.0,0.0,0.0,0.0,0.0,35.67517812542693,0.0,0.0
15,3.75,R3Z10,140.74934454243024,0.0,0.0,34.97722681388764,17.886051150627445,0.0,0.0,0.0,40.57672445926538,0.0,0.0,0.0,0.0,0.0,0.0,0.0,34.387748379192246,196.20086188597975,0.0
15,3.75,R4Z1,237.46878539491405,0.0,135.0,22.41764275539589,204.52822512835317,-7.105427357601002e-15,0.0,0.0,40.57672445926538,0.0,90.0,0.0,167.48590049453423,0.0,0.0,0.0,0.0,0.0,0.0
15,3.75,R4Z2,224.21213874046884,0.0,135.0,28.485328767437956,62.5992232461553,-3.552713678800501e-15,0.0,0.0,40.57672445926538,0.0,55.261133787237185,0.0,171.3973521780001,0.0,0.0,0.0,0.0,0.0,0.0
15,3.75,R4Z3,198.16045347536706,0.0,0.0,20.204400839590733,140.29577737822507,3.552713678800501e-15,0.0,0.0,40.57672445926538,0.0,0.0,0.0,74.66842998340037,0.0,0.0,0.0,0.0,0.0,0.0
16,4.0,R1Z1,155.87307068372328,0.0,135.0,24.56248956547438,90.76289170186111,3.552713678800501e-15,0.0,0.0,75.7698403864514,0.0,0.0,0.0,77.86115371812258,0.0,0.0,0.0,0.0,0.0,0.0
16,4.0,R1Z2,222.9878635411079,0.0,135.0,8.417973454644056,81.32641527871823,0.0,0.0,0.0,0.0,0.0,0.6073961454855975,0.0,106.61061056047829,0.0,0.0,0.0,0.0,0.0,0.0
16,4.0,R1Z3,246.47422446944623,0.0,0.0,22.43519830308144,0.0,0.0,0.0,0.0,0.0,0.0,0.0,0.0,0.0,0.0,0.0,0.0,20.07278409375182,0.0,0.0
16,4.0,R1Z4,255.50973822052987,0.0,0.0,19.42514192576371,27.162687560234318,0.0,0.0,0.0,0.0,0.0,0.0,0.0,-0.0,0.0,0.0,0.0,41.617267040331235,371.2708837668136,0.0
16,4.0,R1Z5,229.88804974492353,0.0,0.0,22.011267771067196,34.32455345780039,-3.552713678800501e-15,0.0,0.0,75.7698403864514,0.0,0.0,0.0,-0.0,0.0,0.0,0.0,18.722011188782773,0.0,0.0
16,4.0,R1Z6,251.7244811323774,0.0,0.0,21.547296109736635,58.62197016322594,7.105427357601002e-15,0.0,0.0,37.8849201932257,0.0,0.0,0.0,-0.0,0.0,0.0,0.0,20.500363361558236,160.19182335968213,0.0
16,4.0,R1Z7,189.12761077014358,0.0,0.0,22.484333778746947,0.0,0.0,0.0,0.0,0.0,0.0,0.0,0.0,0.0,0.0,0.0,0.0,15.402493730644958,0.0,0.0
16,4.0,R2Z1,182.08863215758575,0.0,135.0,30.987158320509792,119.94987354212901,0.0,0.0,0.0,75.7698403864514,0.0,0.0,0.0,0.0,80.0,0.0,285.58133278189626,0.0,0.0,0.0
16,4.0,R2Z2,231.88730033752856,0.0,135.0,5.959667201184615,59.18062424174265,-5.329070518200751e-15,0.0,0.0,37.8849201932257,0.0,0.0,0.0,74.56536786750702,0.0,0.0,0.0,0.0,0.0,0.0
16,4.0,R2Z3,203.04888577483834,0.0,0.0,29.626604590327872,135.21246761621666,1.4210854715202004e-14,0.0,0.0,75.7698403864514,0.0,0.0,0.0,87.0977545518415,0.0,0.0,0.0,0.0,0.0,0.0
16,4.0,R2Z4,116.27058378344199,0.0,0.0,7.699532010382654,146.63854954017864,2.6645352591003757e-15,0.0,0.0,37.8849201932257,0.0,0.0,0.0,86.25255434240748,0.0,0.0,0.0,0.0,0.0,0.0
16,4.0,R2Z5,167.7466228835604,0.0,0.0,23.755994648478236,179.7089765364202,1.0658141036401503e-14,0.0,0.0,0.0,0.0,0.0,0.0,89.71084151296493,0.0,0.0,0.0,0.0,0.0,0.0
16,4.0,R3Z1,215.49981282954914,0.0,135.0,7.961866921600787,107.21260261492681,-1.7763568394002505e-15,0.0,0.0,37.8849201932257,0.0,0.0,0.0,0.0,0.0,0.0,0.0,0.0,0.0,0.0
16,4.0,R3Z2,178.65683029464597,0.0,0.0,26.808248100717773,6.382689435116293,0.0,0.0,0.0,75.7698403864514,0.0,0.0,45.0,77.35748593875476,0.0,0.0,0.0,0.0,0.0,0.0
16,4.0,R3Z3,153.09288063099652,0.0,0.0,11.45814472137792,59.132099770239336,1.7763568394002505e-15,0.0,31.42884812528831,75.7698403864514,0.0,0.0,0.0,0.0,0.0,0.0,0.0,0.0,0.0,0.0
16,4.0,R3Z4,174.52192333447599,0.0,0.0,17.92353611568852,101.87958489850163,-3.552713678800501e-15,0.0,0.0,37.8849201932257,0.0,11.592140060533836,0.0,38.44682153483738,0.0,0.0,0.0,28.426022187593944,0.0,0.0
16,4.0,R3Z5,186.8469516557661,0.0,0.0,16.600487938697285,122.45997339012516,-1.0658141036401503e-14,0.0,0.0,0.0,0.0,0.0,0.0,0.0,0.0,0.0,0.0,45.650272687562186,2.1362176393814707,0.0
16,4.0,R3Z6,214.3942648932547,0.0,0.0,34.987772149702565,95.06536557532989,7.105427357601002e-15,0.0,0.0,0.0,0.0,0.0,0.0,0.0,0.0,0.0,0.0,17.460202174911043,0.0,0.0
16,4.0,R3Z7,207.48108447138821,0.0,0.0,21.108894938619684,32.96910678233007,-3.552713678800501e-15,0.0,0.0,0.0,0.0,0.0,0.0,-0.0,0.0,0.0,0.0,16.897194913977433,0.0,0.0
16,4.0,R3Z8,235.65839291264433,0.0,0.0,7.679393074116163,100.3952355422348,-7.105427357601002e-15,0.0,0.0,75.7698403864514,0.0,0.0,0.0,-0.0,0.0,0.0,0.0,19.191946139594936,168.23452123993434,0.0
16,4.0,R3Z9,194.26912950098637,0.0,0.0,27.971774811159385,38.15842121125073,-3.552713678800501e-15,0.0,0.0,0.0,0.0,0.0,0.0,0.0,0.0,0.0,0.0,31.64243483024173,0.0,0.0
16,4.0,R3Z10,152.3444837599015,0.0,0.0,31.26198203925238,26.968419427984472,0.0,0.0,0.0,37.8849201932257,0.0,0.0,-0.0,0.0,0.0,0.0,0.0,37.22066196133617,0.0,0.0
16,4.0,R4Z1,220.54348766829554,0.0,135.0,27.757197868374675,132.59511576081695,0.0,0.0,0.0,37.8849201932257,0.0,66.33491693874164,0.0,183.32534548068895,0.0,0.0,0.0,0.0,0.0,0.0
16,4.0,R4Z2,263.71104578172606,0.0,135.0,22.472698541228198,40.95412484251207,-3.552713678800501e-15,0.0,0.0,37.8849201932257,0.0,0.0,0.0,171.16077865184036,0.0,0.0,0.0,0.0,0.0,0.0
16,4.0,R4Z3,205.05434868692365,0.0,0.0,17.594961390113497,132.97110138653082,1.0658141036401503e-14,0.0,0.0,37.8849201932257,0.0,0.0,0.0,74.56536786750702,0.0,0.0,0.0,0.0,0.0,0.0
17,4.25,R1Z1,167.92500166757065,0.0,135.0,24.651533650060685,171.23520544343995,-7.105427357601002e-15,0.0,0.0,63.603201298977815,0.0,0.0,0.0,77.75368480187683,0.0,0.0,0.0,0.0,0.0,0.0
17,4.25,R1Z2,238.1898110454642,0.0,135.0,10.97910067302223,98.33153958201018,7.105427357601002e-15,0.0,0.0,0.0,0.0,0.6073961454855975,0.0,106.61061056047829,0.0,0.0,0.0,0.0,0.0,0.0
17,4.25,R1Z3,249.54430640342798,0.0,0.0,20.61870215285453,62.333249590349105,0.0,0.0,0.0,0.0,0.0,0.0,0.0,0.0,0.0,0.0,0.0,20.32281061049448,0.0,0.0
17,4.25,R1Z4,254.1246986556905,0.0,0.0,18.094819056217176,102.13096776623897,0.0,0.0,0.0,0.0,0.0,0.0,0.0,-0.0,0.0,0.0,0.0,41.391672658556274,238.77678322440795,0.0
17,4.25,R1Z5,277.82902496017397,0.0,0.0,24.189392904033472,7.517370983775557,0.0,0.0,0.0,63.603201298977815,0.0,0.0,0.0,-0.0,0.0,0.0,0.0,22.62630928247216,63.0293681987246,0.0
17,4.25,R1Z6,213.76595608299837,0.0,0.0,28.051392534984586,128.22122599014634,-3.552713678800501e-15,0.0,0.0,31.801600649488908,0.0,0.0,0.0,-0.0,0.0,0.0,0.0,17.4090329010463,0.0,0.0
17,4.25,R1Z7,174.12316983373447,0.0,0.0,21.963842106200737,59.84560914767385,7.105427357601002e-15,0.0,0.0,0.0,0.0,0.0,-0.0,-0.0,0.0,0.0,0.0,14.18053673286028,0.0,0.0
17,4.25,R2Z1,180.30026555622788,0.0,135.0,40.07756805120303,99.20341652169239,-1.4210854715202004e-14,0.0,0.0,63.603201298977815,0.0,0.0,0.0,0.0,80.0,72.05032131391866,284.8280244043885,0.0,0.0,0.0
17,4.25,R2Z2,209.59549290797207,0.0,135.0,10.958288693980442,33.445231660606716,1.7763568394002505e-15,0.0,0.0,31.801600649488908,0.0,0.0,0.0,74.46244800450066,0.0,0.0,0.0,0.0,0.0,0.0
17,4.25,R2Z3,207.48268534388126,0.0,0.0,38.10775494231558,138.82041609094097,-7.105427357601002e-15,0.0,0.0,63.603201298977815,0.0,0.0,0.0,86.97753669168739,0.0,0.0,0.0,0.0,0.0,0.0
17,4.25,R2Z4,111.11787886402742,0.0,0.0,10.276696881308851,128.4934802604549,1.2434497875801753e-14,0.0,0.0,31.801600649488908,0.0,0.0,0.0,86.13350308133622,0.0,0.0,0.0,0.0,0.0,0.0
17,4.25,R2Z5,216.69944012833722,0.0,0.0,35.16978704963191,231.0300264718946,-1.4210854715202004e-14,0.0,0.0,0.0,0.0,0.0,0.0,89.58701690399761,0.0,0.0,0.0,0.0,0.0,0.0
17,4.25,R3Z1,200.08805981104598,0.0,135.0,17.72460010783538,29.079125996872683,0.0,0.0,0.0,31.801600649488908,0.0,0.0,0.0,0.0,0.0,0.0,0.0,0.0,0.0,0.0
17,4.25,R3Z2,145.99022943588824,0.0,0.0,23.65608141459819,56.788979412082625,-7.105427357601002e-15,0.0,0.0,63.603201298977815,0.0,0.0,1.9419673102296144,76.74971940040324,0.0,0.0,0.0,0.0,0.0,0.0
17,4.25,R3Z3,181.9846362479509,0.0,0.0,27.57881912256603,70.27929250234234,-3.552713678800501e-15,0.0,20.523323324064705,63.603201298977815,0.0,0.0,0.0,0.0,0.0,0.0,0.0,0.0,0.0,0.0
17,4.25,R3Z4,135.80328889896595,0.0,0.0,13.189493497775764,43.751525398797554,0.0,0.0,0.0,31.801600649488908,0.0,0.0,24.94111422978159,31.95939361247497,0.0,0.0,0.0,22.119555123122133,0.0,0.0
17,4.25,R3Z5,200.65199711782472,0.0,0.0,4.298008469591906,112.62471534254331,6.217248937900877e-15,0.0,0.0,0.0,0.0,0.0,0.0,0.0,0.0,0.0,0.0,49.02310849902467,34.70616480666479,0.0
17,4.25,R3Z6,231.08888163214127,0.0,0.0,13.826304684366917,91.68961268525301,1.7763568394002505e-15,0.0,0.0,0.0,0.0,0.0,0.0,0.0,0.0,0.0,0.0,18.819806563763258,106.75315769875812,0.0
17,4.25,R3Z7,262.4605314475409,0.0,0.0,18.393780889029273,46.31953106245321,3.552713678800501e-15,0.0,0.0,0.0,0.0,0.0,0.0,-0.0,0.0,0.0,0.0,21.37470395623834,0.0,0.0
17,4.25,R3Z8,267.4595579516248,0.0,0.0,9.9947708692047,98.10369023535227,-5.329070518200751e-15,0.0,0.0,63.603201298977815,0.0,0.0,0.0,-0.0,0.0,0.0,0.0,21.78182311813617,239.0029025647013,0.0
17,4.25,R3Z9,208.5120580586041,0.0,0.0,16.99769889569958,24.196813007615198,3.552713678800501e-15,0.0,0.0,0.0,0.0,0.0,0.0,0.0,0.0,0.0,0.0,33.96231416379236,0.0,0.0
17,4.25,R3Z10,171.3184596225618,0.0,0.0,18.543340670144104,40.53880153320058,3.552713678800501e-15,0.0,0.0,31.801600649488908,0.0,0.0,-0.0,-0.0,0.0,0.0,0.0,41.85636601977557,0.0,0.0
17,4.25,R4Z1,238.9006943822325,0.0,135.0,33.69324310510957,122.33789066964424,-7.105427357601002e-15,0.0,0.0,31.801600649488908,0.0,0.0,45.63499205732221,171.2992968229368,0.0,0.0,0.0,0.0,0.0,0.0
17,4.25,R4Z2,244.6950247698895,0.0,135.0,30.905165681615628,59.056914624888506,7.105427357601002e-15,0.0,0.0,31.801600649488908,0.0,0.0,0.0,170.92453165950727,0.0,0.0,0.0,0.0,0.0,0.0
17,4.25,R4Z3,224.21783807217318,0.0,0.0,15.017691070587517,58.90144475281424,-3.552713678800501e-15,0.0,0.0,31.801600649488908,0.0,0.0,0.0,74.46244800450066,0.0,0.0,0.0,0.0,0.0,0.0
18,4.5,R1Z1,147.42579108850663,0.0,135.0,25.145382967941714,82.78373367606059,7.105427357601002e-15,0.0,0.0,68.61424672711564,0.0,0.0,0.0,77.64636422106419,0.0,0.0,0.0,0.0,0.0,0.0
18,4.5,R1Z2,222.95780568493137,0.0,135.0,12.485403139261585,58.10857263379521,-7.105427357601002e-15,0.0,0.0,0.0,0.0,0.0,17.363829911874546,101.98390240718716,0.0,0.0,0.0,0.0,0.0,0.0
18,4.5,R1Z3,274.67893114297914,0.0,0.0,21.854943395208192,15.795961007786108,3.552713678800501e-15,0.0,0.0,0.0,0.0,0.0,0.0,0.0,0.0,0.0,0.0,22.369766622874693,0.0,0.0
18,4.5,R1Z4,248.36206185053564,0.0,0.0,31.911580775973533,42.950741149090845,-3.552713678800501e-15,0.0,0.0,0.0,0.0,0.0,0.0,-0.0,0.0,0.0,0.0,40.453057964467476,347.7049420781139,0.0
18,4.5,R1Z5,223.91570703618703,0.0,0.0,15.136945375316714,54.58930721551526,-5.329070518200751e-15,0.0,0.0,68.61424672711564,0.0,0.0,0.0,-0.0,0.0,0.0,0.0,18.23562545824882,29.49610068243615,0.0
18,4.5,R1Z6,207.7115418739376,0.0,0.0,12.783808848009187,137.61678764866363,-8.881784197001252e-15,0.0,0.0,34.30712336355782,0.0,0.0,0.0,-0.0,0.0,0.0,0.0,16.915963293081326,0.0,0.0
18,4.5,R1Z7,184.0100522578451,0.0,0.0,20.576667455830197,9.09973559476616,0.0,0.0,0.0,0.0,0.0,0.0,0.0,0.0,0.0,0.0,0.0,14.985721358906577,0.0,0.0
18,4.5,R2Z1,187.46435759958177,0.0,135.0,42.851677753057686,179.79328822855823,0.0,0.0,0.0,68.61424672711564,0.0,0.0,0.0,0.0,80.0,9.617150084673028,300.8088170820436,0.0,0.0,0.0
18,4.5,R2Z2,251.05379994101133,0.0,135.0,9.595947302753892,36.508129257217426,3.552713678800501e-15,0.0,0.0,34.30712336355782,0.0,0.0,0.0,74.35967019803482,0.0,0.0,0.0,0.0,0.0,0.0
18,4.5,R2Z3,221.5624140380502,0.0,0.0,46.52516852765905,143.71393193684247,-1.4210854715202004e-14,0.0,0.0,68.61424672711564,0.0,0.0,0.0,86.85748476386956,0.0,0.0,0.0,0.0,0.0,0.0
18,4.5,R2Z4,117.65499332103273,0.0,0.0,14.82772392417887,55.122547663264896,-3.552713678800501e-15,0.0,0.0,34.30712336355782,0.0,0.0,0.0,86.01461614238701,0.0,0.0,0.0,0.0,0.0,0.0
18,4.5,R2Z5,196.19524030190254,0.0,0.0,45.828490419662245,136.4846739030746,1.4210854715202004e-14,0.0,0.0,0.0,0.0,0.0,0.0,89.46336320563069,0.0,0.0,0.0,0.0,0.0,0.0
18,4.5,R3Z1,209.56459540364472,0.0,135.0,23.981655356011345,50.52572944281903,-3.552713678800501e-15,0.0,0.0,34.30712336355782,0.0,0.0,0.0,0.0,0.0,0.0,0.0,0.0,0.0,0.0
18,4.5,R3Z2,142.99222891784402,0.0,0.0,37.95822510632672,27.799950307773486,-7.105427357601002e-15,0.0,0.0,68.61424672711564,0.0,0.0,0.0,76.64378455648881,0.0,0.0,0.0,0.0,0.0,0.0
18,4.5,R3Z3,157.86709863915377,0.0,0.0,14.597336412211348,152.50127871134922,-8.881784197001252e-15,0.0,0.0,68.61424672711564,0.0,0.0,0.0,0.0,0.0,0.0,0.0,0.0,0.0,0.0
18,4.5,R3Z4,155.51180496762905,0.0,0.0,16.233491119594092,107.16712379815299,0.0,0.0,0.0,34.30712336355782,0.0,27.525599260403,0.0,38.583766805804615,0.0,0.0,0.0,25.329665946727165,0.0,0.0
18,4.5,R3Z5,181.2463404792508,0.0,0.0,17.444383942874936,111.91525822713177,0.0,0.0,0.0,0.0,0.0,0.0,0.0,0.0,0.0,0.0,0.0,44.28193659666379,0.0,0.0
18,4.5,R3Z6,220.62857783085693,0.0,0.0,41.195769471761615,51.171785279311884,7.105427357601002e-15,0.0,0.0,0.0,0.0,0.0,0.0,0.0,0.0,0.0,0.0,17.967922679311638,0.0,0.0
18,4.5,R3Z7,212.02748893361738,0.0,0.0,18.106359126150707,77.68184171250778,-3.552713678800501e-15,0.0,0.0,0.0,0.0,0.0,0.0,-0.0,0.0,0.0,0.0,17.267452677723877,0.0,0.0
18,4.5,R3Z8,233.89942200687145,0.0,0.0,9.62224169855088,88.18447019827562,-7.105427357601002e-15,0.0,0.0,68.61424672711564,0.0,0.0,0.0,-0.0,0.0,0.0,0.0,19.04869609673641,0.0,0.0
18,4.5,R3Z9,203.3090674474285,0.0,0.0,23.346890584847756,45.87858480018022,3.552713678800501e-15,0.0,0.0,0.0,0.0,0.0,0.0,0.0,0.0,0.0,0.0,33.114854293254105,0.0,0.0
18,4.5,R3Z10,164.4488614117322,0.0,0.0,9.39306334449222,64.95676572077711,-3.552713678800501e-15,0.0,0.0,34.30712336355782,0.0,0.0,0.0,0.0,0.0,0.0,0.0,40.17799220206345,198.60285121994576,0.0
18,4.5,R4Z1,257.22504759241104,0.0,135.0,26.924956103509345,186.02524523652912,-1.0658141036401503e-14,0.0,0.0,34.30712336355782,0.0,0.0,0.0,171.06285863901437,0.0,0.0,0.0,0.0,0.0,0.0
18,4.5,R4Z2,254.25472852462897,0.0,135.0,26.511876694670818,67.92463609217957,3.552713678800501e-15,0.0,0.0,34.30712336355782,0.0,0.0,0.0,170.68861075029807,0.0,0.0,0.0,0.0,0.0,0.0
18,4.5,R4Z3,213.49825046674945,0.0,0.0,14.92510258360221,113.39098927201658,-1.0658141036401503e-14,0.0,0.0,34.30712336355782,0.0,0.0,0.0,74.35967019803482,0.0,0.0,0.0,0.0,0.0,0.0
19,4.75,R1Z1,160.7155278593066,0.0,135.0,25.683013338072687,0.0,0.0,0.0,0.0,78.84491161104148,0.0,0.0,0.0,77.53919177094265,0.0,0.0,0.0,0.0,0.0,0.0
19,4.75,R1Z2,219.9534197084507,0.0,135.0,8.63410972455197,36.67840245766955,-1.7763568394002505e-15,0.0,0.0,0.0,0.0,0.0,39.64090752622917,91.61649293305325,0.0,0.0,0.0,0.0,0.0,0.0
19,4.75,R1Z3,245.63672934501292,0.0,0.0,27.39958374562167,41.06408676452325,0.0,0.0,0.0,0.0,0.0,0.0,0.0,0.0,0.0,0.0,0.0,20.00457875159685,157.16848008327116,0.0
19,4.75,R1Z4,267.94327042871,0.0,0.0,47.57311342809258,67.1403346743734,0.0,0.0,0.0,0.0,0.0,0.0,0.0,-0.0,0.0,0.0,0.0,43.6424330233036,109.58738930294035,0.0
19,4.75,R1Z5,254.8793575282522,0.0,0.0,26.502570949939077,32.1469542642176,0.0,0.0,0.0,78.84491161104148,0.0,0.0,0.0,0.0,0.0,0.0,0.0,20.757295512874197,0.0,0.0
19,4.75,R1Z6,227.03236617248936,0.0,0.0,23.929611545728022,133.4867034568771,-3.552713678800501e-15,0.0,0.0,39.42245580552074,0.0,0.0,0.0,0.0,0.0,0.0,0.0,18.489445207845275,0.0,0.0
19,4.75,R1Z7,199.28308872840336,0.0,0.0,19.383536223271232,22.824479141672388,-3.552713678800501e-15,0.0,0.0,0.0,0.0,0.0,-0.0,0.0,0.0,0.0,0.0,16.2295526933572,65.89802787027836,0.0
19,4.75,R2Z1,226.49599024234024,0.0,135.0,31.798205384135144,178.97296711141118,1.0658141036401503e-14,0.0,0.0,78.84491161104148,0.0,0.0,0.0,0.0,0.0,80.0,279.2648647358011,0.0,0.0,0.0
19,4.75,R2Z2,178.26397948623259,0.0,135.0,12.075066977440983,46.61965944746464,-3.552713678800501e-15,0.0,0.0,39.42245580552074,0.0,0.0,0.0,74.25703425203402,0.0,0.0,0.0,0.0,0.0,0.0
19,4.75,R2Z3,204.3807229600218,0.0,0.0,36.018425564534226,46.27938372452945,0.0,0.0,0.0,78.84491161104148,0.0,0.0,0.0,86.7375985393577,0.0,0.0,0.0,0.0,0.0,0.0
19,4.75,R2Z4,123.67995561709026,0.0,0.0,9.990928060354566,30.67304710961238,1.7763568394002505e-15,0.0,0.0,39.42245580552074,0.0,0.0,0.0,85.89589329875203,0.0,0.0,0.0,0.0,0.0,0.0
19,4.75,R2Z5,204.30853576215458,0.0,0.0,33.50923052926825,76.38365847819384,0.0,0.0,0.0,0.0,0.0,0.0,16.147859101170027,85.17402148422194,0.0,0.0,0.0,0.0,0.0,0.0
19,4.75,R3Z1,233.09888501710486,0.0,135.0,14.446877563415711,74.78901124821797,3.552713678800501e-15,0.0,0.0,39.42245580552074,0.0,0.0,0.0,0.0,0.0,0.0,0.0,0.0,0.0,0.0
19,4.75,R3Z2,133.70968475731107,0.0,0.0,40.380843701692676,34.73606277986634,0.0,0.0,0.0,78.84491161104148,0.0,0.0,0.0,76.53799593058329,0.0,0.0,0.0,0.0,0.0,0.0
19,4.75,R3Z3,156.09780381639175,0.0,0.0,28.204590427054313,85.51104883145936,3.552713678800501e-15,0.0,0.0,78.84491161104148,0.0,0.0,0.0,0.0,0.0,0.0,0.0,0.0,0.0,0.0
19,4.75,R3Z4,166.34927596757404,0.0,0.0,15.377345905860679,127.49533157165045,3.552713678800501e-15,0.0,0.0,39.42245580552074,0.0,43.040723789521735,0.0,48.957766163008,0.0,0.0,0.0,27.094866474063924,0.0,0.0
19,4.75,R3Z5,201.97201975163654,0.0,0.0,18.886514154223107,95.3134066092751,3.552713678800501e-15,0.0,0.0,0.0,0.0,0.0,0.0,0.0,0.0,0.0,0.0,49.34561519583331,0.0,0.0
19,4.75,R3Z6,194.82926433942532,0.0,0.0,42.25619880961007,73.60545815300105,0.0,0.0,0.0,0.0,0.0,0.0,0.0,0.0,0.0,0.0,0.0,15.866834621948783,0.0,0.0
19,4.75,R3Z7,224.6507240073611,0.0,0.0,25.161659357526197,36.32517991642918,0.0,0.0,0.0,0.0,0.0,0.0,0.0,0.0,0.0,0.0,0.0,18.29548501151196,181.08050358077224,0.0
19,4.75,R3Z8,231.93838239175614,0.0,0.0,8.21427610094429,167.04138356785236,-8.881784197001252e-15,0.0,0.0,78.84491161104148,0.0,0.0,0.0,0.0,0.0,0.0,0.0,18.888989641109106,0.0,0.0
19,4.75,R3Z9,237.57581034890592,0.0,0.0,22.794907652910908,36.44223689903296,0.0,0.0,0.0,0.0,0.0,0.0,0.0,0.0,0.0,0.0,0.0,38.69620003711889,0.0,0.0
19,4.75,R3Z10,177.49710849812493,0.0,0.0,21.981961512696806,53.3539352109912,0.0,0.0,0.0,39.42245580552074,0.0,0.0,-0.0,-0.0,0.0,0.0,0.0,43.36592774133793,0.0,0.0
19,4.75,R4Z1,215.32702348636954,0.0,135.0,28.65187465383815,158.4573506298527,-3.552713678800501e-15,0.0,0.0,39.42245580552074,0.0,0.0,2.7669711193776396,170.1129177655901,0.0,0.0,0.0,0.0,0.0,0.0
19,4.75,R4Z2,290.09142260931094,0.0,135.0,29.93457115316911,42.470386723690304,-7.105427357601002e-15,0.0,0.0,39.42245580552074,0.0,0.0,0.0,170.45301547413203,0.0,0.0,0.0,0.0,0.0,0.0
19,4.75,R4Z3,196.08873343326596,0.0,0.0,15.890013233756292,109.82300502053796,-5.329070518200751e-15,0.0,0.0,39.42245580552074,0.0,0.0,0.0,74.25703425203402,0.0,0.0,0.0,0.0,0.0,0.0
20,5.0,R1Z1,151.1397568212531,0.0,135.0,24.624748218043067,143.57002110130068,-7.105427357601002e-15,0.0,0.0,101.9644632166115,0.0,0.0,0.0,77.43216724705283,0.0,0.0,0.0,0.0,0.0,0.0
20,5.0,R1Z2,219.0665591865769,0.0,135.0,10.019122160986782,126.41118590356781,8.881784197001252e-15,0.0,0.0,0.0,0.0,45.0,0.0,102.39195693490024,0.0,0.0,0.0,0.0,0.0,0.0
20,5.0,R1Z3,258.0631694548261,0.0,0.0,19.088013610832874,49.810721168545356,3.552713678800501e-15,0.0,0.0,0.0,0.0,0.0,0.0,0.0,0.0,0.0,0.0,21.016584164800364,0.0,0.0
20,5.0,R1Z4,278.3757264358151,0.0,0.0,31.26781650907185,89.33401055490432,3.552713678800501e-15,0.0,0.0,0.0,0.0,0.0,0.0,-0.0,0.0,0.0,0.0,45.3416649608334,0.0,0.0
20,5.0,R1Z5,210.22186563629842,0.0,0.0,26.444957636713767,43.60945781206415,0.0,0.0,0.0,101.9644632166115,0.0,0.0,-0.0,-0.0,0.0,0.0,0.0,17.12040327862444,0.0,0.0
20,5.0,R1Z6,213.91470901231423,0.0,0.0,39.01682820767486,127.64252745896842,0.0,0.0,0.0,50.98223160830575,0.0,0.0,-0.0,0.0,0.0,0.0,0.0,17.42114729329116,211.6314551638789,0.0
20,5.0,R1Z7,194.3167895542743,0.0,0.0,18.423877722252698,45.67173274461179,-7.105427357601002e-15,0.0,0.0,0.0,0.0,0.0,-0.0,0.0,0.0,0.0,0.0,15.825098835020267,0.0,0.0
20,5.0,R2Z1,195.17918106526093,0.0,135.0,42.23708533623952,209.77431586529,-7.105427357601002e-15,0.0,0.0,101.9644632166115,0.0,0.0,0.0,0.0,80.0,0.0,297.8252050730356,0.0,0.0,0.0
20,5.0,R2Z2,257.58512759786436,0.0,135.0,8.736302848833233,64.3185055730206,5.329070518200751e-15,0.0,0.0,50.98223160830575,0.0,45.0,0.0,85.05645888279506,0.0,0.0,0.0,0.0,0.0,0.0
20,5.0,R2Z3,200.90172881669997,0.0,0.0,51.609409410502806,33.87466207408174,0.0,0.0,0.0,101.9644632166115,0.0,45.0,0.0,97.51979670153919,0.0,0.0,0.0,0.0,0.0,0.0
20,5.0,R2Z4,124.85807121883421,0.0,0.0,9.441669693945713,108.99725787491596,0.0,0.0,0.0,50.98223160830575,0.0,45.0,0.0,96.67925323603814,0.0,0.0,0.0,0.0,0.0,0.0
20,5.0,R2Z5,189.9329710383942,0.0,0.0,41.33410062738989,165.8253332745988,-1.4210854715202004e-14,0.0,0.0,0.0,0.0,0.0,0.0,85.05645888279506,0.0,0.0,0.0,0.0,0.0,0.0
20,5.0,R3Z1,216.94717994664626,0.0,135.0,26.369727768708856,127.11768497646511,7.105427357601002e-15,0.0,0.0,50.98223160830575,0.0,0.0,0.0,0.0,0.0,0.0,0.0,0.0,0.0,0.0
20,5.0,R3Z2,160.9086153475008,0.0,0.0,28.9113171864484,27.432241091588658,0.0,0.0,0.0,101.9644632166115,0.0,45.0,0.0,87.33427223296894,0.0,0.0,0.0,0.0,0.0,0.0
20,5.0,R3Z3,172.90476750651226,0.0,0.0,35.76746945243465,166.0962784473066,-7.105427357601002e-15,0.0,0.0,101.9644632166115,0.0,0.0,0.0,0.0,0.0,0.0,0.0,0.0,0.0,0.0
20,5.0,R3Z4,159.5304347619844,0.0,0.0,23.448099950496058,83.72054884724803,-7.105427357601002e-15,0.0,0.0,50.98223160830575,0.0,24.678546160401652,0.0,54.86893618736194,0.0,0.0,0.0,25.98421786499327,0.0,0.0
20,5.0,R3Z5,186.77591500473616,0.0,0.0,26.690964565966112,114.52591601077233,-1.0658141036401503e-14,0.0,0.0,0.0,0.0,0.0,0.0,0.0,0.0,0.0,0.0,45.632917079340636,0.0,0.0
20,5.0,R3Z6,215.92581585210837,0.0,0.0,35.74718626805296,110.9639728460647,1.4210854715202004e-14,0.0,0.0,0.0,0.0,0.0,0.0,0.0,0.0,0.0,0.0,17.584931208106394,0.0,0.0
20,5.0,R3Z7,200.44920649516146,0.0,0.0,26.097878134534554,61.304225835062255,-3.552713678800501e-15,0.0,0.0,0.0,0.0,0.0,-0.0,0.0,0.0,0.0,0.0,16.32452096117672,0.0,0.0
20,5.0,R3Z8,207.47710024409275,0.0,0.0,9.49728171765176,126.61044686383485,-1.7763568394002505e-15,0.0,0.0,101.9644632166115,0.0,0.0,-0.0,-0.0,0.0,0.0,0.0,16.8968704397471,43.98100407221531,0.0
20,5.0,R3Z9,206.89460888224065,0.0,0.0,29.870874372545885,25.703822903210536,3.552713678800501e-15,0.0,0.0,0.0,0.0,0.0,0.0,0.0,0.0,0.0,0.0,33.69886504922756,0.0,0.0
20,5.0,R3Z10,167.48759032516446,0.0,0.0,24.641978727819605,42.164087816479196,-7.105427357601002e-15,0.0,0.0,50.98223160830575,0.0,0.0,0.0,0.0,0.0,0.0,0.0,40.920411611598844,0.0,0.0
20,5.0,R4Z1,237.01810543366912,0.0,135.0,31.57603456656895,229.58756881142833,2.1316282072803006e-14,0.0,0.0,50.98223160830575,0.0,90.0,0.0,191.68195492169832,0.0,0.0,0.0,0.0,0.0,0.0
20,5.0,R4Z2,203.23935475641778,0.0,135.0,34.95493258105644,61.90643331675909,0.0,0.0,0.0,50.98223160830575,0.0,89.69169703631823,0.0,191.94689222996598,0.0,0.0,0.0,0.0,0.0,0.0
20,5.0,R4Z3,220.69420908672345,0.0,0.0,21.37996917803943,78.76414904267831,-3.552713678800501e-15,0.0,0.0,50.98223160830575,0.0,45.0,0.0,85.05645888279506,0.0,0.0,0.0,0.0,0.0,0.0
21,5.25,R1Z1,150.15367804934382,0.0,135.0,29.47091288636736,106.01443635038322,-7.105427357601002e-15,0.0,0.0,99.01722193814237,0.0,0.0,0.0,77.32529044521752,0.0,0.0,0.0,0.0,0.0,0.0
21,5.25,R1Z2,213.7408214903417,0.0,135.0,17.047625991459753,57.53301794636231,3.552713678800501e-15,0.0,0.0,0.0,0.0,0.0,4.160177552519656,101.17737767773656,0.0,0.0,0.0,0.0,0.0,0.0
21,5.25,R1Z3,278.35365801886337,0.0,0.0,15.277493473615039,54.36657889709588,5.329070518200751e-15,0.0,0.0,0.0,0.0,0.0,0.0,0.0,0.0,0.0,0.0,22.669035235411805,0.0,0.0
21,5.25,R1Z4,239.8093574233143,0.0,0.0,42.57648094873042,127.66405956417739,-7.105427357601002e-15,0.0,0.0,0.0,0.0,0.0,0.0,-0.0,0.0,0.0,0.0,39.059998793636645,0.0,0.0
21,5.25,R1Z5,231.4975300040918,0.0,0.0,30.479304193497455,35.841466548291805,-3.552713678800501e-15,0.0,0.0,99.01722193814237,0.0,0.0,0.0,-0.0,0.0,0.0,0.0,18.85308675993015,0.0,0.0
21,5.25,R1Z6,216.34898119798945,0.0,0.0,27.06044096126284,98.62848431684068,-3.552713678800501e-15,0.0,0.0,49.508610969071185,0.0,0.0,-0.0,-0.0,0.0,0.0,0.0,17.619393662109903,0.0,0.0
21,5.25,R1Z7,197.5551049045996,0.0,0.0,13.658284412708355,49.356572516265715,-1.7763568394002505e-15,0.0,0.0,0.0,0.0,0.0,-0.0,0.0,0.0,0.0,0.0,16.088826228805495,222.56002398274313,0.0
21,5.25,R2Z1,191.54872957573954,0.0,135.0,50.387524389136814,203.56497432316735,7.105427357601002e-15,0.0,0.0,99.01722193814237,0.0,0.0,0.0,0.0,80.0,0.0,316.3792702709785,0.0,0.0,0.0
21,5.25,R2Z2,233.8476122651832,0.0,135.0,11.029956365964225,56.76391584146374,0.0,0.0,0.0,49.508610969071185,0.0,45.0,0.0,95.84097746084916,0.0,0.0,0.0,0.0,0.0,0.0
21,5.25,R2Z3,200.46642120123948,0.0,0.0,53.912365489947405,112.30622333609733,0.0,0.0,0.0,99.01722193814237,0.0,38.079879620239325,0.0,106.61061056047829,0.0,0.0,0.0,0.0,0.0,0.0
21,5.25,R2Z4,116.511376175928,0.0,0.0,16.145964916766133,125.30949398612148,-7.105427357601002e-15,0.0,0.0,49.508610969071185,0.0,31.584510849369465,0.0,104.19762762998774,0.0,0.0,0.0,0.0,0.0,0.0
21,5.25,R2Z5,193.40610329000586,0.0,0.0,38.81360375797655,146.9842451214726,0.0,0.0,0.0,0.0,0.0,45.0,0.0,95.84097746084916,0.0,0.0,0.0,0.0,0.0,0.0
21,5.25,R3Z1,237.87455711872406,0.0,135.0,25.209948467435737,55.931891687254534,3.552713678800501e-15,0.0,0.0,49.508610969071185,0.0,0.0,0.0,0.0,0.0,0.0,0.0,0.0,0.0,0.0
21,5.25,R3Z2,189.54932328149906,0.0,0.0,36.33517220092162,69.30174938139083,7.105427357601002e-15,0.0,0.0,99.01722193814237,0.0,45.0,0.0,98.1156468281707,0.0,0.0,0.0,0.0,0.0,0.0
21,5.25,R3Z3,107.36614792409192,0.0,0.0,42.88305376173912,96.63648538018725,7.105427357601002e-15,0.0,0.0,99.01722193814237,0.0,0.0,0.0,0.0,0.0,0.0,0.0,0.0,0.0,0.0
21,5.25,R3Z4,177.14213241683765,0.0,0.0,14.749442107732193,91.98814153185573,1.7763568394002505e-15,0.0,0.0,49.508610969071185,0.0,7.956862402991305,0.0,56.720870785635555,0.0,0.0,0.0,28.852800211169818,0.0,0.0
21,5.25,R3Z5,198.2339809794095,0.0,0.0,32.56161421334545,110.02936536460385,-7.105427357601002e-15,0.0,0.0,0.0,0.0,0.0,0.0,0.0,0.0,0.0,0.0,48.4323410548496,0.0,0.0
21,5.25,R3Z6,225.0304576424339,0.0,0.0,60.32194055924603,69.92699666277062,0.0,0.0,0.0,0.0,0.0,0.0,0.0,0.0,0.0,0.0,0.0,18.32641040051099,0.0,0.0
21,5.25,R3Z7,224.21829714184437,0.0,0.0,38.24629264477498,60.92275713748005,0.0,0.0,0.0,0.0,0.0,0.0,-0.0,0.0,0.0,0.0,0.0,18.260268302233175,0.0,0.0
21,5.25,R3Z8,235.60004567399298,0.0,0.0,9.101456468289086,168.52456712879865,8.881784197001252e-15,0.0,0.0,99.01722193814237,0.0,0.0,0.0,0.0,0.0,0.0,0.0,19.187194358647307,0.0,0.0
21,5.25,R3Z9,216.56040900705398,0.0,0.0,43.17711073391791,36.255967516709994,0.0,0.0,0.0,0.0,0.0,0.0,0.0,0.0,0.0,0.0,0.0,35.273224554091634,0.0,0.0
21,5.25,R3Z10,172.34680962481275,0.0,0.0,35.74733243956405,47.80683270878026,-7.105427357601002e-15,0.0,0.0,49.508610969071185,0.0,0.0,-0.0,-0.0,0.0,0.0,0.0,42.10761153170396,45.97561523549412,0.0
21,5.25,R4Z1,267.93340748557034,0.0,135.0,37.91676878853144,197.0322125626096,7.105427357601002e-15,0.0,0.0,49.508610969071185,0.0,90.0,0.0,213.22122112095659,0.0,0.0,0.0,0.0,0.0,0.0
21,5.25,R4Z2,265.8494883246288,0.0,135.0,31.599737035734158,41.316957623498844,0.0,0.0,0.0,49.508610969071185,0.0,0.0,0.0,191.68195492169832,0.0,0.0,0.0,0.0,0.0,0.0
21,5.25,R4Z3,191.97790859962194,0.0,0.0,19.290071499407546,109.10527889176011,3.552713678800501e-15,0.0,0.0,49.508610969071185,0.0,45.0,0.0,95.84097746084916,0.0,0.0,0.0,0.0,0.0,0.0
22,5.5,R1Z1,167.59736608672264,0.0,135.0,27.476936239094613,102.45201505632329,-7.105427357601002e-15,0.0,0.0,116.00376248819802,0.0,0.0,0.0,77.21856116154134,0.0,0.0,0.0,0.0,0.0,0.0
22,5.5,R1Z2,213.08010404009195,0.0,135.0,11.57943452728663,49.32760291609477,1.7763568394002505e-15,0.0,0.0,0.0,0.0,0.0,17.173066596710527,96.60738233980464,0.0,0.0,0.0,0.0,0.0,0.0
22,5.5,R1Z3,239.97892459413742,0.0,0.0,17.733507640548645,41.0822953693847,0.0,0.0,0.0,0.0,0.0,0.0,0.0,0.0,0.0,0.0,0.0,19.543808894410404,0.0,0.0
22,5.5,R1Z4,248.87575391893898,0.0,0.0,19.14495214795693,95.0422557230232,0.0,0.0,0.0,0.0,0.0,0.0,0.0,-0.0,0.0,0.0,0.0,40.53672780866257,212.64470910133298,0.0
22,5.5,R1Z5,229.51773860268113,0.0,0.0,20.18010270428759,66.58582606034398,3.552713678800501e-15,0.0,0.0,116.00376248819802,0.0,0.0,0.0,-0.0,0.0,0.0,0.0,18.691853164665876,0.0,0.0
22,5.5,R1Z6,192.7785690403275,0.0,0.0,29.740593453788577,79.34942331012034,0.0,0.0,0.0,58.00188124409901,0.0,0.0,0.0,-0.0,0.0,0.0,0.0,15.699826635334894,0.0,0.0
22,5.5,R1Z7,201.1295003647225,0.0,0.0,20.3141462677887,42.325622478254786,0.0,0.0,0.0,0.0,0.0,0.0,-0.0,0.0,0.0,0.0,0.0,16.379923882084153,0.0,0.0
22,5.5,R2Z1,193.8821548864813,0.0,135.0,46.668351884896595,117.67882433065913,0.0,0.0,0.0,116.00376248819802,0.0,0.0,0.0,0.0,80.0,0.0,334.9270624512166,0.0,0.0,0.0
22,5.5,R2Z2,252.09894470556785,0.0,135.0,17.013902655658697,71.4473695947144,-3.552713678800501e-15,0.0,0.0,58.00188124409901,0.0,45.0,0.0,106.61061056047829,0.0,0.0,0.0,0.0,0.0,0.0
22,5.5,R2Z3,157.86687991407584,0.0,0.0,41.19694048779181,95.92448560971437,7.105427357601002e-15,0.0,0.0,116.00376248819802,0.0,0.6073961454855975,0.0,106.61061056047829,0.0,0.0,0.0,0.0,0.0,0.0
22,5.5,R2Z4,130.64972831167526,0.0,0.0,12.366576803442687,4.899735447590667,1.7763568394002505e-15,0.0,0.0,58.00188124409901,0.0,10.553751267338498,0.0,106.61061056047829,0.0,0.0,0.0,0.0,0.0,0.0
22,5.5,R2Z5,182.62329116004375,0.0,0.0,51.09170315878933,77.85673461547864,1.4210854715202004e-14,0.0,0.0,0.0,0.0,45.0,0.0,106.61061056047829,0.0,0.0,0.0,0.0,0.0,0.0
22,5.5,R3Z1,257.545967045368,0.0,135.0,57.21668994130748,113.85321582255706,0.0,0.0,0.0,58.00188124409901,0.0,0.0,0.0,0.0,0.0,0.0,0.0,0.0,0.0,0.0
22,5.5,R3Z2,178.51375054854645,0.0,0.0,51.9022438273476,24.176164073791746,7.105427357601002e-15,0.0,0.0,116.00376248819802,0.0,35.62377564868196,0.0,106.61061056047829,0.0,0.0,0.0,0.0,0.0,0.0
22,5.5,R3Z3,145.94160977584386,0.0,0.0,42.14911013959522,130.1192728967472,7.105427357601002e-15,0.0,0.0,116.00376248819802,0.0,0.0,0.0,0.0,0.0,0.0,0.0,0.0,0.0,0.0
22,5.5,R3Z4,194.51226158783845,0.0,0.0,26.726768962620554,84.97920872256398,3.552713678800501e-15,0.0,0.0,58.00188124409901,0.0,6.877633374580597,0.0,58.30878995143296,0.0,0.0,0.0,31.682036033135464,0.0,0.0
22,5.5,R3Z5,212.31965867293337,0.0,0.0,27.228764375565582,38.432759782760606,0.0,0.0,0.0,0.0,0.0,0.0,0.0,0.0,0.0,0.0,0.0,51.87374067095424,0.0,0.0
22,5.5,R3Z6,219.0463774806971,0.0,0.0,49.02743855197042,153.63962114450078,-7.105427357601002e-15,0.0,0.0,0.0,0.0,0.0,0.0,0.0,0.0,0.0,0.0,17.8390687754595,0.0,0.0
22,5.5,R3Z7,177.53950563745477,0.0,0.0,26.14033161035647,68.96833322370625,-3.552713678800501e-15,0.0,0.0,0.0,0.0,0.0,-0.0,-0.0,0.0,0.0,0.0,14.458762056938061,0.0,0.0
22,5.5,R3Z8,254.07494488820538,0.0,0.0,12.879424855608193,130.16251571910993,-5.329070518200751e-15,0.0,0.0,116.00376248819802,0.0,0.0,-0.0,-0.0,0.0,0.0,0.0,20.691784397946453,11.462733126917328,0.0
22,5.5,R3Z9,207.73531050074465,0.0,0.0,31.75066231650355,53.72305828451984,-3.552713678800501e-15,0.0,0.0,0.0,0.0,0.0,0.0,0.0,0.0,0.0,0.0,33.835798005294855,0.0,0.0
22,5.5,R3Z10,185.61084490512724,0.0,0.0,59.57475722713149,52.00390784015837,0.0,0.0,0.0,58.00188124409901,0.0,0.0,0.0,-0.0,0.0,0.0,0.0,45.34826824094129,0.0,0.0
22,5.5,R4Z1,265.4930018068167,0.0,135.0,43.54149844450478,155.39692022652724,7.105427357601002e-15,0.0,0.0,58.00188124409901,0.0,1.214792290971195,0.0,213.22122112095659,0.0,0.0,0.0,0.0,0.0,0.0
22,5.5,R4Z2,237.30395058803458,0.0,135.0,48.68151278246731,69.83646815034498,7.105427357601002e-15,0.0,0.0,58.00188124409901,0.0,90.0,0.0,213.22122112095659,0.0,0.0,0.0,0.0,0.0,0.0
22,5.5,R4Z3,193.4802939593085,0.0,0.0,21.19781561582235,97.060096790844,0.0,0.0,0.0,58.00188124409901,0.0,45.0,0.0,106.61061056047829,0.0,0.0,0.0,0.0,0.0,0.0
23,5.75,R1Z1,139.29206694996765,0.0,135.0,24.883576005558098,195.94668210304224,1.0658141036401503e-14,0.0,0.0,101.01975388100566,0.0,0.0,0.0,77.11197919241037,0.0,0.0,0.0,0.0,0.0,0.0
23,5.75,R1Z2,193.04401485542232,0.0,135.0,15.022688704307484,114.8299622719442,0.0,0.0,0.0,0.0,0.0,41.84086654866551,0.0,106.61061056047829,0.0,0.0,0.0,0.0,0.0,0.0
23,5.75,R1Z3,252.78297769988998,0.0,0.0,19.41983406111639,43.21291787933788,0.0,0.0,0.0,0.0,0.0,0.0,0.0,0.0,0.0,0.0,0.0,20.586566992422245,169.56365876701346,0.0
23,5.75,R1Z4,290.9166480130346,0.0,0.0,33.48426739997845,76.90112407505465,0.0,0.0,0.0,0.0,0.0,0.0,0.0,-0.0,0.0,0.0,0.0,47.384322457357186,0.0,0.0
23,5.75,R1Z5,241.90400470445374,0.0,0.0,27.46530835664695,32.16162528996281,3.552713678800501e-15,0.0,0.0,101.01975388100566,0.0,0.0,0.0,0.0,0.0,0.0,0.0,19.70058681916393,0.0,0.0
23,5.75,R1Z6,230.14378245979435,0.0,0.0,30.86022639027337,159.2929212498153,7.105427357601002e-15,0.0,0.0,50.50987694050283,0.0,0.0,0.0,-0.0,0.0,0.0,0.0,18.742837981451906,73.08143602558785,0.0
23,5.75,R1Z7,176.81805273320367,0.0,0.0,26.65566045215268,44.84326528794899,7.105427357601002e-15,0.0,0.0,0.0,0.0,0.0,-0.0,0.0,0.0,0.0,0.0,14.400007157061554,0.0,0.0
23,5.75,R2Z1,212.92339647642228,0.0,135.0,51.348068272572355,40.58733254686798,-7.105427357601002e-15,0.0,0.0,101.01975388100566,0.0,0.0,0.0,0.0,0.0,80.0,313.371574931686,0.0,0.0,0.0
23,5.75,R2Z2,271.15675645704073,0.0,135.0,14.508487767963373,47.12451039616539,-3.552713678800501e-15,0.0,0.0,50.50987694050283,0.0,0.0,0.0,106.4634598154648,0.0,0.0,0.0,0.0,0.0,0.0
23,5.75,R2Z3,224.2359734124764,0.0,0.0,57.36450475450401,18.36055223642545,-7.105427357601002e-15,0.0,0.0,101.01975388100566,0.0,0.0,0.0,106.4634598154648,0.0,0.0,0.0,0.0,0.0,0.0
23,5.75,R2Z4,122.23406414628496,0.0,0.0,14.329587604745925,48.362428479058494,-1.7763568394002505e-15,0.0,0.0,50.50987694050283,0.0,0.0,0.0,106.4634598154648,0.0,0.0,0.0,0.0,0.0,0.0
23,5.75,R2Z5,219.7224189980565,0.0,0.0,46.961708071205805,75.52208312139709,0.0,0.0,0.0,0.0,0.0,0.0,0.0,106.4634598154648,0.0,0.0,0.0,0.0,0.0,0.0
23,5.75,R3Z1,252.56739951448716,0.0,135.0,22.521939393611447,89.26748835560183,0.0,0.0,0.0,50.50987694050283,0.0,0.0,0.0,0.0,0.0,0.0,0.0,0.0,0.0,0.0
23,5.75,R3Z2,131.03755892775231,0.0,0.0,64.80260269902394,44.35977945952885,0.0,0.0,0.0,101.01975388100566,0.0,0.0,0.0,106.4634598154648,0.0,0.0,0.0,0.0,0.0,0.0
23,5.75,R3Z3,167.65038876003723,0.0,0.0,47.657137935218884,85.40674450970147,7.105427357601002e-15,0.0,0.0,101.01975388100566,0.0,0.0,0.0,0.0,0.0,0.0,0.0,0.0,0.0,0.0
23,5.75,R3Z4,187.46655832556317,0.0,0.0,32.78700198509907,139.914125560478,7.105427357601002e-15,0.0,0.0,50.50987694050283,0.0,45.0,0.0,69.13022736326855,0.0,0.0,0.0,9.25555383948327,0.0,0.0
23,5.75,R3Z5,204.94420881786124,0.0,0.0,27.60317385608497,41.69983097362995,-7.105427357601002e-15,0.0,0.0,0.0,0.0,0.0,0.0,0.0,0.0,0.0,0.0,50.0717776520564,0.0,0.0
23,5.75,R3Z6,220.66886949264958,0.0,0.0,40.915980948062476,47.945305091547105,-7.105427357601002e-15,0.0,0.0,0.0,0.0,0.0,0.0,0.0,0.0,0.0,0.0,17.971204019702032,0.0,0.0
23,5.75,R3Z7,188.42886547373257,0.0,0.0,30.472159051724685,5.148286654360414,3.552713678800501e-15,0.0,0.0,0.0,0.0,0.0,0.0,-0.0,0.0,0.0,0.0,15.34558813128026,0.0,0.0
23,5.75,R3Z8,246.06808611381965,0.0,0.0,12.712185897768336,162.5889642626213,8.881784197001252e-15,0.0,0.0,101.01975388100566,0.0,0.0,0.0,-0.0,0.0,0.0,0.0,20.03970831253278,0.0,0.0
23,5.75,R3Z9,200.12946107622003,0.0,0.0,33.315135472774976,37.29105413602546,0.0,0.0,0.0,0.0,0.0,0.0,0.0,0.0,0.0,0.0,0.0,32.59696198764065,199.81295095405815,0.0
23,5.75,R3Z10,160.61911389379688,0.0,0.0,44.48148247144729,26.795644160734984,-7.105427357601002e-15,0.0,0.0,50.50987694050283,0.0,0.0,0.0,-0.0,0.0,0.0,0.0,39.24231186599699,0.0,0.0
23,5.75,R4Z1,288.5225534871014,0.0,135.0,33.55869119103096,171.97495156897423,-7.105427357601002e-15,0.0,0.0,50.50987694050283,0.0,0.0,50.800457110098534,199.82131072169872,0.0,0.0,0.0,0.0,0.0,0.0
23,5.75,R4Z2,272.80654650099535,0.0,135.0,38.56782223779132,37.03348801870777,7.105427357601002e-15,0.0,0.0,50.50987694050283,0.0,0.0,0.0,212.9269196309296,0.0,0.0,0.0,0.0,0.0,0.0
23,5.75,R4Z3,194.12146787735827,0.0,0.0,19.97218377739165,104.3503805471262,0.0,0.0,0.0,50.50987694050283,0.0,0.0,0.0,106.4634598154648,0.0,0.0,0.0,0.0,0.0,0.0
24,6.0,R1Z1,154.62399106755535,0.0,135.0,28.832524642977177,207.17823148300548,-1.4210854715202004e-14,0.0,0.0,113.20276760853106,0.0,0.0,0.0,77.00554433449169,0.0,0.0,0.0,0.0,0.0,0.0
24,6.0,R1Z2,224.06589794445077,0.0,135.0,11.270784168453588,120.20290073847127,0.0,0.0,0.0,0.0,0.0,0.6073961454855975,0.0,106.61061056047829,0.0,0.0,0.0,0.0,0.0,0.0
24,6.0,R1Z3,241.37814767967893,0.0,0.0,22.267947797733363,47.230465312657195,0.0,0.0,0.0,0.0,0.0,0.0,0.0,0.0,0.0,0.0,0.0,19.65776118680741,0.0,0.0
24,6.0,R1Z4,258.9498754397809,0.0,0.0,35.56171685744547,47.17701854802126,0.0,0.0,0.0,0.0,0.0,0.0,0.0,-0.0,0.0,0.0,0.0,42.177594448225896,0.0,0.0
24,6.0,R1Z5,241.808086509939,0.0,0.0,32.08229634159265,48.68648675653154,0.0,0.0,0.0,113.20276760853106,0.0,0.0,-0.0,0.0,0.0,0.0,0.0,19.692775271269618,0.0,0.0
24,6.0,R1Z6,234.91239908052006,0.0,0.0,29.31643922590854,109.38668788341809,-7.105427357601002e-15,0.0,0.0,56.60138380426553,0.0,0.0,0.0,-0.0,0.0,0.0,0.0,19.13119263419398,0.0,0.0
24,6.0,R1Z7,189.77595110583204,0.0,0.0,22.562710422936192,32.40685855919598,0.0,0.0,0.0,0.0,0.0,0.0,-0.0,-0.0,0.0,0.0,0.0,15.455294365703486,270.94779464479143,0.0
24,6.0,R2Z1,220.2970743362679,0.0,135.0,0.0,64.30602551750236,34.9780910242868,75.5881502051151,0.0,113.20276760853106,0.0,0.0,0.0,0.0,80.0,0.0,331.920383995605,0.0,0.0,0.0
24,6.0,R2Z2,242.016038514273,0.0,135.0,14.517927607604033,12.313952866094734,-1.7763568394002505e-15,0.0,0.0,56.60138380426553,0.0,1.2139539241815098,0.0,106.61061056047829,0.0,0.0,0.0,0.0,0.0,0.0
24,6.0,R2Z3,170.17353700191765,0.0,0.0,54.871728893587,37.20490512379741,7.105427357601002e-15,0.0,0.0,113.20276760853106,0.0,1.2139539241815098,0.0,106.61061056047829,0.0,0.0,0.0,0.0,0.0,0.0
24,6.0,R2Z4,136.02475686808398,0.0,0.0,20.50249024610187,103.70301258408647,-3.552713678800501e-15,0.0,0.0,56.60138380426553,0.0,1.2139539241815098,0.0,106.61061056047829,0.0,0.0,0.0,0.0,0.0,0.0
24,6.0,R2Z5,247.77948645665907,0.0,0.0,54.50029044046019,129.6180727691004,0.0,0.0,0.0,0.0,0.0,1.2139539241815098,0.0,106.61061056047829,0.0,0.0,0.0,0.0,0.0,0.0
24,6.0,R3Z1,265.24201974612726,0.0,135.0,48.45438567063921,120.41714114889815,7.105427357601002e-15,0.0,0.0,56.60138380426553,0.0,0.0,0.0,0.0,0.0,0.0,0.0,0.0,0.0,0.0
24,6.0,R3Z2,156.12749199906446,0.0,0.0,25.096694234684776,34.83900695081999,24.47768447216852,0.0,0.0,113.20276760853106,0.0,1.2139539241815098,0.0,106.61061056047829,0.0,0.0,0.0,0.0,0.0,0.0
24,6.0,R3Z3,186.01465634885835,0.0,0.0,40.89190681262788,110.14898412215571,-7.105427357601002e-15,0.0,0.0,113.20276760853106,0.0,0.0,0.0,0.0,0.0,0.0,0.0,0.0,0.0,0.0
24,6.0,R3Z4,189.2964547174648,0.0,0.0,30.002855220179665,0.0,0.0,0.0,0.0,56.60138380426553,0.0,0.0,45.0,57.42561465844516,0.0,0.0,0.0,30.832488658280482,0.0,0.0
24,6.0,R3Z5,216.7794015311329,0.0,0.0,31.720681074480716,62.685393580822854,7.105427357601002e-15,0.0,0.0,0.0,0.0,0.0,0.0,0.0,0.0,0.0,0.0,52.96334088005101,96.26971303051741,0.0
24,6.0,R3Z6,224.07489480208739,0.0,0.0,21.768985036193648,38.144065138253865,0.0,0.0,0.0,0.0,0.0,0.0,0.0,0.0,0.0,0.0,0.0,18.248589660335924,0.0,0.0
24,6.0,R3Z7,221.31092490346876,0.0,0.0,63.02561660042868,30.47315951585007,-7.105427357601002e-15,0.0,0.0,0.0,0.0,0.0,0.0,-0.0,0.0,0.0,0.0,18.023492812436203,0.0,0.0
24,6.0,R3Z8,275.52794373042883,0.0,0.0,18.932198091925073,87.48684708134593,-7.105427357601002e-15,0.0,0.0,113.20276760853106,0.0,0.0,0.0,0.0,0.0,0.0,0.0,22.438909943631415,0.0,0.0
24,6.0,R3Z9,225.03916079107245,0.0,0.0,49.902596122171815,41.61729138974039,0.0,0.0,0.0,0.0,0.0,0.0,0.0,0.0,0.0,0.0,0.0,36.65423836445226,202.7279052202718,0.0
24,6.0,R3Z10,162.4500045343464,0.0,0.0,46.97395416851928,19.21202669953839,-7.105427357601002e-15,0.0,0.0,56.60138380426553,0.0,0.0,0.0,-0.0,0.0,0.0,0.0,39.68963335699018,0.0,0.0
24,6.0,R4Z1,269.6787700131359,0.0,135.0,38.74504637395526,224.54034022846557,1.4210854715202004e-14,0.0,0.0,56.60138380426553,0.0,56.44944221239964,0.0,213.22122112095659,0.0,0.0,0.0,0.0,0.0,0.0
24,6.0,R4Z2,223.31491779337938,0.0,135.0,49.37372400107561,31.236589068946806,-7.105427357601002e-15,0.0,0.0,56.60138380426553,0.0,2.4279078483630196,0.0,213.22122112095659,0.0,0.0,0.0,0.0,0.0,0.0
24,6.0,R4Z3,205.52312399677447,0.0,0.0,24.28338766171659,91.27064376209567,0.0,0.0,0.0,56.60138380426553,0.0,1.2139539241815098,0.0,106.61061056047829,0.0,0.0,0.0,0.0,0.0,0.0
25,6.25,R1Z1,143.17472249644936,0.0,135.0,31.223056872695054,82.2735725257944,-3.552713678800501e-15,0.0,0.0,77.42843051926451,0.0,0.0,0.0,76.89925638473305,0.0,0.0,0.0,0.0,0.0,0.0
25,6.25,R1Z2,219.4385112276311,0.0,135.0,17.013670029286672,74.05839903462548,-7.105427357601002e-15,0.0,0.0,0.0,0.0,0.6073961454855975,0.0,106.61061056047829,0.0,0.0,0.0,0.0,0.0,0.0
25,6.25,R1Z3,277.431349335956,0.0,0.0,25.336214451545423,56.83902084316018,-7.105427357601002e-15,0.0,0.0,0.0,0.0,0.0,0.0,0.0,0.0,0.0,0.0,22.593922703463914,172.66219133778648,0.0
25,6.25,R1Z4,245.5970204973919,0.0,0.0,43.28070778939164,100.48383705242864,0.0,0.0,0.0,0.0,0.0,0.0,0.0,-0.0,0.0,0.0,0.0,40.002689750822235,0.0,0.0
25,6.25,R1Z5,212.19790815459845,0.0,0.0,34.427917383779494,27.053752303100893,0.0,0.0,0.0,77.42843051926451,0.0,0.0,-0.0,0.0,0.0,0.0,0.0,17.28133156601551,0.0,0.0
25,6.25,R1Z6,198.5145595759036,0.0,0.0,45.838699086554165,29.317346203893543,7.105427357601002e-15,0.0,0.0,38.714215259632255,0.0,0.0,0.0,-0.0,0.0,0.0,0.0,16.1669639184819,0.0,0.0
25,6.25,R1Z7,214.38222669100864,0.0,0.0,22.21664690815443,41.08909765675256,0.0,0.0,0.0,0.0,0.0,0.0,0.0,-0.0,0.0,0.0,0.0,17.45922178746857,136.65158958664,0.0
25,6.25,R2Z1,211.20230213475241,0.0,135.0,47.83567971106078,157.74301665501685,-7.105427357601002e-15,0.0,0.0,77.42843051926451,0.0,0.0,0.0,0.0,0.0,80.0,310.36591301595297,0.0,0.0,0.0
25,6.25,R2Z2,263.07681436283656,0.0,135.0,15.022723355898819,55.50419498132007,1.7763568394002505e-15,0.0,0.0,38.714215259632255,0.0,0.0,0.0,106.4634598154648,0.0,0.0,0.0,0.0,0.0,0.0
25,6.25,R2Z3,209.87890215103053,0.0,0.0,43.007353451592046,61.07579765767259,0.0,0.0,0.0,77.42843051926451,0.0,0.0,13.24530313512959,103.04640861852369,0.0,0.0,0.0,0.0,0.0,0.0
25,6.25,R2Z4,129.1961157464637,0.0,0.0,13.62694665244296,40.13411809118743,-1.7763568394002505e-15,0.0,0.0,38.714215259632255,0.0,0.0,0.0,106.4634598154648,0.0,0.0,0.0,0.0,0.0,0.0
25,6.25,R2Z5,261.00588204040866,0.0,0.0,49.743729585107886,105.71673024627493,1.4210854715202004e-14,0.0,0.0,0.0,0.0,0.0,0.0,106.4634598154648,0.0,0.0,0.0,0.0,0.0,0.0
25,6.25,R3Z1,219.2352802398465,0.0,135.0,43.25765057900922,24.439480765267277,7.105427357601002e-15,0.0,0.0,38.714215259632255,0.0,0.0,0.0,0.0,0.0,0.0,0.0,0.0,0.0,0.0
25,6.25,R3Z2,136.4434779285916,0.0,0.0,66.60124128839357,40.673887338304304,0.0,0.0,0.0,77.42843051926451,0.0,0.0,0.0,106.4634598154648,0.0,0.0,0.0,0.0,0.0,0.0
25,6.25,R3Z3,190.14860655585957,0.0,0.0,45.20423146575547,91.68394480620842,7.105427357601002e-15,0.0,0.0,77.42843051926451,0.0,0.0,0.0,0.0,0.0,0.0,0.0,0.0,0.0,0.0
25,6.25,R3Z4,189.39469449346745,0.0,0.0,22.767131094929994,46.221446253477865,-7.105427357601002e-15,0.0,0.0,38.714215259632255,0.0,0.0,45.0,45.737157404477514,0.0,0.0,0.0,30.848489891816076,0.0,0.0
25,6.25,R3Z5,186.11894441495082,0.0,0.0,38.35633364819607,72.6322772877724,0.0,0.0,0.0,0.0,0.0,0.0,0.0,0.0,0.0,0.0,0.0,45.472406638545955,0.0,0.0
25,6.25,R3Z6,226.59311986401883,0.0,0.0,59.35449234717481,126.54658466275345,0.0,0.0,0.0,0.0,0.0,0.0,0.0,0.0,0.0,0.0,0.0,18.453673125255765,57.73970856288247,0.0
25,6.25,R3Z7,184.82501007460212,0.0,0.0,54.71753727888771,48.69845329761713,0.0,0.0,0.0,0.0,0.0,0.0,0.0,0.0,0.0,0.0,0.0,15.052091269742048,0.0,0.0
25,6.25,R3Z8,247.27609766089364,0.0,0.0,18.982332116146708,93.33858012245683,3.552713678800501e-15,0.0,0.0,77.42843051926451,0.0,0.0,-0.0,0.0,0.0,0.0,0.0,20.138088396776364,0.0,0.0
25,6.25,R3Z9,200.85575358954344,0.0,0.0,42.749750653321634,41.179922180013584,-7.105427357601002e-15,0.0,0.0,0.0,0.0,0.0,0.0,0.0,0.0,0.0,0.0,32.715260059905454,0.0,0.0
25,6.25,R3Z10,183.13533237498544,0.0,0.0,43.474241800957394,38.78154396083473,0.0,0.0,0.0,38.714215259632255,0.0,0.0,0.0,0.0,0.0,0.0,0.0,44.743453332049185,22.099025305896816,0.0
25,6.25,R4Z1,262.74836430673156,0.0,135.0,46.17534496191354,113.93119144546532,7.105427357601002e-15,0.0,0.0,38.714215259632255,0.0,0.0,0.0,212.9269196309296,0.0,0.0,0.0,0.0,0.0,0.0
25,6.25,R4Z2,207.97568905492304,0.0,135.0,50.78863153923404,27.877424784700615,0.0,0.0,0.0,38.714215259632255,0.0,0.0,13.496103253280822,209.44516649133163,0.0,0.0,0.0,0.0,0.0,0.0
25,6.25,R4Z3,205.330255076868,0.0,0.0,28.952056893431674,113.34912988781652,7.105427357601002e-15,0.0,0.0,38.714215259632255,0.0,0.0,20.059446095715927,101.28848166720734,0.0,0.0,0.0,0.0,0.0,0.0
26,6.5,R1Z1,143.14724101364672,0.0,135.0,39.76927730934206,126.55629231969515,-7.105427357601002e-15,0.0,0.0,79.36959750918045,0.0,0.0,0.0,76.79311514036246,0.0,0.0,0.0,0.0,0.0,0.0
26,6.5,R1Z2,220.62673150940762,0.0,135.0,20.401483945615247,51.26122082092959,0.0,0.0,0.0,0.0,0.0,0.0,13.964026742862814,102.86099078859415,0.0,0.0,0.0,0.0,0.0,0.0
26,6.5,R1Z3,256.1062834047393,0.0,0.0,33.55788125111335,36.90531578629021,0.0,0.0,0.0,0.0,0.0,0.0,0.0,0.0,0.0,0.0,0.0,20.85721597421565,164.78587039312012,0.0
26,6.5,R1Z4,253.33417186016158,0.0,0.0,51.441546863047805,62.6203575526515,-7.105427357601002e-15,0.0,0.0,0.0,0.0,0.0,0.0,0.0,0.0,0.0,0.0,41.26291214640832,0.0,0.0
26,6.5,R1Z5,267.9946946985018,0.0,0.0,31.326054885152146,52.19294578102246,-7.105427357601002e-15,0.0,0.0,79.36959750918045,0.0,0.0,-0.0,-0.0,0.0,0.0,0.0,21.82540448817118,161.305674562069,0.0
26,6.5,R1Z6,190.76612555874863,0.0,0.0,41.232723237066566,48.946688660801726,0.0,0.0,0.0,39.684798754590226,0.0,0.0,0.0,-0.0,0.0,0.0,0.0,15.53593386482891,0.0,0.0
26,6.5,R1Z7,191.89751304347098,0.0,0.0,33.72957029188602,24.610954708190704,0.0,0.0,0.0,0.0,0.0,0.0,0.0,-0.0,0.0,0.0,0.0,15.628073709293743,0.0,0.0
26,6.5,R2Z1,215.85997173207215,0.0,135.0,65.57639872990512,66.15843981699146,-1.4210854715202004e-14,0.0,0.0,79.36959750918045,0.0,0.0,0.0,0.0,0.20228532748730288,80.0,288.86589927128995,0.0,0.0,0.0
26,6.5,R2Z2,230.07500866304414,0.0,135.0,16.780714722647744,59.705313778324566,7.105427357601002e-15,0.0,0.0,39.684798754590226,0.0,0.0,0.0,106.3165121772682,0.0,0.0,0.0,0.0,0.0,0.0
26,6.5,R2Z3,178.08592317929046,0.0,0.0,57.843750266941825,49.539107580504734,-7.105427357601002e-15,0.0,0.0,79.36959750918045,0.0,0.0,0.0,102.90417741170981,0.0,0.0,0.0,0.0,0.0,0.0
26,6.5,R2Z4,119.694165998074,0.0,0.0,17.97085209994691,31.033122946893705,0.0,0.0,0.0,39.684798754590226,0.0,0.0,0.0,106.3165121772682,0.0,0.0,0.0,0.0,0.0,0.0
26,6.5,R2Z5,233.41761664809448,0.0,0.0,51.55393526007987,77.99209579758832,-7.105427357601002e-15,0.0,0.0,0.0,0.0,0.0,0.0,106.3165121772682,0.0,0.0,0.0,0.0,0.0,0.0
26,6.5,R3Z1,245.10467067557695,0.0,135.0,49.73560088684306,54.47929644637233,0.0,0.0,0.0,39.684798754590226,0.0,0.0,0.0,0.0,0.0,0.0,0.0,0.0,0.0,0.0
26,6.5,R3Z2,151.43862970641095,0.0,0.0,65.91621702044118,24.95555723920363,0.0,0.0,0.0,79.36959750918045,0.0,0.0,0.0,106.3165121772682,0.0,0.0,0.0,0.0,0.0,0.0
26,6.5,R3Z3,172.9051295916253,0.0,0.0,55.532679566774874,150.1274615710624,1.4210854715202004e-14,0.0,0.0,79.36959750918045,0.0,0.0,0.0,0.0,0.0,0.0,0.0,0.0,0.0,0.0
26,6.5,R3Z4,176.51672432562629,0.0,0.0,29.672385678704984,87.7925713853156,0.0,0.0,0.0,39.684798754590226,0.0,9.383965623736458,0.0,47.94743323330423,0.0,0.0,0.0,28.750934130751926,0.0,0.0
26,6.5,R3Z5,193.62714011200998,0.0,0.0,49.46381615584518,95.84136207540446,0.0,0.0,0.0,0.0,0.0,0.0,0.0,0.0,0.0,0.0,0.0,47.30680199755504,0.0,0.0
26,6.5,R3Z6,238.3381021052482,0.0,0.0,54.491177680130185,52.670458885311824,0.0,0.0,0.0,0.0,0.0,0.0,0.0,0.0,0.0,0.0,0.0,19.410180821833876,0.0,0.0
26,6.5,R3Z7,195.89828879533664,0.0,0.0,58.64903393693827,17.621247999481497,-7.105427357601002e-15,0.0,0.0,0.0,0.0,-0.0,0.0,-0.0,0.0,0.0,0.0,15.953895640765818,0.0,0.0
26,6.5,R3Z8,192.86906628222124,0.0,0.0,21.156348700131645,180.13129547344403,0.0,0.0,0.0,79.36959750918045,0.0,9.283202329979432,0.0,2.24899375657931,0.0,0.0,0.0,15.707196702535727,0.0,0.0
26,6.5,R3Z9,204.67221482159187,0.0,0.0,60.87325098296412,53.62255091518068,7.105427357601002e-15,0.0,0.0,0.0,0.0,0.0,0.0,0.0,0.0,0.0,0.0,33.33688288864533,0.0,0.0
26,6.5,R3Z10,182.43946851865093,0.0,0.0,56.424586307467784,37.56029086640702,0.0,0.0,0.0,39.684798754590226,0.0,-0.0,0.0,-0.0,0.0,0.0,0.0,44.57344052470292,0.0,0.0
26,6.5,R4Z1,298.2845047518174,0.0,135.0,60.464345173933,197.46877121330687,1.4210854715202004e-14,0.0,0.0,39.684798754590226,0.0,0.0,0.0,212.6330243545364,0.0,0.0,0.0,0.0,0.0,0.0
26,6.5,R4Z2,236.6646861276195,0.0,135.0,48.75713809732635,28.2443169876873,-7.105427357601002e-15,0.0,0.0,39.684798754590226,0.0,0.0,0.0,209.1560769520574,0.0,0.0,0.0,0.0,0.0,0.0
26,6.5,R4Z3,214.90870920214581,0.0,0.0,30.328297154191652,55.79338934576845,3.552713678800501e-15,0.0,0.0,39.684798754590226,0.0,0.0,0.0,101.1486768629739,0.0,0.0,0.0,0.0,0.0,0.0
27,6.75,R1Z1,162.12353152151434,0.0,135.0,39.45165248365103,92.52435328155298,0.0,0.0,0.0,91.01674022682239,0.0,0.0,0.0,76.68712039888781,0.0,0.0,0.0,0.0,0.0,0.0
27,6.75,R1Z2,242.6735649568203,0.0,135.0,18.570160562126567,52.549604695197665,0.0,0.0,0.0,0.0,0.0,0.0,36.55379969949604,93.28878927977497,0.0,0.0,0.0,0.0,0.0,0.0
27,6.75,R1Z3,253.42554851054348,0.0,0.0,38.663809206770445,2.080654142141002,0.0,0.0,0.0,0.0,0.0,0.0,0.0,0.0,0.0,0.0,0.0,20.63889775915844,0.0,0.0
27,6.75,R1Z4,257.83444625231726,0.0,0.0,58.12626124906213,10.970598782259891,-7.105427357601002e-15,0.0,0.0,0.0,0.0,0.0,-0.0,-0.0,0.0,0.0,0.0,41.995914036815556,0.0,0.0
27,6.75,R1Z5,234.24639971551272,0.0,0.0,40.71800372691786,29.65879613094188,-7.105427357601002e-15,0.0,0.0,91.01674022682239,0.0,0.0,0.0,-0.0,0.0,0.0,0.0,19.076953853286383,26.001229071153034,0.0
27,6.75,R1Z6,220.02300202538328,0.0,0.0,46.39011506224924,127.22727417925753,7.105427357601002e-15,0.0,0.0,45.508370113411196,0.0,0.0,0.0,-0.0,0.0,0.0,0.0,17.918604774277803,0.0,0.0
27,6.75,R1Z7,186.8695731275112,0.0,0.0,31.225123690772033,8.144613825730605,-3.552713678800501e-15,0.0,0.0,0.0,0.0,0.0,0.0,-0.0,0.0,0.0,0.0,15.218599848135783,298.5391418055825,0.0
27,6.75,R2Z1,181.35982647348033,0.0,135.0,54.082531670851395,69.10687791193567,0.0,0.0,0.0,91.01674022682239,0.0,0.0,0.0,0.0,80.0,41.810509723347025,296.2166006659792,0.0,0.0,0.0
27,6.75,R2Z2,223.94223164318083,0.0,135.0,13.464833000207399,22.035624584281685,-1.7763568394002505e-15,0.0,0.0,45.508370113411196,0.0,0.0,0.0,106.16976736554754,0.0,0.0,0.0,0.0,0.0,0.0
27,6.75,R2Z3,192.8215876349514,0.0,0.0,52.046805440339256,57.723543796277795,-7.105427357601002e-15,0.0,0.0,91.01674022682239,0.0,0.0,0.0,102.76214252145333,0.0,0.0,0.0,0.0,0.0,0.0
27,6.75,R2Z4,135.89289265251114,0.0,0.0,15.46942495236668,65.64168859796122,-3.552713678800501e-15,0.0,0.0,45.508370113411196,0.0,0.0,0.0,106.16976736554754,0.0,0.0,0.0,0.0,0.0,0.0
27,6.75,R2Z5,215.13358236083792,0.0,0.0,61.487476519660476,97.70990480495524,-1.4210854715202004e-14,0.0,0.0,0.0,0.0,0.0,0.0,106.16976736554754,0.0,0.0,0.0,0.0,0.0,0.0
27,6.75,R3Z1,232.5583888010155,0.0,135.0,63.299532707231236,107.22339818937212,-7.105427357601002e-15,0.0,0.0,45.508370113411196,0.0,0.0,0.0,0.0,0.0,0.0,0.0,0.0,0.0,0.0
27,6.75,R3Z2,154.20915442109387,0.0,0.0,54.98961165191946,13.797494643123597,0.0,0.0,0.0,91.01674022682239,0.0,0.0,0.0,106.16976736554754,0.0,0.0,0.0,0.0,0.0,0.0
27,6.75,R3Z3,195.210637054044,0.0,0.0,69.7817966934374,99.45361319119382,-1.4210854715202004e-14,0.0,0.0,91.01674022682239,0.0,0.0,0.0,0.0,0.0,0.0,0.0,0.0,0.0,0.0
27,6.75,R3Z4,182.380872999604,0.0,0.0,55.65192637280422,19.913461039470512,0.0,0.0,0.0,45.508370113411196,0.0,0.0,31.601032459100935,39.72875223209484,0.0,0.0,0.0,29.706083014817143,0.0,0.0
27,6.75,R3Z5,206.53585066200785,0.0,0.0,40.52983935775747,6.569902973719925,0.0,0.0,0.0,0.0,0.0,0.0,0.0,0.0,0.0,0.0,0.0,50.460646100604,31.977226197461874,0.0
27,6.75,R3Z6,230.595044526197,0.0,0.0,79.7990610545581,47.84205313650237,0.0,0.0,0.0,0.0,0.0,0.0,0.0,0.0,0.0,0.0,0.0,18.779588623625944,0.0,0.0
27,6.75,R3Z7,190.13690662164043,0.0,0.0,82.5042690480659,36.93892041019026,0.0,0.0,0.0,0.0,0.0,0.0,0.0,-0.0,0.0,0.0,0.0,15.484690470516746,0.0,0.0
27,6.75,R3Z8,261.6425324078382,0.0,0.0,18.122320825652807,79.20258115222781,0.0,0.0,0.0,91.01674022682239,0.0,0.0,8.705602057030077,-0.0,0.0,0.0,0.0,21.308086369153145,0.0,0.0
27,6.75,R3Z9,219.59069136821014,0.0,0.0,45.3496758681753,31.58449036284435,0.0,0.0,0.0,0.0,0.0,0.0,0.0,0.0,0.0,0.0,0.0,35.76679505794067,0.0,0.0
27,6.75,R3Z10,193.03630663852283,0.0,0.0,69.73951067933857,45.154762215909074,0.0,0.0,0.0,45.508370113411196,0.0,0.0,0.0,-0.0,0.0,0.0,0.0,47.16245011523309,168.75048166115315,0.0
27,6.75,R4Z1,294.731368237723,0.0,135.0,51.66907345872045,143.58782135134925,-1.4210854715202004e-14,0.0,0.0,45.508370113411196,0.0,0.0,0.0,212.33953473109509,0.0,0.0,0.0,0.0,0.0,0.0
27,6.75,R4Z2,223.94619978676278,0.0,135.0,64.63176985570165,51.69798485072846,0.0,0.0,0.0,45.508370113411196,0.0,0.0,0.0,208.86738643255103,0.0,0.0,0.0,0.0,0.0,0.0
27,6.75,R4Z3,217.4689561488217,0.0,0.0,30.42828845917071,63.920720236273844,0.0,0.0,0.0,45.508370113411196,0.0,0.0,0.0,101.00906502622269,0.0,0.0,0.0,0.0,0.0,0.0
28,7.0,R1Z1,124.1948137351858,0.0,135.0,31.165798288020454,149.9832031077464,1.4210854715202004e-14,0.0,0.0,101.3017737717643,0.0,0.0,0.0,76.58127195809651,0.0,0.0,0.0,0.0,0.0,0.0
28,7.0,R1Z2,219.69094903035096,0.0,135.0,16.399095071320488,112.66264338801255,0.0,0.0,0.0,0.0,0.0,44.37078942898205,0.0,103.9095094579841,0.0,0.0,0.0,0.0,0.0,0.0
28,7.0,R1Z3,231.77547758419584,0.0,0.0,37.12043654942864,36.01359848391301,0.0,0.0,0.0,0.0,0.0,0.0,0.0,0.0,0.0,0.0,0.0,18.875722724306623,0.0,0.0
28,7.0,R1Z4,268.57817413196983,0.0,0.0,59.07319432861355,40.4064813580451,7.105427357601002e-15,0.0,0.0,0.0,0.0,0.0,0.0,-0.0,0.0,0.0,0.0,43.74584574309847,0.0,0.0
28,7.0,R1Z5,264.14457779920923,0.0,0.0,48.992229798959485,12.75730174697017,0.0,0.0,0.0,101.3017737717643,0.0,0.0,0.0,0.0,0.0,0.0,0.0,21.511852166740567,125.23221456782446,0.0
28,7.0,R1Z6,207.33019293749206,0.0,0.0,47.02271160873897,240.0,1.4210854715202004e-14,0.0,0.0,50.65088688588215,0.0,0.0,0.0,-0.0,0.0,0.0,0.0,16.884906354441473,0.0,0.0
28,7.0,R1Z7,185.2069692121604,0.0,0.0,37.06925336502385,22.01451616178379,0.0,0.0,0.0,0.0,0.0,0.0,0.0,-0.0,0.0,0.0,0.0,15.08319790297052,0.0,0.0
28,7.0,R2Z1,188.32480473009272,0.0,135.0,74.31010344979717,108.97106517544691,0.0,0.0,0.0,101.3017737717643,0.0,0.0,0.0,0.0,80.0,0.0,314.7712097233846,0.0,0.0,0.0
28,7.0,R2Z2,241.15770495706377,0.0,135.0,17.09087561127082,15.799935925855518,0.0,0.0,0.0,50.65088688588215,0.0,0.0,0.0,106.02322510034884,0.0,0.0,0.0,0.0,0.0,0.0
28,7.0,R2Z3,196.8081683820644,0.0,0.0,79.1341727378237,75.96572289225234,1.4210854715202004e-14,0.0,0.0,101.3017737717643,0.0,0.0,0.0,102.62030367678564,0.0,0.0,0.0,0.0,0.0,0.0
28,7.0,R2Z4,126.19200040690305,0.0,0.0,21.213511781909197,30.0069489789611,3.552713678800501e-15,0.0,0.0,50.65088688588215,0.0,2.4245590082755286,0.0,106.61061056047829,0.0,0.0,0.0,0.0,0.0,0.0
28,7.0,R2Z5,223.00342158076708,0.0,0.0,73.2545786962624,0.0,0.0,0.0,0.0,0.0,0.0,2.4245590082755286,0.0,106.61061056047829,0.0,0.0,0.0,0.0,0.0,0.0
28,7.0,R3Z1,212.62726731117033,0.0,135.0,46.41390614237207,82.44499861290677,-7.105427357601002e-15,0.0,0.0,50.65088688588215,0.0,0.0,0.0,0.0,0.0,0.0,0.0,0.0,0.0,0.0
28,7.0,R3Z2,161.44338920954945,0.0,0.0,78.24399521026186,47.34750920190896,0.0,0.0,0.0,101.3017737717643,1094.6058843258256,2.4245590082755286,0.0,106.61061056047829,0.0,0.0,0.0,0.0,0.0,0.0
28,7.0,R3Z3,222.39774772384627,0.0,0.0,58.10571037838325,111.5115212107976,-1.4210854715202004e-14,0.0,0.0,101.3017737717643,0.0,0.0,0.0,0.0,0.0,0.0,0.0,0.0,0.0,0.0
28,7.0,R3Z4,204.15415642524266,0.0,0.0,42.06851554136634,61.9581860944576,7.105427357601002e-15,0.0,0.0,50.65088688588215,0.0,0.0,16.22406604386299,35.48839735625344,0.0,0.0,0.0,33.25250185967358,0.0,0.0
28,7.0,R3Z5,204.20324270267324,0.0,0.0,38.74531356384462,96.43760486559658,0.0,0.0,0.0,0.0,0.0,0.0,0.0,0.0,0.0,0.0,0.0,49.890745502958815,19.129578770273213,0.0
28,7.0,R3Z6,206.5636881135535,0.0,0.0,69.94261029731967,1.025613586753118,0.0,0.0,0.0,0.0,0.0,0.0,0.0,0.0,0.0,0.0,0.0,16.822482440253864,0.0,0.0
28,7.0,R3Z7,181.26896212331565,0.0,0.0,72.08146147477689,22.612861236126193,0.0,0.0,0.0,0.0,0.0,0.0,0.0,-0.0,0.0,0.0,0.0,14.762487831869986,0.0,0.0
28,7.0,R3Z8,270.79418200222466,0.0,0.0,21.932284029032687,126.34774104750191,-1.0658141036401503e-14,0.0,0.0,101.3017737717643,0.0,0.0,0.0,-0.0,0.0,0.0,0.0,22.053393862483194,0.0,0.0
28,7.0,R3Z9,183.34296371847208,0.0,0.0,50.71078113036808,44.776783448484984,-7.105427357601002e-15,0.0,0.0,0.0,0.0,0.0,0.0,0.0,0.0,0.0,0.0,29.862787751955572,52.60924221724076,0.0
28,7.0,R3Z10,161.34008627281747,0.0,0.0,77.75335781451031,5.365606093386283,0.0,0.0,0.0,50.65088688588215,0.0,0.0,0.0,0.0,0.0,0.0,0.0,39.41845916415107,0.0,0.0
28,7.0,R4Z1,290.0976768662816,0.0,135.0,56.48116901103887,179.62601758478914,1.4210854715202004e-14,0.0,0.0,50.65088688588215,0.0,4.849118016551057,0.0,213.22122112095659,0.0,0.0,0.0,0.0,0.0,0.0
28,7.0,R4Z2,223.82046921387123,0.0,135.0,70.49941934888645,19.03543081703888,-1.4210854715202004e-14,0.0,0.0,50.65088688588215,0.0,0.0,0.0,208.57909438206008,0.0,0.0,0.0,0.0,0.0,0.0
28,7.0,R4Z3,220.1040294082318,0.0,0.0,39.50637350371133,82.62383331376604,0.0,0.0,0.0,50.65088688588215,0.0,23.69705849283116,0.0,106.61061056047829,0.0,0.0,0.0,0.0,0.0,0.0
29,7.25,R1Z1,144.57389148968358,0.0,135.0,40.667456524504786,113.54029456138622,7.105427357601002e-15,0.0,0.0,85.47356881130153,0.0,0.0,0.0,76.47556961605503,0.0,0.0,0.0,0.0,0.0,0.0
29,7.25,R1Z2,230.72703749439387,0.0,135.0,17.7917287322432,35.868149431713704,0.0,0.0,0.0,0.0,0.0,0.0,42.067159330436965,92.91351258848208,0.0,0.0,0.0,0.0,0.0,0.0
29,7.25,R1Z3,206.30369465614268,0.0,0.0,48.621840343560905,34.903125210050305,0.0,0.0,0.0,0.0,0.0,0.0,0.0,0.0,0.0,0.0,0.0,16.80130865403898,0.0,0.0
29,7.25,R1Z4,226.93770355746548,0.0,0.0,66.3513889865395,100.22392134420564,1.4210854715202004e-14,0.0,0.0,0.0,0.0,0.0,0.0,0.0,0.0,0.0,0.0,36.963471827907476,0.0,0.0
29,7.25,R1Z5,213.53194073575466,0.0,0.0,53.16507414795147,33.346478460611465,0.0,0.0,0.0,85.47356881130153,0.0,0.0,-0.0,0.0,0.0,0.0,0.0,17.38997476403437,0.0,0.0
29,7.25,R1Z6,201.29223090499417,0.0,0.0,54.01456802876399,54.06306647625817,0.0,0.0,0.0,42.736784405650766,0.0,0.0,0.0,0.0,0.0,0.0,0.0,16.39317660661291,0.0,0.0
29,7.25,R1Z7,189.91337162383925,0.0,0.0,35.245619160968474,43.0158368903696,0.0,0.0,0.0,0.0,0.0,0.0,0.0,0.0,0.0,0.0,0.0,15.466485849900051,100.5239833629484,0.0
29,7.25,R2Z1,190.7342259162679,0.0,135.0,71.13382970254557,123.45860907138791,0.0,0.0,0.0,85.47356881130153,0.0,0.0,0.0,0.0,80.0,18.490263605859667,328.36363473313526,0.0,0.0,0.0
29,7.25,R2Z2,188.84976086226706,0.0,135.0,23.43006170320521,42.84102079372721,0.0,0.0,0.0,42.736784405650766,0.0,0.0,0.0,105.87688510210448,0.0,0.0,0.0,0.0,0.0,0.0
29,7.25,R2Z3,182.39204839429263,0.0,0.0,65.27341603666993,41.82134458721002,0.0,0.0,0.0,85.47356881130153,0.0,0.0,0.0,102.47866060711216,0.0,0.0,0.0,0.0,0.0,0.0
29,7.25,R2Z4,148.55981035334693,0.0,0.0,20.83981769962953,4.433923975729948,0.0,0.0,0.0,42.736784405650766,0.0,0.0,23.358587917624178,100.43736211211532,0.0,0.0,0.0,0.0,0.0,0.0
29,7.25,R2Z5,261.293537855763,0.0,0.0,77.5406227396319,31.61518722981187,0.0,0.0,0.0,0.0,0.0,0.0,26.049156094509524,99.74324366760094,0.0,0.0,0.0,0.0,0.0,0.0
29,7.25,R3Z1,207.87617732098417,0.0,135.0,61.24991396217564,64.14579572007905,0.0,0.0,0.0,42.736784405650766,0.0,0.0,0.0,0.0,0.0,0.0,0.0,0.0,0.0,0.0
29,7.25,R3Z2,162.98212892211882,0.0,0.0,73.48319987031324,13.331475248987413,0.0,0.0,0.0,85.47356881130153,0.0,0.0,0.0,106.4634598154648,0.0,0.0,0.0,0.0,0.0,0.0
29,7.25,R3Z3,174.71389914839645,0.0,0.0,74.97749139095957,118.12770837517779,0.0,0.0,0.0,85.47356881130153,0.0,0.0,0.0,0.0,0.0,0.0,0.0,0.0,0.0,0.0
29,7.25,R3Z4,188.18874629076413,0.0,0.0,36.870877241719064,15.514744066594483,0.0,0.0,0.0,42.736784405650766,0.0,0.0,45.0,23.830219244789234,0.0,0.0,0.0,30.65206579957504,0.0,0.0
29,7.25,R3Z5,202.06407255771444,0.0,0.0,45.649900507812475,99.83924992596008,0.0,0.0,0.0,0.0,0.0,0.0,0.0,0.0,0.0,0.0,0.0,49.36810545142417,0.0,0.0
29,7.25,R3Z6,219.55225316831263,0.0,0.0,62.86654462526255,28.043795981750268,0.0,0.0,0.0,0.0,0.0,0.0,0.0,0.0,0.0,0.0,0.0,17.88026713393955,0.0,0.0
29,7.25,R3Z7,206.45523217035014,0.0,0.0,60.723637755871295,19.133093106770588,0.0,0.0,0.0,0.0,0.0,0.0,0.0,-0.0,0.0,0.0,0.0,16.81364982201035,15.602473267385733,0.0
29,7.25,R3Z8,239.74352887712934,0.0,0.0,26.51230510811635,36.69902333218831,0.0,0.0,0.0,85.47356881130153,0.0,0.0,0.0,0.0,0.0,0.0,0.0,19.524638340514684,0.0,0.0
29,7.25,R3Z9,207.94698852856897,0.0,0.0,59.07739952379617,49.53988510150932,0.0,0.0,0.0,0.0,0.0,0.0,0.0,0.0,0.0,0.0,0.0,33.870275990642455,0.0,0.0
29,7.25,R3Z10,204.54328242365335,0.0,0.0,67.99801705908263,26.309105652618634,-1.4210854715202004e-14,0.0,0.0,42.736784405650766,0.0,0.0,-0.0,-0.0,0.0,0.0,0.0,49.9738236899444,200.80481976287916,0.0
29,7.25,R4Z1,247.6014582132248,0.0,135.0,52.16413610164308,110.87104094205291,7.105427357601002e-15,0.0,0.0,42.736784405650766,0.0,0.0,0.0,212.9269196309296,0.0,0.0,0.0,0.0,0.0,0.0
29,7.25,R4Z2,225.09978117616023,0.0,135.0,72.1622183289671,49.59309493954432,1.4210854715202004e-14,0.0,0.0,42.736784405650766,0.0,0.0,0.0,208.29120025059228,0.0,0.0,0.0,0.0,0.0,0.0
29,7.25,R4Z3,218.62393941569763,0.0,0.0,43.20227264406722,41.720279881639186,0.0,0.0,0.0,42.736784405650766,0.0,0.0,0.0,106.4634598154648,0.0,0.0,0.0,0.0,0.0,0.0
30,7.5,R1Z1,157.05310264230755,0.0,135.0,37.961725998637746,0.0,0.0,0.0,0.0,109.98939870149259,0.0,0.0,0.0,76.37001317110858,0.0,0.0,0.0,0.0,0.0,0.0
30,7.5,R1Z2,217.2868740881928,0.0,144.47948785768622,22.060818883952365,5.746567346554214,0.0,0.0,0.0,0.0,0.0,0.0,45.0,81.17607268079999,0.0,0.0,0.0,0.0,0.0,0.0
30,7.5,R1Z3,220.4876555792583,0.0,0.0,43.74452169589057,80.0,-7.105427357601002e-15,0.0,0.0,0.0,0.0,0.0,0.0,0.0,0.0,0.0,0.0,17.956446015021758,0.0,0.0
30,7.5,R1Z4,235.37077545543065,0.0,0.0,65.04975937126648,115.67839340735458,0.0,0.0,0.0,0.0,0.0,-0.0,0.0,-0.0,0.0,0.0,0.0,38.33704532687531,0.0,0.0
30,7.5,R1Z5,235.27860052465516,0.0,0.0,43.97306514625721,52.15489724238323,0.0,0.0,0.0,109.98939870149259,0.0,0.0,0.0,-0.0,0.0,0.0,0.0,19.16101596577669,0.0,0.0
30,7.5,R1Z6,186.890239115854,0.0,0.0,56.181340704852545,140.68600694489282,7.105427357601002e-15,0.0,0.0,54.994699350746295,0.0,89.83298973861459,0.0,21.763377105823032,0.0,0.0,0.0,15.220282879791455,0.0,0.0
30,7.5,R1Z7,210.82987189451035,0.0,0.0,45.1140722902268,80.0,0.0,0.0,0.0,0.0,0.0,0.0,0.0,-0.0,0.0,0.0,0.0,17.169919118972487,0.0,0.0
30,7.5,R2Z1,211.66026970587595,0.0,135.0,76.51120336903764,100.5512685133269,1.4210854715202004e-14,0.0,0.0,109.98939870149259,0.0,0.0,0.0,0.0,80.0,0.0,346.90737507192244,0.0,0.0,0.0
30,7.5,R2Z2,234.39299862336225,0.0,135.0,18.390703075259424,39.71474148068748,-3.552713678800501e-15,0.0,0.0,54.994699350746295,0.0,0.0,0.0,105.73074709163276,0.0,0.0,0.0,0.0,0.0,0.0
30,7.5,R2Z3,172.08185436502194,0.0,0.0,74.0288830921701,16.90198346969092,0.0,0.0,0.0,109.98939870149259,0.0,0.0,0.0,102.33721304221179,0.0,0.0,0.0,0.0,0.0,0.0
30,7.5,R2Z4,130.0378842736138,0.0,0.0,23.54282457100571,76.20532913336802,3.552713678800501e-15,0.0,0.0,54.994699350746295,0.0,0.0,0.0,100.29873207722208,0.0,0.0,0.0,0.0,0.0,0.0
30,7.5,R2Z5,241.12104669953666,0.0,0.0,75.74815947344575,146.29980917899718,0.0,0.0,0.0,0.0,0.0,0.0,0.0,99.60557169913001,0.0,0.0,0.0,0.0,0.0,0.0
30,7.5,R3Z1,181.9471640019693,0.0,135.0,66.88484205269204,0.0,0.0,0.0,0.0,54.994699350746295,0.0,0.0,0.0,0.0,0.0,0.0,0.0,0.0,0.0,0.0
30,7.5,R3Z2,181.3192338171023,0.0,0.0,95.1727492571849,11.635544471616344,0.0,0.0,0.0,109.98939870149259,0.0,1.2139539241815098,0.0,106.61061056047829,0.0,0.0,0.0,0.0,0.0,0.0
30,7.5,R3Z3,196.06512446313374,0.0,0.0,73.92203957927515,64.1617190733867,1.4210854715202004e-14,0.0,0.0,109.98939870149259,0.0,0.0,0.0,0.0,0.0,0.0,0.0,0.0,0.0,0.0
30,7.5,R3Z4,197.58542920165544,0.0,0.0,51.260959189286226,52.79734625836265,7.105427357601002e-15,0.0,0.0,54.994699350746295,0.0,0.0,6.349832743029566,22.159184037041605,0.0,0.0,0.0,32.182591660230706,0.0,0.0
30,7.5,R3Z5,206.90776915532723,0.0,0.0,48.37308553818205,65.03778723364158,0.0,0.0,0.0,0.0,0.0,0.0,0.0,0.0,0.0,0.0,0.0,50.551512879468326,0.0,0.0
30,7.5,R3Z6,233.64675600670324,0.0,0.0,66.93349702143999,0.0,0.0,0.0,0.0,0.0,0.0,0.0,0.0,0.0,0.0,0.0,0.0,19.028119056357742,0.0,0.0
30,7.5,R3Z7,176.9665008746115,0.0,0.0,66.16494703238365,27.88808689896878,0.0,0.0,0.0,0.0,0.0,0.0,0.0,0.0,0.0,0.0,0.0,14.412096727474088,138.14944557110232,0.0
30,7.5,R3Z8,250.1364513668806,0.0,0.0,27.69961298057136,104.9220268712911,1.0658141036401503e-14,0.0,0.0,109.98939870149259,0.0,0.0,-0.0,0.0,0.0,0.0,0.0,20.371034711936215,0.0,0.0
30,7.5,R3Z9,206.38664567368468,0.0,0.0,72.67904680922035,32.38046446400543,0.0,0.0,0.0,0.0,0.0,0.0,0.0,0.0,0.0,0.0,0.0,33.6161283181567,0.0,0.0
30,7.5,R3Z10,198.86955128148728,0.0,0.0,77.79071966829589,10.065073380095452,0.0,0.0,0.0,54.994699350746295,0.0,0.0,0.0,-0.0,0.0,0.0,0.0,48.58762299734241,0.0,0.0
30,7.5,R4Z1,300.55719241417154,0.0,135.0,64.64649891966785,110.01498711762453,-1.4210854715202004e-14,0.0,0.0,54.994699350746295,0.0,0.0,0.0,212.6330243545364,0.0,0.0,0.0,0.0,0.0,0.0
30,7.5,R4Z2,219.61158836867938,0.0,135.0,67.66301139938025,27.10038894354154,-1.4210854715202004e-14,0.0,0.0,54.994699350746295,0.0,0.0,0.0,208.00370348891448,0.0,0.0,0.0,0.0,0.0,0.0
30,7.5,R4Z3,222.87664740328464,0.0,0.0,0.0,28.765163641866536,40.38151198346717,80.56850995407936,0.0,54.994699350746295,0.0,0.0,0.0,106.3165121772682,0.0,0.0,0.0,0.0,0.0,0.0
31,7.75,R1Z1,142.56325094372175,0.0,135.0,44.71871321789428,59.200636206768586,-7.105427357601002e-15,0.0,0.0,120.0,0.0,0.0,0.0,76.26460242188072,0.0,0.0,0.0,0.0,0.0,0.0
31,7.75,R1Z2,244.97648361033384,0.0,138.34895994544777,21.916699170316825,39.71082449456921,0.0,0.0,0.0,0.0,0.0,0.0,45.0,69.4548335341668,0.0,0.0,0.0,0.0,0.0,0.0
31,7.75,R1Z3,224.73365232095475,0.0,0.0,47.01690020857757,8.915274918671459,0.0,0.0,0.0,0.0,0.0,0.0,0.0,0.0,0.0,0.0,0.0,18.302238667548846,0.0,0.0
31,7.75,R1Z4,278.32005206225847,0.0,0.0,69.54174253602615,0.0,0.0,0.0,0.0,0.0,0.0,0.0,0.0,-0.0,0.0,0.0,0.0,45.332596753540216,0.0,0.0
31,7.75,R1Z5,221.8181500471885,0.0,0.0,55.924546465934036,58.645760802029265,0.0,0.0,0.0,120.0,0.0,0.0,-0.0,-0.0,0.0,0.0,0.0,18.064801070201188,0.0,0.0
31,7.75,R1Z6,180.266832040755,0.0,0.0,66.83867201559568,148.4378596474742,1.4210854715202004e-14,0.0,0.0,60.0,0.0,0.0,84.24358669120784,-0.0,0.0,0.0,0.0,14.68087466998909,13.531198915674054,0.0
31,7.75,R1Z7,182.01725833994539,0.0,0.0,50.136448133037874,9.440746326324255,0.0,0.0,0.0,0.0,0.0,0.0,-0.0,-0.0,0.0,0.0,0.0,14.823428842748152,0.0,0.0
31,7.75,R2Z1,180.0783670295948,0.0,135.0,74.84872971284726,105.0088725479729,-1.4210854715202004e-14,0.0,0.0,120.0,0.0,0.0,0.0,0.0,80.0,0.0,365.4448458837776,0.0,0.0,0.0
31,7.75,R2Z2,234.27774693079465,0.0,135.0,22.03322398689039,18.983206182272106,0.0,0.0,0.0,60.0,0.0,0.0,0.0,105.58481079013733,0.0,0.0,0.0,0.0,0.0,0.0
31,7.75,R2Z3,196.31810086540258,0.0,0.0,75.40954540450201,90.20115837048604,1.4210854715202004e-14,0.0,0.0,120.0,0.0,0.0,0.0,102.1959607122364,0.0,0.0,0.0,0.0,0.0,0.0
31,7.75,R2Z4,118.16147752512887,0.0,0.0,23.221452464468673,0.0,0.0,0.0,0.0,60.0,0.0,0.0,8.44776030211625,97.98092239489507,0.0,0.0,0.0,0.0,0.0,0.0
31,7.75,R2Z5,234.05815578569408,0.0,0.0,77.27115239771578,0.0,0.0,0.0,0.0,0.0,0.0,0.0,0.0,99.46808975426573,0.0,0.0,0.0,0.0,0.0,0.0
31,7.75,R3Z1,196.50557319347962,0.0,135.0,0.0,49.93620067508412,86.64383018714402,37.77124222640644,0.0,60.0,0.0,0.0,0.0,0.0,0.0,0.0,0.0,0.0,0.0,0.0
31,7.75,R3Z2,160.68562289959988,0.0,0.0,94.12920357905512,14.293859144626051,0.0,0.0,0.0,120.0,0.0,0.6073961454855975,0.0,106.61061056047829,0.0,0.0,0.0,0.0,0.0,0.0
31,7.75,R3Z3,206.36595610571484,0.0,0.0,67.05224451886102,19.313711586853827,15.931237132222478,0.0,0.0,120.0,0.0,0.0,0.0,0.0,0.0,0.0,0.0,0.0,0.0,0.0
31,7.75,R3Z4,197.8348965069324,0.0,0.0,51.38188722068265,31.754130914196004,0.0,0.0,0.0,60.0,0.0,0.0,22.47565363249757,16.33028206488977,0.0,0.0,0.0,32.22322473955617,0.0,0.0
31,7.75,R3Z5,192.50430515036396,0.0,0.0,58.52395139633668,0.0,0.0,0.0,0.0,0.0,0.0,0.0,0.0,0.0,0.0,0.0,0.0,47.03247200860931,0.0,0.0
31,7.75,R3Z6,226.87662951402947,0.0,0.0,91.64864140909145,32.18832217282185,0.0,0.0,0.0,0.0,0.0,0.0,0.0,0.0,0.0,0.0,0.0,18.47676206287352,59.847377428326865,0.0
31,7.75,R3Z7,183.1402769001925,0.0,0.0,76.98081213655335,7.974898198775479,0.0,0.0,0.0,0.0,0.0,0.0,-0.0,0.0,0.0,0.0,0.0,14.914887124609633,0.0,0.0
31,7.75,R3Z8,188.6030582796617,0.0,0.0,29.12695963021713,102.83071401417499,3.552713678800501e-15,0.0,0.0,120.0,0.0,0.0,-0.0,-0.0,0.0,0.0,0.0,15.359774339155047,0.0,0.0
31,7.75,R3Z9,227.248409792826,0.0,0.0,75.67061339615653,21.4598099490137,0.0,0.0,0.0,0.0,0.0,0.0,0.0,0.0,0.0,0.0,0.0,37.014079466027844,0.0,0.0
31,7.75,R3Z10,181.38184570218368,0.0,0.0,75.28956875822524,27.820570595616367,1.4210854715202004e-14,0.0,0.0,60.0,0.0,0.0,0.0,-0.0,0.0,0.0,0.0,44.31504310615008,0.0,0.0
31,7.75,R4Z1,276.49918869677043,0.0,135.0,69.36012704527491,86.48069973816985,1.4210854715202004e-14,0.0,0.0,60.0,0.0,0.0,0.0,212.33953473109509,0.0,0.0,0.0,0.0,0.0,0.0
31,7.75,R4Z2,218.21345973841355,0.0,135.0,91.47710460221903,34.258170689710695,0.0,0.0,0.0,60.0,0.0,0.0,0.0,207.71660354855163,0.0,0.0,0.0,0.0,0.0,0.0
31,7.75,R4Z3,207.38592064454681,0.0,0.0,41.185490824216714,61.14773445102301,-7.105427357601002e-15,0.0,0.0,60.0,0.0,0.0,0.0,106.16976736554754,0.0,0.0,0.0,0.0,0.0,0.0
32,8.0,R1Z1,127.90572015462921,0.0,135.0,47.3299347609411,94.07064715923117,1.4210854715202004e-14,0.0,0.0,59.18266360981716,0.0,0.0,0.0,76.15933716727297,0.0,0.0,0.0,0.0,0.0,0.0
32,8.0,R1Z2,219.8967048591951,0.0,135.0,21.88457086445176,94.9753265383079,-3.552713678800501e-15,0.0,0.0,0.0,0.0,31.96319254356453,0.0,77.10252607304575,0.0,0.0,0.0,0.0,0.0,0.0
32,8.0,R1Z3,246.15152657942474,0.0,0.0,43.72217573786764,23.407308739852617,0.0,0.0,0.0,0.0,0.0,0.0,0.0,0.0,0.0,0.0,0.0,20.046503678070003,158.9755384236345,0.0
32,8.0,R1Z4,254.53937240791356,0.0,0.0,77.77917388320668,58.63889744913579,-1.4210854715202004e-14,0.0,0.0,0.0,0.0,0.0,0.0,0.0,0.0,0.0,0.0,41.459214461076485,76.6620866144946,0.0
32,8.0,R1Z5,226.17318188605512,0.0,0.0,64.21029734227287,0.8031855287446132,0.0,0.0,0.0,59.18266360981716,0.0,0.0,0.0,0.0,0.0,0.0,0.0,18.419473507090512,0.0,0.0
32,8.0,R1Z6,187.6370293867743,0.0,0.0,72.804457932487,75.23211677049107,0.0,0.0,0.0,29.59133180490858,0.0,0.0,0.0,0.0,0.0,0.0,0.0,15.281101246919965,0.0,0.0
32,8.0,R1Z7,198.6052495267646,0.0,0.0,39.01098889576671,36.69467297271971,0.0,0.0,0.0,0.0,0.0,0.0,0.0,0.0,0.0,0.0,0.0,16.174349679841022,1.7315533620125336,0.0
32,8.0,R2Z1,190.67634898665446,0.0,135.0,90.69054685509326,4.9194844663257005,0.0,0.0,0.0,59.18266360981716,0.0,0.0,0.0,0.0,80.0,31.989549148146665,375.4019501320055,0.0,0.0,0.0
32,8.0,R2Z2,214.8653146124183,0.0,135.0,23.184869969389624,42.83980016138493,7.105427357601002e-15,0.0,0.0,29.59133180490858,0.0,0.0,0.0,105.43907591920659,0.0,0.0,0.0,0.0,0.0,0.0
32,8.0,R2Z3,171.08381006154266,0.0,0.0,95.97425720505362,15.027919845361819,0.0,0.0,0.0,59.18266360981716,0.0,0.0,0.0,102.05490334771034,0.0,0.0,0.0,0.0,0.0,0.0
32,8.0,R2Z4,149.80868875895501,0.0,0.0,24.833556100775624,63.1901862661895,-3.552713678800501e-15,0.0,0.0,29.59133180490858,0.0,0.0,0.0,97.84568289432642,0.0,0.0,0.0,0.0,0.0,0.0
32,8.0,R2Z5,219.45477795709382,0.0,0.0,81.07261282160974,135.65561767444004,1.4210854715202004e-14,0.0,0.0,0.0,0.0,0.0,0.0,99.33079757072548,0.0,0.0,0.0,0.0,0.0,0.0
32,8.0,R3Z1,204.5460678149954,0.0,135.0,74.41113396623541,54.689358516780054,0.0,0.0,0.0,29.59133180490858,0.0,0.0,0.0,0.0,0.0,0.0,0.0,0.0,0.0,0.0
32,8.0,R3Z2,186.46786434185015,0.0,0.0,105.78333310295379,38.99109858717573,0.0,0.0,0.0,59.18266360981716,0.0,0.0,0.0,106.4634598154648,0.0,0.0,0.0,0.0,0.0,0.0
32,8.0,R3Z3,197.52112871306053,0.0,0.0,113.4561989435239,98.64822134879759,0.0,0.0,0.0,59.18266360981716,0.0,0.0,0.0,0.0,0.0,0.0,0.0,0.0,0.0,0.0
32,8.0,R3Z4,163.0714658271301,0.0,0.0,51.146248105777396,0.7349011509345971,0.0,0.0,0.0,29.59133180490858,0.0,0.0,45.0,4.69854720258583,0.0,0.0,0.0,26.56097879967469,0.0,0.0
32,8.0,R3Z5,215.43375176553772,0.0,0.0,57.24722526566242,4.684798075186367,0.0,0.0,0.0,0.0,0.0,0.0,0.0,0.0,0.0,0.0,0.0,52.63457298634437,0.0,0.0
32,8.0,R3Z6,210.58251603012337,0.0,0.0,93.79782940775202,0.0,0.0,0.0,0.0,0.0,0.0,0.0,0.0,0.0,0.0,0.0,0.0,17.14977453439838,0.0,0.0
32,8.0,R3Z7,134.1264079794418,0.0,0.0,90.14475792597402,10.668643008403011,0.0,0.0,0.0,0.0,0.0,0.0,-0.0,0.0,0.0,0.0,0.0,10.923212901621493,213.04351409354837,0.0
32,8.0,R3Z8,227.94400832917677,0.0,0.0,28.63451003438318,25.590971457401917,0.0,0.0,0.0,59.18266360981716,0.0,0.0,0.0,0.0,0.0,0.0,0.0,18.56368906121915,0.0,0.0
32,8.0,R3Z9,206.23687947378443,0.0,0.0,84.13167407371819,0.0,0.0,0.0,0.0,0.0,0.0,0.0,0.0,0.0,0.0,0.0,0.0,33.591734492785214,0.0,0.0
32,8.0,R3Z10,152.16459554486562,0.0,0.0,105.32655233885775,1.1627300295816072,0.0,0.0,0.0,29.59133180490858,0.0,0.0,0.0,-0.0,0.0,0.0,0.0,37.176711840679154,0.0,0.0
32,8.0,R4Z1,278.1688883185152,0.0,135.0,81.43859507031031,86.21231512222322,0.0,0.0,0.0,29.59133180490858,0.0,0.0,0.0,212.04645020069768,0.0,0.0,0.0,0.0,0.0,0.0
32,8.0,R4Z2,173.5609188150764,0.0,135.0,95.53862421993486,39.534892943170775,0.0,0.0,0.0,29.59133180490858,0.0,0.0,0.0,207.4298998817857,0.0,0.0,0.0,0.0,0.0,0.0
32,8.0,R4Z3,183.22963985078428,0.0,0.0,44.14580146780749,47.779511823282576,0.0,0.0,0.0,29.59133180490858,0.0,0.0,0.0,106.02322510034884,0.0,0.0,0.0,0.0,0.0,0.0
33,8.25,R1Z1,133.10506543919806,0.0,135.0,41.70548945134723,178.6874780645309,7.105427357601002e-15,0.0,0.0,109.95592558233221,0.0,0.0,0.0,76.05421720646437,0.0,0.0,0.0,0.0,0.0,0.0
33,8.25,R1Z2,236.0105777794995,0.0,135.0,27.44006416055882,154.59665587491028,-1.4210854715202004e-14,0.0,0.0,0.0,0.0,45.0,0.0,87.89802317502529,0.0,0.0,0.0,0.0,0.0,0.0
33,8.25,R1Z3,201.28683126368233,0.0,0.0,52.81930400929623,62.911521199716375,7.105427357601002e-15,0.0,0.0,0.0,0.0,0.0,0.0,0.0,0.0,0.0,0.0,16.392736861505814,0.0,0.0
33,8.25,R1Z4,251.57822927770212,0.0,0.0,76.94124439222128,137.2545172691194,1.4210854715202004e-14,0.0,0.0,0.0,0.0,-0.0,0.0,-0.0,0.0,0.0,0.0,40.97690531210664,0.0,0.0
33,8.25,R1Z5,255.34801396244168,0.0,0.0,62.51351743920472,33.4188285633564,0.0,0.0,0.0,109.95592558233221,0.0,0.0,0.0,-0.0,0.0,0.0,0.0,20.795462746944548,0.0,0.0
33,8.25,R1Z6,166.18420667022838,0.0,0.0,74.69605140116543,40.93359408766928,0.0,0.0,0.0,54.97796279116611,0.0,-0.0,0.0,-0.0,0.0,0.0,0.0,13.533990044855338,0.0,0.0
33,8.25,R1Z7,213.46445521796312,0.0,0.0,41.07864338454394,77.30914393432434,7.105427357601002e-15,0.0,0.0,0.0,0.0,29.31135953851168,0.0,7.101112553162484,0.0,0.0,0.0,17.38447876447904,0.0,0.0
33,8.25,R2Z1,218.65830369108315,0.0,135.0,97.10085470909334,24.824380773279124,1.4210854715202004e-14,0.0,0.0,109.95592558233221,0.0,0.0,0.0,0.0,80.0,0.0,393.9297870996364,0.0,0.0,0.0
33,8.25,R2Z2,211.84216735389694,0.0,135.0,24.98246165567133,2.2802567126920237,0.0,0.0,0.0,54.97796279116611,0.0,0.0,0.0,105.29354220081329,0.0,0.0,0.0,0.0,0.0,0.0
33,8.25,R2Z3,133.19825949833066,0.0,0.0,94.25383210064163,70.66596705617198,0.0,0.0,0.0,109.95592558233221,0.0,0.0,0.0,101.9140406795299,0.0,0.0,0.0,0.0,0.0,0.0
33,8.25,R2Z4,126.57357354302559,0.0,0.0,0.0,0.0,27.032683458355915,52.69043106706264,0.0,54.97796279116611,0.0,0.0,0.0,97.71063005991753,0.0,0.0,0.0,0.0,0.0,0.0
33,8.25,R2Z5,210.2377644937263,0.0,0.0,82.86421762555307,66.52443302009283,0.0,0.0,0.0,0.0,0.0,0.0,0.0,99.19369488658857,0.0,0.0,0.0,0.0,0.0,0.0
33,8.25,R3Z1,200.17092991528756,0.0,135.0,0.0,0.0,85.13660940037792,39.03371398536375,0.0,54.97796279116611,0.0,0.0,0.0,0.0,0.0,0.0,0.0,0.0,0.0,0.0
33,8.25,R3Z2,166.00438540987395,0.0,0.0,111.54767368387115,4.0664334649281075,0.0,0.0,0.0,109.95592558233221,0.0,0.0,0.0,106.3165121772682,0.0,0.0,0.0,0.0,0.0,0.0
33,8.25,R3Z3,180.0362148968714,0.0,0.0,87.33338974003878,103.79313823496945,0.0,0.0,0.0,109.95592558233221,0.0,0.0,0.0,0.0,0.0,0.0,0.0,0.0,0.0,0.0
33,8.25,R3Z4,221.21117782774152,0.0,0.0,66.14547408662285,17.517140353967633,0.0,0.0,0.0,54.97796279116611,0.0,0.0,18.187548130012633,0.0,0.0,0.0,0.0,36.03073888329636,0.0,0.0
33,8.25,R3Z5,210.45344389687065,0.0,0.0,60.78271860719947,66.21548954668846,7.105427357601002e-15,0.0,0.0,0.0,0.0,0.0,0.0,0.0,0.0,0.0,0.0,51.41778882017011,0.0,0.0
33,8.25,R3Z6,227.71161738304338,0.0,0.0,87.0564664968692,77.76819686026593,0.0,0.0,0.0,0.0,0.0,0.0,0.0,0.0,0.0,0.0,0.0,18.54476321492784,0.0,0.0
33,8.25,R3Z7,162.9345057077329,0.0,0.0,89.58363446191015,0.0,0.0,0.0,0.0,0.0,0.0,0.0,-0.0,0.0,0.0,0.0,0.0,13.26933541036022,0.0,0.0
33,8.25,R3Z8,253.6125693157487,0.0,0.0,30.58962967364203,41.4541213823317,-7.105427357601002e-15,0.0,0.0,109.95592558233221,0.0,0.0,-0.0,0.0,0.0,0.0,0.0,20.65412867529989,0.0,0.0
33,8.25,R3Z9,205.19998558348743,0.0,0.0,80.29333903098049,35.87767610686381,0.0,0.0,0.0,0.0,0.0,0.0,0.0,0.0,0.0,0.0,0.0,33.422845861668804,0.0,0.0
33,8.25,R3Z10,173.2124051202948,0.0,0.0,110.25379832098439,14.689455096327604,0.0,0.0,0.0,54.97796279116611,0.0,0.0,0.0,0.0,0.0,0.0,0.0,42.31909301457385,39.07120348876927,0.0
33,8.25,R4Z1,287.96161710104343,0.0,135.0,43.53611628083834,131.77474979823765,39.17756265702552,0.0,0.0,54.97796279116611,0.0,0.0,0.0,211.75377020420896,0.0,0.0,0.0,0.0,0.0,0.0
33,8.25,R4Z2,200.53648139893534,0.0,135.0,102.46187377658558,39.03427030181657,1.4210854715202004e-14,0.0,0.0,54.97796279116611,0.0,0.0,0.0,207.1435919416547,0.0,0.0,0.0,0.0,0.0,0.0
33,8.25,R4Z3,186.61314804499213,0.0,0.0,0.0,0.0,58.78468940312342,76.42953916001777,0.0,54.97796279116611,0.0,0.0,0.0,105.87688510210448,0.0,0.0,0.0,0.0,0.0,0.0
34,8.5,R1Z1,126.0832579661305,0.0,135.0,65.17202992853956,2.139912918859266,0.0,0.0,0.0,70.6734157822799,0.0,0.0,0.0,75.94924233891119,0.0,0.0,0.0,0.0,0.0,0.0
34,8.5,R1Z2,219.3182657758722,0.0,138.1463093885192,30.816951527963766,5.35500485938919,0.0,0.0,0.0,0.0,0.0,0.0,45.0,76.16750596481128,0.0,0.0,0.0,0.0,0.0,0.0
34,8.5,R1Z3,214.77711253825072,0.0,0.0,58.842288349877286,21.660312466487404,-7.105427357601002e-15,0.0,0.0,0.0,0.0,0.0,0.0,0.0,0.0,0.0,0.0,17.49138116790858,0.0,0.0
34,8.5,R1Z4,234.46000504517892,0.0,0.0,82.96725625113896,34.32567011040947,1.4210854715202004e-14,0.0,0.0,0.0,0.0,0.0,0.0,-0.0,0.0,0.0,0.0,38.18869960964412,21.847313748993884,0.0
34,8.5,R1Z5,218.04062446329905,0.0,0.0,62.05122396038048,50.58030227345297,0.0,0.0,0.0,70.6734157822799,0.0,0.0,-0.0,0.0,0.0,0.0,0.0,17.757160562893553,0.0,0.0
34,8.5,R1Z6,209.11775883449187,0.0,0.0,80.74366064429297,125.53819521095345,1.4210854715202004e-14,0.0,0.0,35.33670789113995,0.0,0.0,0.0,-0.0,0.0,0.0,0.0,17.030485164481625,0.0,0.0
34,8.5,R1Z7,159.52510198400117,0.0,0.0,52.82383326373862,24.304145061115022,7.105427357601002e-15,0.0,0.0,0.0,0.0,0.0,27.487608566793003,-0.0,0.0,0.0,0.0,12.9916746327182,0.0,0.0
34,8.5,R2Z1,217.4055427480628,0.0,135.0,85.75024278421796,132.87093072570326,-1.4210854715202004e-14,0.0,0.0,70.6734157822799,0.0,0.0,0.0,0.0,80.0,31.117387187681288,404.1110247033408,0.0,0.0,0.0
34,8.5,R2Z2,229.11269028183966,0.0,135.0,26.934413363579456,12.372823720936207,0.0,0.0,0.0,35.33670789113995,0.0,0.0,0.0,105.1482093573139,0.0,0.0,0.0,0.0,0.0,0.0
34,8.5,R2Z3,163.33532780753043,0.0,0.0,84.00338605830694,74.25579682766218,0.0,0.0,0.0,70.6734157822799,0.0,0.0,0.0,101.7733724389628,0.0,0.0,0.0,0.0,0.0,0.0
34,8.5,R2Z4,152.76538920317125,0.0,0.0,25.43080922639265,1.3581424967024214,0.0,0.0,0.0,35.33670789113995,0.0,0.0,0.0,97.5757636340199,0.0,0.0,0.0,0.0,0.0,0.0
34,8.5,R2Z5,205.6896752167114,0.0,0.0,97.2568296058766,31.302087707258938,0.0,0.0,0.0,0.0,0.0,0.0,0.0,99.05678144029588,0.0,0.0,0.0,0.0,0.0,0.0
34,8.5,R3Z1,168.67064708744456,0.0,135.0,91.83549618461811,0.0,0.0,0.0,0.0,35.33670789113995,0.0,0.0,0.0,0.0,0.0,0.0,0.0,0.0,0.0,0.0
34,8.5,R3Z2,134.31681049808773,0.0,0.0,108.49684017265592,8.559793907518591,0.0,0.0,0.0,70.6734157822799,0.0,0.0,0.0,106.16976736554754,0.0,0.0,0.0,0.0,0.0,0.0
34,8.5,R3Z3,210.2042615537489,0.0,0.0,105.70695221273066,28.40964148775025,-1.4210854715202004e-14,0.0,5.414252070988056,70.6734157822799,0.0,0.0,0.0,0.0,0.0,0.0,0.0,0.0,0.0,0.0
34,8.5,R3Z4,224.057365098875,0.0,0.0,61.65928066331909,45.96273643535927,0.0,0.0,0.0,35.33670789113995,0.0,0.0,-0.0,0.0,0.0,0.0,0.0,36.4943240935294,0.0,0.0
34,8.5,R3Z5,190.98050635566125,0.0,0.0,65.72509181195628,0.0,0.0,0.0,0.0,0.0,0.0,0.0,0.0,0.0,0.0,0.0,0.0,46.660178910527016,50.85797643896524,0.0
34,8.5,R3Z6,226.8258342046196,0.0,0.0,103.84910103146075,57.668797641297374,-1.4210854715202004e-14,0.0,0.0,0.0,0.0,0.0,0.0,0.0,0.0,0.0,0.0,18.4726253086918,0.0,0.0
34,8.5,R3Z7,153.2894422821956,0.0,0.0,86.32710185172674,46.03951797755293,-1.4210854715202004e-14,0.0,0.0,0.0,0.0,0.0,-0.0,-0.0,0.0,0.0,0.0,12.483844448260237,0.0,0.0
34,8.5,R3Z8,244.94622382925215,0.0,0.0,39.88074693277494,83.84025088611313,0.0,0.0,0.0,70.6734157822799,0.0,0.0,-0.0,0.0,0.0,0.0,0.0,19.94834419740261,0.0,0.0
34,8.5,R3Z9,189.3984001340992,0.0,0.0,85.63309217107259,11.052114455023359,0.0,0.0,0.0,0.0,0.0,0.0,0.0,0.0,0.0,0.0,0.0,30.84909346425445,0.0,0.0
34,8.5,R3Z10,170.08167865365132,0.0,0.0,112.85072645888405,17.144208820324533,0.0,0.0,0.0,35.33670789113995,0.0,0.0,-0.0,0.0,0.0,0.0,0.0,41.55419684877637,0.0,0.0
34,8.5,R4Z1,255.533705451851,0.0,135.0,92.56814945566833,68.45233929396915,-1.4210854715202004e-14,0.0,0.0,35.33670789113995,1094.6058843258256,0.0,0.0,211.46149418326553,0.0,0.0,0.0,0.0,0.0,0.0
34,8.5,R4Z2,209.10080844009622,0.0,135.0,112.81328665129843,53.12877428751474,0.0,0.0,0.0,35.33670789113995,0.0,0.0,0.0,206.85767918195154,0.0,0.0,0.0,0.0,0.0,0.0
34,8.5,R4Z3,200.22823278560182,0.0,0.0,23.012291123716025,85.50119670918035,30.901548894658355,0.0,0.0,35.33670789113995,0.0,0.0,0.0,105.73074709163276,0.0,0.0,0.0,0.0,0.0,0.0
35,8.75,R1Z1,151.94545778756262,0.0,135.0,52.370062837437075,90.35781645436734,0.0,0.0,0.0,89.73582871402141,0.0,0.0,0.0,75.8444123643465,0.0,0.0,0.0,0.0,0.0,0.0
35,8.75,R1Z2,244.1342368049851,0.0,135.0,29.637876341051708,79.89268478531903,7.105427357601002e-15,0.0,0.0,0.0,0.0,0.39632432138566287,0.0,76.1583901870119,0.0,0.0,0.0,0.0,0.0,0.0
35,8.75,R1Z3,187.01698574355794,0.0,0.0,59.045031341981826,19.492676785685376,7.105427357601002e-15,0.0,0.0,0.0,0.0,0.0,0.0,0.0,0.0,0.0,0.0,15.230605085685353,0.0,0.0
35,8.75,R1Z4,274.8276147666901,0.0,0.0,99.27009933841836,23.14429430700575,0.0,0.0,0.0,0.0,0.0,0.0,0.0,0.0,0.0,0.0,0.0,44.76375074178534,0.0,0.0
35,8.75,R1Z5,205.16569678146803,0.0,0.0,65.08480998389487,21.02208164808303,0.0,0.0,0.0,89.73582871402141,0.0,0.0,-0.0,0.0,0.0,0.0,0.0,16.708630461474776,0.0,0.0
35,8.75,R1Z6,199.75392584379708,0.0,0.0,80.75476209431413,87.76838821259939,0.0,0.0,0.0,44.867914357010704,0.0,0.0,0.0,-0.0,0.0,0.0,0.0,16.2678975214258,111.85039795048517,0.0
35,8.75,R1Z7,198.92897484528882,0.0,0.0,54.401090129909974,16.80495739151827,0.0,0.0,0.0,0.0,0.0,0.0,0.0,-0.0,0.0,0.0,0.0,16.200713768980183,0.0,0.0
35,8.75,R2Z1,184.83372884019585,0.0,135.0,15.69663623712168,0.0,78.14406932702217,0.0,0.0,89.73582871402141,0.0,0.0,0.0,0.0,80.0,0.0,422.6291553057545,0.0,0.0,0.0
35,8.75,R2Z2,197.8446725829957,0.0,135.0,27.58467205179933,44.40142960554017,0.0,0.0,0.0,44.867914357010704,0.0,0.0,0.0,105.00307711144812,0.0,0.0,0.0,0.0,0.0,0.0
35,8.75,R2Z3,170.62144303766252,0.0,0.0,96.23792459150286,24.66376444231586,0.0,0.0,0.0,89.73582871402141,0.0,0.0,0.0,101.63289835764765,0.0,0.0,0.0,0.0,0.0,0.0
35,8.75,R2Z4,139.28790652154197,0.0,0.0,28.253400052567883,73.20633169422811,-7.105427357601002e-15,0.0,0.0,44.867914357010704,0.0,0.0,0.0,97.44108335934067,0.0,0.0,0.0,0.0,0.0,0.0
35,8.75,R2Z5,187.0353076113421,0.0,0.0,95.33307051951977,98.10815561541011,0.0,0.0,0.0,0.0,0.0,0.0,0.0,98.92005697064933,0.0,0.0,0.0,0.0,0.0,0.0
35,8.75,R3Z1,180.63525514881962,0.0,135.0,113.14126972835905,15.89382361770368,-1.4210854715202004e-14,0.0,0.0,44.867914357010704,0.0,0.0,0.0,0.0,0.0,0.0,0.0,0.0,0.0,0.0
35,8.75,R3Z2,175.2987529830423,0.0,0.0,109.09078263859897,0.0,0.0,0.0,0.0,89.73582871402141,0.0,0.0,0.0,106.02322510034884,0.0,0.0,0.0,0.0,0.0,0.0
35,8.75,R3Z3,186.2153473998883,0.0,0.0,92.1783593168046,34.55342453662157,0.0,0.0,0.0,89.73582871402141,0.0,0.0,0.0,0.0,0.0,0.0,0.0,0.0,0.0,0.0
35,8.75,R3Z4,189.8598247131923,0.0,0.0,54.29972780428945,46.29468245212563,0.0,0.0,0.0,44.867914357010704,0.0,0.0,-0.0,0.0,0.0,0.0,0.0,30.924250012340753,0.0,0.0
35,8.75,R3Z5,207.3723439755676,0.0,0.0,67.71723857376003,59.5981661642241,0.0,0.0,0.0,0.0,0.0,0.0,0.0,0.0,0.0,0.0,0.0,50.66501736557212,0.0,0.0
35,8.75,R3Z6,252.35862061452576,0.0,0.0,119.89368263172094,33.199339486007425,0.0,0.0,0.0,0.0,0.0,0.0,0.0,0.0,0.0,0.0,0.0,20.552007483526314,0.0,0.0
35,8.75,R3Z7,214.25688573957655,0.0,0.0,99.82905201904651,0.0,0.0,0.0,0.0,0.0,0.0,0.0,0.0,0.0,0.0,0.0,0.0,17.449014059412555,24.736516456561745,0.0
35,8.75,R3Z8,166.92415613250012,0.0,0.0,39.116018160613635,93.37161275361518,7.105427357601002e-15,0.0,0.0,89.73582871402141,0.0,0.0,-0.0,0.0,0.0,0.0,0.0,13.594251298657598,0.0,0.0
35,8.75,R3Z9,193.00529898823123,0.0,0.0,74.63159617353215,13.736799978623042,0.0,0.0,0.0,0.0,0.0,0.0,0.0,0.0,0.0,0.0,0.0,31.436582903386196,0.0,0.0
35,8.75,R3Z10,181.49241385607897,0.0,0.0,107.1310056538683,0.0,0.0,0.0,0.0,44.867914357010704,0.0,0.0,-0.0,0.0,0.0,0.0,0.0,44.342057014223776,0.0,0.0
35,8.75,R4Z1,246.80318148965787,0.0,135.0,90.20722879916713,118.36489573902972,0.0,0.0,0.0,44.867914357010704,0.0,0.0,0.0,211.16962158027465,0.0,0.0,0.0,0.0,0.0,0.0
35,8.75,R4Z2,214.397490763309,0.0,135.0,0.0,0.0,113.18278683249635,31.06733517127353,0.0,44.867914357010704,0.0,0.0,0.0,206.57216105722304,0.0,0.0,0.0,0.0,0.0,0.0
35,8.75,R4Z3,234.96236498538002,0.0,0.0,57.44476844039879,90.32739540273623,-7.105427357601002e-15,0.0,0.0,44.867914357010704,0.0,0.0,0.0,105.58481079013733,0.0,0.0,0.0,0.0,0.0,0.0
36,9.0,R1Z1,153.40974285641224,0.0,135.0,62.55076727829447,155.47073475487878,-7.105427357601002e-15,0.0,0.0,80.89390948445259,0.0,0.0,0.0,75.73972708277977,0.0,0.0,0.0,0.0,0.0,0.0
36,9.0,R1Z2,239.924220277717,0.0,135.0,29.730900000195987,118.29629835132647,3.552713678800501e-15,0.0,0.0,0.0,0.0,43.10297807380542,0.0,86.4956086850795,0.0,0.0,0.0,0.0,0.0,0.0
36,9.0,R1Z3,210.95051261507467,0.0,0.0,54.041935010411585,29.327226396026965,0.0,0.0,0.0,0.0,0.0,0.0,0.0,0.0,0.0,0.0,0.0,17.17974406169019,0.0,0.0
36,9.0,R1Z4,239.48805161928743,0.0,0.0,98.30502889961805,21.654569819231146,0.0,0.0,0.0,0.0,0.0,0.0,-0.0,0.0,0.0,0.0,0.0,39.00766470437288,0.0,0.0
36,9.0,R1Z5,235.35427653879762,0.0,0.0,66.37321834481268,8.938035533047783,0.0,0.0,0.0,80.89390948445259,0.0,0.0,-0.0,0.0,0.0,0.0,0.0,19.167178996804488,152.77239170416448,0.0
36,9.0,R1Z6,192.37508961109435,0.0,0.0,86.60086005444623,44.3437291437941,0.0,0.0,0.0,40.446954742226296,0.0,0.0,0.0,0.0,0.0,0.0,0.0,15.6669673962534,0.0,0.0
36,9.0,R1Z7,173.39604731333395,0.0,0.0,52.616572350407196,26.827402808095812,-7.105427357601002e-15,0.0,0.0,0.0,0.0,0.0,0.0,0.0,0.0,0.0,0.0,14.121320101209964,0.0,0.0
36,9.0,R2Z1,198.67795479559072,0.0,135.0,110.72945058647153,96.89099113025051,-1.4210854715202004e-14,0.0,0.0,80.89390948445259,0.0,0.0,0.0,0.0,80.0,0.0,441.14102503973385,0.0,0.0,0.0
36,9.0,R2Z2,199.99866890277383,0.0,135.0,0.0,0.0,28.235385136869773,6.112388504651266,0.0,40.446954742226296,0.0,0.0,0.0,104.85814518633833,0.0,0.0,0.0,0.0,0.0,0.0
36,9.0,R2Z3,175.9383044872776,0.0,0.0,98.59055404002122,77.41916237788742,0.0,0.0,0.0,80.89390948445259,0.0,0.0,0.0,101.49261816759353,0.0,0.0,0.0,0.0,0.0,0.0
36,9.0,R2Z4,151.3431547161919,0.0,0.0,30.797406775709618,8.627990642566957,3.552713678800501e-15,0.0,0.0,40.446954742226296,0.0,0.0,0.0,97.30658897894206,0.0,0.0,0.0,0.0,0.0,0.0
36,9.0,R2Z5,177.94194754036135,0.0,0.0,53.69602137902643,12.43746057050171,58.480309655423014,0.0,0.0,0.0,0.0,0.0,0.0,98.78352121681128,0.0,0.0,0.0,0.0,0.0,0.0
36,9.0,R3Z1,153.23628095396631,0.0,135.0,106.99658662601337,47.43880344758236,1.4210854715202004e-14,0.0,0.0,40.446954742226296,0.0,0.0,0.0,0.0,0.0,0.0,0.0,0.0,0.0,0.0
36,9.0,R3Z2,165.61923365062864,0.0,0.0,107.26893676493818,16.99713183196963,0.0,0.0,0.0,80.89390948445259,0.0,0.0,0.0,105.87688510210448,0.0,0.0,0.0,0.0,0.0,0.0
36,9.0,R3Z3,229.9186231571393,0.0,0.0,117.16444448618616,4.008794489760721,0.0,0.0,27.851474696739842,80.89390948445259,0.0,0.0,0.0,0.0,0.0,0.0,0.0,0.0,0.0,0.0
36,9.0,R3Z4,198.43858555201595,0.0,0.0,75.08582477253242,50.72728835036049,-1.4210854715202004e-14,0.0,0.0,40.446954742226296,0.0,45.0,0.0,10.901918912101657,0.0,0.0,0.0,0.0,0.0,0.0
36,9.0,R3Z5,201.77420141723786,0.0,0.0,72.37905750807701,44.47420519285468,0.0,0.0,0.0,0.0,0.0,0.0,0.0,0.0,0.0,0.0,0.0,49.29728440516279,0.0,0.0
36,9.0,R3Z6,198.9164189318813,0.0,0.0,111.22032248299445,85.09651840186103,0.0,0.0,0.0,0.0,0.0,0.0,0.0,0.0,0.0,0.0,0.0,0.0,0.0,0.0
36,9.0,R3Z7,161.33699248448136,0.0,0.0,118.6831911171326,44.415019378209486,-1.4210854715202004e-14,0.0,0.0,0.0,0.0,-0.0,0.0,0.0,0.0,0.0,0.0,0.0,0.0,0.0
36,9.0,R3Z8,191.47708842058876,0.0,0.0,36.3614210614344,72.89773099313324,7.105427357601002e-15,0.0,0.0,80.89390948445259,0.0,45.0,0.0,10.901918912101657,0.0,0.0,0.0,0.0,0.0,0.0
36,9.0,R3Z9,187.0604483529131,0.0,0.0,106.02081546632444,0.0,0.0,0.0,0.0,0.0,0.0,0.0,0.0,0.0,0.0,0.0,0.0,16.97551148266782,0.0,0.0
36,9.0,R3Z10,163.57493123750146,0.0,0.0,112.97456644971132,51.142634741562574,0.0,0.0,0.0,40.446954742226296,0.0,0.2398125228263056,0.0,0.058098148399086925,0.0,0.0,0.0,0.0,0.0,0.0
36,9.0,R4Z1,226.3049911603024,0.0,135.0,95.973321207845,86.56654854105633,13.166058467653158,0.0,0.0,40.446954742226296,0.0,0.0,0.0,210.87815183841317,0.0,0.0,0.0,0.0,0.0,0.0
36,9.0,R4Z2,200.58195038725768,0.0,135.0,123.42753857271549,15.267817230465573,0.0,0.0,0.0,40.446954742226296,0.0,0.0,0.0,206.28703702276894,0.0,0.0,0.0,0.0,0.0,0.0
36,9.0,R4Z3,189.9440093736464,0.0,0.0,0.0,0.0,65.88585081992677,22.667691704291805,0.0,40.446954742226296,0.0,0.0,0.0,105.43907591920659,0.0,0.0,0.0,0.0,0.0,0.0
37,9.25,R1Z1,121.33774516004088,0.0,135.0,64.6721443243794,100.6822577228153,1.4210854715202004e-14,0.0,0.0,114.98679745227963,0.0,0.0,0.0,75.63518629449652,0.0,0.0,0.0,0.0,0.0,0.0
37,9.25,R1Z2,213.06760337893257,0.0,135.0,30.801513338003943,45.994603738761626,-7.105427357601002e-15,0.0,0.0,0.0,0.0,0.0,1.2714863021670055,86.04820123100822,0.0,0.0,0.0,0.0,0.0,0.0
37,9.25,R1Z3,178.18929556529906,0.0,0.0,72.81969994530387,24.55249919768353,0.0,0.0,0.0,0.0,0.0,0.0,0.0,0.0,0.0,0.0,0.0,14.511680746330388,0.0,0.0
37,9.25,R1Z4,242.19143016388443,0.0,0.0,98.85647973567987,54.31953468966498,0.0,0.0,0.0,0.0,0.0,0.0,0.0,-0.0,0.0,0.0,0.0,39.4479893181631,0.0,0.0
37,9.25,R1Z5,247.93553140481595,0.0,0.0,80.37118113698652,31.34823937877894,0.0,0.0,0.0,114.98679745227963,0.0,0.0,0.0,-0.0,0.0,0.0,0.0,20.191792475547196,0.0,0.0
37,9.25,R1Z6,207.84123595138612,0.0,0.0,91.77398095991317,70.39140362405537,-1.4210854715202004e-14,0.0,0.0,57.493398726139816,0.0,0.0,0.0,-0.0,0.0,0.0,0.0,16.926525538364647,0.0,0.0
37,9.25,R1Z7,185.79435615500012,0.0,0.0,57.73213607368449,27.885411583028468,7.105427357601002e-15,0.0,0.0,0.0,0.0,10.067204000435652,0.0,2.438929815207442,0.0,0.0,0.0,15.131034512695088,0.0,0.0
37,9.25,R2Z1,208.74121686526965,0.0,135.0,93.69349082649626,62.901298527543815,-1.4210854715202004e-14,0.0,0.0,114.98679745227963,0.0,0.0,0.0,0.0,80.0,0.0,459.64663602204064,0.0,0.0,0.0
37,9.25,R2Z2,176.92257366738724,0.0,135.0,0.0,0.0,31.96313364641934,47.96362637988618,0.0,57.493398726139816,0.0,0.0,0.0,104.7134133054891,0.0,0.0,0.0,0.0,0.0,0.0
37,9.25,R2Z3,131.9581687077737,0.0,0.0,0.0,0.0,95.39123245911458,0.0,0.0,114.98679745227963,0.0,0.0,0.0,101.35253160117941,0.0,0.0,0.0,0.0,0.0,0.0
37,9.25,R2Z4,131.88888813736972,0.0,0.0,29.33223671373706,76.63600738394929,0.0,0.0,0.0,57.493398726139816,0.0,0.0,0.0,97.17228023624097,0.0,0.0,0.0,0.0,0.0,0.0
37,9.25,R2Z5,147.49936850525373,0.0,0.0,0.0,0.0,112.64274100433607,160.86124632622366,0.0,0.0,0.0,0.0,0.0,98.64717391830423,0.0,0.0,0.0,0.0,0.0,0.0
37,9.25,R3Z1,170.17133615591342,0.0,135.0,103.85447686303166,19.716143969822063,1.4210854715202004e-14,0.0,0.0,57.493398726139816,0.0,0.0,0.0,0.0,0.0,0.0,0.0,0.0,0.0,0.0
37,9.25,R3Z2,189.5876379834048,0.0,0.0,113.6303292413491,8.362896588025535,0.0,0.0,0.0,114.98679745227963,0.0,0.0,0.0,105.73074709163276,0.0,0.0,0.0,0.0,0.0,0.0
37,9.25,R3Z3,208.52148287653455,0.0,0.0,25.37494847297421,77.47588365542109,74.68218459576624,0.0,0.0,114.98679745227963,0.0,0.0,0.0,0.0,0.0,0.0,0.0,0.0,0.0,0.0
37,9.25,R3Z4,212.54718954580127,0.0,0.0,65.97474102636649,60.29332103149417,0.0,0.0,0.0,57.493398726139816,0.0,5.833825105711156,0.0,12.300202240265662,0.0,0.0,0.0,34.619553867511954,0.0,0.0
37,9.25,R3Z5,214.72542243627234,0.0,0.0,65.08473758301682,9.721125381598737,0.0,0.0,0.0,0.0,0.0,0.0,0.0,0.0,0.0,0.0,0.0,52.46151462629611,0.0,0.0
37,9.25,R3Z6,244.609843208631,0.0,0.0,106.64774678735215,46.283364985168035,1.4210854715202004e-14,0.0,0.0,0.0,0.0,0.0,0.0,0.0,0.0,0.0,0.0,19.92094946440128,0.0,0.0
37,9.25,R3Z7,202.21651521207139,0.0,0.0,97.9841717247411,0.0,0.0,0.0,0.0,0.0,0.0,0.0,0.0,-0.0,0.0,0.0,0.0,16.468450032778023,0.0,0.0
37,9.25,R3Z8,199.50532770700352,0.0,0.0,39.32938580857534,75.9416101711327,0.0,0.0,0.0,114.98679745227963,0.0,0.0,0.0,10.886871390269086,0.0,0.0,0.0,16.247651766573718,0.0,0.0
37,9.25,R3Z9,185.00723400100125,0.0,0.0,89.80251061412679,19.607496057550996,0.0,0.0,0.0,0.0,0.0,0.0,0.0,0.0,0.0,0.0,0.0,30.13386305913437,0.0,0.0
37,9.25,R3Z10,126.08439284950734,0.0,0.0,118.95253323277751,2.880434368538517,0.0,0.0,0.0,57.493398726139816,0.0,21.883095654893737,0.0,5.3595231659822575,0.0,0.0,0.0,30.80482108067671,0.0,0.0
37,9.25,R4Z1,235.87139486439892,0.0,135.0,108.3890178338699,80.03083198564883,0.0,0.0,0.0,57.493398726139816,0.0,0.0,0.0,210.58708440162658,0.0,0.0,0.0,0.0,0.0,0.0
37,9.25,R4Z2,166.47897097739016,0.0,135.0,0.0,0.0,125.39699073137386,45.38828857975558,0.0,57.493398726139816,0.0,0.0,0.0,206.00230653464078,0.0,0.0,0.0,0.0,0.0,0.0
37,9.25,R4Z3,182.15474408099462,0.0,0.0,64.60615151377195,15.787169743832354,0.0,0.0,0.0,57.493398726139816,0.0,0.0,0.0,105.29354220081329,0.0,0.0,0.0,0.0,0.0,0.0
38,9.5,R1Z1,138.01933910472692,0.0,135.0,66.83637251621089,0.0,0.0,0.0,0.0,98.78888816995014,0.0,0.0,0.0,75.53078980005795,0.0,0.0,0.0,0.0,0.0,0.0
38,9.5,R1Z2,216.4042738575305,0.0,135.0,35.574119400640626,23.810841593245517,0.0,0.0,0.0,0.0,0.0,0.0,22.019312863644416,80.24884332664011,0.0,0.0,0.0,0.0,0.0,0.0
38,9.5,R1Z3,180.6472564528709,0.0,0.0,60.98109020784173,34.80513529139668,-7.105427357601002e-15,0.0,0.0,0.0,0.0,0.0,0.0,0.0,0.0,0.0,0.0,14.711856315655416,0.0,0.0
38,9.5,R1Z4,237.32412635898075,0.0,0.0,98.9500218833875,25.123833735371836,0.0,0.0,0.0,0.0,0.0,0.0,0.0,-0.0,0.0,0.0,0.0,38.65520590557839,0.0,0.0
38,9.5,R1Z5,187.2418396364291,0.0,0.0,73.34081535920426,23.741854176255952,0.0,0.0,0.0,98.78888816995014,0.0,0.0,0.0,-0.0,0.0,0.0,0.0,15.248917116705869,0.0,0.0
38,9.5,R1Z6,165.6269338111132,0.0,0.0,94.7135727647585,103.64642198774872,0.0,0.0,0.0,49.39444408497507,0.0,0.0,0.0,-0.0,0.0,0.0,0.0,13.488605916732386,0.0,0.0
38,9.5,R1Z7,192.5051820656897,0.0,0.0,63.8750079077434,19.715925948763676,0.0,0.0,0.0,0.0,0.0,64.79308867875568,0.0,18.132652312283373,0.0,0.0,0.0,15.67756208524751,0.0,0.0
38,9.5,R2Z1,231.18466276989437,0.0,135.0,0.0,0.0,98.11310133171702,0.6198112987357307,0.0,98.78888816995014,0.0,0.0,0.0,0.0,80.0,0.0,478.14599036872113,0.0,0.0,0.0
38,9.5,R2Z2,205.10450213253637,0.0,135.0,0.0,0.0,30.04959623030761,32.23460457200733,0.0,49.39444408497507,0.0,0.0,0.0,104.5688811927866,0.0,0.0,0.0,0.0,0.0,0.0
38,9.5,R2Z3,151.3969863738438,0.0,0.0,123.65321547686148,93.74825518021697,0.0,0.0,0.0,98.78888816995014,0.0,0.0,0.0,101.2126383911536,0.0,0.0,0.0,0.0,0.0,0.0
38,9.5,R2Z4,157.54032079794848,0.0,0.0,31.03964275270724,7.529295659579991,-3.552713678800501e-15,0.0,0.0,49.39444408497507,0.0,0.0,0.0,97.03815687500844,0.0,0.0,0.0,0.0,0.0,0.0
38,9.5,R2Z5,149.29931366704463,0.0,0.0,115.54110080782363,92.71173676598085,1.4210854715202004e-14,0.0,0.0,0.0,0.0,0.0,0.0,98.51101481501011,0.0,0.0,0.0,0.0,0.0,0.0
38,9.5,R3Z1,128.28782245968924,0.0,135.0,99.25752313397543,69.61244177947886,-1.4210854715202004e-14,0.0,0.0,49.39444408497507,0.0,0.0,0.0,0.0,0.0,0.0,0.0,0.0,0.0,0.0
38,9.5,R3Z2,181.5649460778429,0.0,0.0,0.0,0.0,116.74029803089353,29.457569936660086,0.0,98.78888816995014,0.0,0.0,0.0,105.58481079013733,0.0,0.0,0.0,0.0,0.0,0.0
38,9.5,R3Z3,215.61277698217611,0.0,0.0,107.64356002026648,137.94567392350578,0.0,0.0,0.0,98.78888816995014,0.0,0.0,0.0,0.0,0.0,0.0,0.0,0.0,0.0,0.0
38,9.5,R3Z4,228.19222878145897,0.0,0.0,60.678344683255915,22.49787009979201,-7.105427357601002e-15,0.0,0.0,49.39444408497507,0.0,0.0,45.0,0.6740299504443286,0.0,0.0,0.0,37.167808115124465,0.0,0.0
38,9.5,R3Z5,195.30765519592615,0.0,0.0,73.0960356287585,14.300234528293988,0.0,0.0,0.0,0.0,0.0,0.0,0.0,0.0,0.0,0.0,0.0,47.7173838730232,0.0,0.0
38,9.5,R3Z6,232.85283650808603,0.0,0.0,131.9707070055655,31.746708079223115,0.0,0.0,0.0,0.0,0.0,0.0,0.0,0.0,0.0,0.0,0.0,18.963462499600674,0.0,0.0
38,9.5,R3Z7,170.73278632895213,0.0,0.0,100.61963675020552,10.219625237384964,0.0,0.0,0.0,0.0,0.0,0.0,-0.0,-0.0,0.0,0.0,0.0,13.90442495592699,0.0,0.0
38,9.5,R3Z8,230.37097236344366,0.0,0.0,36.35344148618369,0.0,0.0,0.0,0.0,98.78888816995014,0.0,0.0,27.638992061846366,3.741479259127358,0.0,0.0,0.0,18.76134025646281,0.0,0.0
38,9.5,R3Z9,195.8497278305741,0.0,0.0,99.32572775002367,29.901640307206257,1.4210854715202004e-14,0.0,0.0,0.0,0.0,0.0,0.0,0.0,0.0,0.0,0.0,31.8998817018329,0.0,0.0
38,9.5,R3Z10,134.7292793610111,0.0,0.0,112.08288496863906,10.415360217036081,0.0,0.0,0.0,49.39444408497507,0.0,0.0,0.0,5.3521256112487725,0.0,0.0,0.0,32.91693167764398,0.0,0.0
38,9.5,R4Z1,177.97804114786297,0.0,135.0,0.0,41.66056382860617,104.83648530406643,52.19487936964387,0.0,49.39444408497507,0.0,0.0,0.0,210.2964187146278,0.0,0.0,0.0,0.0,0.0,0.0
38,9.5,R4Z2,225.4044774319456,0.0,135.0,129.5571165184126,33.74783517507262,0.0,0.0,0.0,49.39444408497507,0.0,0.0,0.0,205.71796904964089,0.0,0.0,0.0,0.0,0.0,0.0
38,9.5,R4Z3,216.89364570761464,0.0,0.0,0.0,0.0,71.61974866885842,99.62443001188944,0.0,49.39444408497507,0.0,0.0,0.0,105.1482093573139,0.0,0.0,0.0,0.0,0.0,0.0
39,9.75,R1Z1,111.49993258139443,0.0,135.0,69.06505977284422,109.88046247351329,0.0,0.0,0.0,81.84422227625532,0.0,0.0,0.0,75.4265374003005,0.0,0.0,0.0,0.0,0.0,0.0
39,9.75,R1Z2,232.25586644243663,0.0,135.0,33.820487680068325,63.73633811532416,-7.105427357601002e-15,0.0,0.0,0.0,0.0,0.3009593529558572,0.0,80.21099064627032,0.0,0.0,0.0,0.0,0.0,0.0
39,9.75,R1Z3,187.89437741720047,0.0,0.0,63.76218455561743,32.98883598006234,7.105427357601002e-15,0.0,0.0,0.0,0.0,0.0,0.0,0.0,0.0,0.0,0.0,15.302059590384951,0.0,0.0
39,9.75,R1Z4,241.06775617368973,0.0,0.0,101.35808552670639,72.74337443434217,0.0,0.0,0.0,0.0,0.0,0.0,0.0,-0.0,0.0,0.0,0.0,39.264965998418454,0.0,0.0
39,9.75,R1Z5,212.02194958153365,0.0,0.0,74.51183530338568,14.394115509266953,0.0,0.0,0.0,81.84422227625532,0.0,0.0,0.0,-0.0,0.0,0.0,0.0,17.267001554615018,0.0,0.0
39,9.75,R1Z6,163.84841224583994,0.0,0.0,93.2832294188004,32.75440077047239,0.0,0.0,0.0,40.92211113812766,0.0,15.192305237118731,0.0,3.6805617729547944,0.0,0.0,0.0,13.343763674251825,0.0,0.0
39,9.75,R1Z7,161.01878104743633,0.0,0.0,64.84358871958824,26.06721971545818,0.0,0.0,0.0,0.0,0.0,0.0,0.0,18.107624472345154,0.0,0.0,0.0,13.113319390543204,0.0,0.0
39,9.75,R2Z1,218.49882977313553,0.0,135.0,0.0,0.0,123.02118290301968,139.43190461771596,0.0,81.84422227625532,0.0,0.0,0.0,0.0,80.0,0.0,496.6390901951061,0.0,0.0,0.0
39,9.75,R2Z2,225.25351916214066,0.0,135.0,31.693890040924764,7.54148242112276,-3.552713678800501e-15,0.0,0.0,40.92211113812766,0.0,0.0,0.0,104.42454857249814,0.0,0.0,0.0,0.0,0.0,0.0
39,9.75,R2Z3,133.3372696080035,0.0,0.0,114.64500747130803,29.655738854035757,1.4210854715202004e-14,0.0,0.0,81.84422227625532,0.0,0.0,0.0,101.07293827063332,0.0,0.0,0.0,0.0,0.0,0.0
39,9.75,R2Z4,165.83859984125746,0.0,0.0,28.25370596541383,90.20195636196965,3.552713678800501e-15,0.0,0.0,40.92211113812766,0.0,0.0,0.0,96.90421863936919,0.0,0.0,0.0,0.0,0.0,0.0
39,9.75,R2Z5,147.43629525953205,0.0,0.0,97.58928610465964,146.77940468354538,19.60347682490078,0.0,0.0,0.0,0.0,0.0,0.0,98.37504364716992,0.0,0.0,0.0,0.0,0.0,0.0
39,9.75,R3Z1,174.16691040619992,0.0,135.0,84.9135354254739,21.620221372424176,6.245993065541427,0.0,0.0,40.92211113812766,0.0,0.0,0.0,0.0,0.0,0.0,0.0,0.0,0.0,0.0
39,9.75,R3Z2,168.0630995234135,0.0,0.0,135.0,45.65257826108014,0.0,0.0,0.0,81.84422227625532,0.0,0.0,0.0,105.43907591920659,0.0,0.0,0.0,0.0,0.0,0.0
39,9.75,R3Z3,233.8539064349569,0.0,0.0,115.91690020794374,12.282427605117308,0.0,0.0,23.810356345640542,81.84422227625532,0.0,0.0,0.0,0.0,0.0,0.0,0.0,0.0,0.0,0.0
39,9.75,R3Z4,202.83795288817055,0.0,0.0,68.27504109125464,0.0,0.0,0.0,0.0,40.92211113812766,0.0,0.0,2.6090941808628805,0.0,0.0,0.0,0.0,33.03811944723308,0.0,0.0
39,9.75,R3Z5,216.16787416324337,0.0,0.0,77.36220807632272,0.0,0.0,0.0,0.0,0.0,0.0,0.0,0.0,0.0,0.0,0.0,0.0,52.81393308477964,0.0,0.0
39,9.75,R3Z6,220.12398757637808,0.0,0.0,115.10260084320487,51.51516918754882,0.0,0.0,0.0,0.0,0.0,0.0,0.0,0.0,0.0,0.0,0.0,17.926829006105983,0.0,0.0
39,9.75,R3Z7,185.49056467029902,0.0,0.0,118.49093024441305,11.78897728968119,0.0,0.0,0.0,0.0,0.0,0.0,0.0,0.0,0.0,0.0,0.0,15.106293828775495,0.0,0.0
39,9.75,R3Z8,209.1491983360807,0.0,0.0,41.9307859986794,21.223746023860176,0.0,0.0,0.0,81.84422227625532,0.0,0.0,14.482845690125801,0.0,0.0,0.0,0.0,17.0330455877014,0.0,0.0
39,9.75,R3Z9,177.55597982562287,0.0,0.0,109.82649454001636,0.0,0.0,0.0,0.0,0.0,0.0,0.0,0.0,0.0,0.0,0.0,0.0,28.92020741938549,0.0,0.0
39,9.75,R3Z10,139.8469651957801,0.0,0.0,133.02752200605366,18.84620981908896,0.0,0.0,0.0,40.92211113812766,0.0,0.0,20.71747669128203,0.0,0.0,0.0,0.0,34.16727990016618,0.0,0.0
39,9.75,R4Z1,210.8042548622537,0.0,135.0,0.0,0.0,131.80682704569782,106.14746737763959,0.0,40.92211113812766,0.0,0.0,0.0,210.00615422289624,0.0,0.0,0.0,0.0,0.0,0.0
39,9.75,R4Z2,183.27349802606346,0.0,135.0,135.0,16.792270471099652,0.0,0.0,0.0,40.92211113812766,0.0,0.0,0.0,205.43402402532132,0.0,0.0,0.0,0.0,0.0,0.0
39,9.75,R4Z3,240.16309239721897,0.0,0.0,68.84165862741196,56.49198180495737,0.0,0.0,0.0,40.92211113812766,0.0,0.0,0.0,105.00307711144812,0.0,0.0,0.0,0.0,0.0,0.0
40,10.0,R1Z1,169.32990484195798,0.0,135.0,66.80750286083229,98.99740986025485,1.4210854715202004e-14,0.0,0.0,103.75385599145064,0.0,0.0,0.0,75.32242889633554,0.0,0.0,0.0,0.0,0.0,0.0
40,10.0,R1Z2,250.34363799589906,0.0,135.0,35.52071122568752,70.0832207649705,-7.105427357601002e-15,0.0,0.0,0.0,0.0,0.0,9.739706005241032,77.58760846894052,0.0,0.0,0.0,0.0,0.0,0.0
40,10.0,R1Z3,207.66714555869106,0.0,0.0,72.32026606713349,37.26924668249596,0.0,0.0,0.0,0.0,0.0,0.0,0.0,0.0,0.0,0.0,0.0,16.912347670991757,0.0,0.0
40,10.0,R1Z4,248.639140026696,0.0,0.0,116.59069092404931,63.16673745801828,-1.4210854715202004e-14,0.0,0.0,0.0,0.0,75.81605988117532,0.0,18.36756749021371,0.0,0.0,0.0,40.4981882852475,0.0,0.0
40,10.0,R1Z5,207.63761844145702,0.0,0.0,79.06485357405218,30.358036670500624,0.0,0.0,0.0,103.75385599145064,0.0,12.07339098866251,0.0,2.9249584344999455,0.0,0.0,0.0,16.909942991758356,0.0,0.0
40,10.0,R1Z6,175.82749337443792,0.0,0.0,104.1923384568405,67.0478758367189,0.0,0.0,0.0,51.87692799572532,0.0,0.0,0.0,3.6754816275160693,0.0,0.0,0.0,14.319336311323624,0.0,0.0
40,10.0,R1Z7,181.91139366623,0.0,0.0,63.92212777403396,33.2753938438023,7.105427357601002e-15,0.0,0.0,0.0,0.0,0.0,0.0,18.082631177423362,0.0,0.0,0.0,14.814807256684869,0.0,0.0
40,10.0,R2Z1,200.4202592844606,0.0,135.0,115.17712335773335,12.703734409028915,0.0,0.0,0.0,103.75385599145064,0.0,0.0,0.0,0.0,80.0,0.0,515.1259376158114,0.0,0.0,0.0
40,10.0,R2Z2,184.3920879957043,0.0,135.0,0.0,0.0,33.74570508344933,47.198850299028564,0.0,51.87692799572532,0.0,0.0,0.0,104.28041516927159,0.0,0.0,0.0,0.0,0.0,0.0
40,10.0,R2Z3,141.80764101057866,0.0,0.0,0.0,0.0,121.7527288469318,92.00365594598071,0.0,103.75385599145064,0.0,0.0,0.0,100.93343097310417,0.0,0.0,0.0,0.0,0.0,0.0
40,10.0,R2Z4,170.33589889918045,0.0,0.0,34.97876250951161,69.31536080154957,0.0,0.0,0.0,51.87692799572532,0.0,0.0,0.0,96.7704652738011,0.0,0.0,0.0,0.0,0.0,0.0
40,10.0,R2Z5,142.46984030206664,0.0,0.0,107.57421521434179,141.1966535689932,1.4210854715202004e-14,0.0,0.0,0.0,0.0,0.0,0.0,98.23926015538319,0.0,0.0,0.0,0.0,0.0,0.0
40,10.0,R3Z1,169.76826618044223,0.0,135.0,0.0,0.0,114.09939548016732,0.0,0.0,51.87692799572532,0.0,0.0,0.0,0.0,0.0,0.0,0.0,0.0,0.0,0.0
40,10.0,R3Z2,204.57562068936826,0.0,0.0,130.72008982009405,0.0,0.0,0.0,0.0,103.75385599145064,0.0,0.0,0.0,105.29354220081329,0.0,0.0,0.0,0.0,0.0,0.0
40,10.0,R3Z3,207.17121899034248,0.0,0.0,0.0,103.41736299889185,132.89160353527177,11.004961686960655,0.0,103.75385599145064,0.0,0.0,0.0,0.0,0.0,0.0,0.0,0.0,0.0,0.0
40,10.0,R3Z4,257.2820767280301,0.0,0.0,78.2268970062131,21.901111258285013,0.0,0.0,0.0,51.87692799572532,0.0,-0.0,0.0,0.0,0.0,0.0,0.0,41.79846897696416,0.0,0.0
40,10.0,R3Z5,205.77005048699706,0.0,0.0,81.75914843043967,75.15991298398035,0.0,0.0,0.0,0.0,0.0,0.0,0.0,0.0,0.0,0.0,0.0,50.27354651720898,0.0,0.0
40,10.0,R3Z6,232.24126680650284,0.0,0.0,135.0,0.0,0.0,0.0,0.0,0.0,0.0,0.0,0.0,0.0,0.0,0.0,0.0,0.0,0.0,0.0
40,10.0,R3Z7,195.97723099861742,0.0,0.0,113.30370478614714,0.0,0.0,0.0,0.0,0.0,0.0,0.0,-0.0,0.0,0.0,0.0,0.0,15.960324669220014,0.0,0.0
40,10.0,R3Z8,185.21912994498948,0.0,0.0,44.99999999999999,50.835023538719646,7.105427357601002e-15,0.0,0.0,103.75385599145064,0.0,0.0,-0.0,0.0,0.0,0.0,0.0,15.084188269265516,0.0,0.0
40,10.0,R3Z9,201.24137484851371,0.0,0.0,108.13270544001219,40.47090462320742,1.4210854715202004e-14,0.0,0.0,0.0,0.0,0.0,0.0,0.0,0.0,0.0,0.0,32.778069810417364,0.0,0.0
40,10.0,R3Z10,151.714343579694,0.0,0.0,125.61471604776442,7.359770906076156,-1.4210854715202004e-14,0.0,0.0,51.87692799572532,0.0,-0.0,0.0,0.0,0.0,0.0,0.0,0.0,0.0,0.0
40,10.0,R4Z1,206.56078349192987,0.0,135.0,48.708109279549035,136.9589371679835,65.92605728137536,0.0,0.0,51.87692799572532,0.0,0.0,0.0,209.71629037267667,0.0,0.0,0.0,0.0,0.0,0.0
40,10.0,R4Z2,185.08725011415933,0.0,135.0,0.0,0.0,135.0,34.784531008255875,0.0,51.87692799572532,0.0,0.0,0.0,205.15047091998292,0.0,0.0,0.0,0.0,0.0,0.0
40,10.0,R4Z3,187.75623351992513,0.0,0.0,72.51710986163971,35.70333221242702,0.0,0.0,0.0,51.87692799572532,0.0,0.0,0.0,104.85814518633833,0.0,0.0,0.0,0.0,0.0,0.0
41,10.25,R1Z1,125.96039392819279,0.0,135.0,82.17809663203836,19.43308771234876,0.0,0.0,0.0,90.74433730345451,0.0,0.0,0.0,75.21846408954893,0.0,0.0,0.0,0.0,0.0,0.0
41,10.25,R1Z2,233.9438483274549,0.0,135.0,40.221823950913944,36.568170893496244,-7.105427357601002e-15,0.0,0.0,0.0,0.0,0.0,22.153853483044713,71.76521934045635,0.0,0.0,0.0,0.0,0.0,0.0
41,10.25,R1Z3,177.38848097891926,0.0,0.0,67.51428448556645,0.0,0.0,0.0,0.0,0.0,0.0,0.0,0.0,0.0,0.0,0.0,0.0,14.446462655772924,0.0,0.0
41,10.25,R1Z4,224.55703789372419,0.0,0.0,125.2155038245321,10.719846162005844,0.0,0.0,0.0,0.0,0.0,0.0,0.0,18.342215405406566,0.0,0.0,0.0,36.575710487178625,0.0,0.0
41,10.25,R1Z5,235.67995568133662,0.0,0.0,88.64098870523532,35.311344097884295,0.0,0.0,0.0,90.74433730345451,0.0,33.09007749169014,0.0,10.937484367723748,0.0,0.0,0.0,19.193702204763028,0.0,0.0
41,10.25,R1Z6,185.56198167393822,0.0,0.0,108.52825640284063,110.02690793293503,1.4210854715202004e-14,0.0,0.0,45.37216865172726,0.0,0.0,0.0,3.6704084940171704,0.0,0.0,0.0,15.112110007314076,0.0,0.0
41,10.25,R1Z7,175.36748327234216,0.0,0.0,66.68225269237156,0.0,0.0,0.0,0.0,0.0,0.0,0.0,0.0,18.05767237983677,0.0,0.0,0.0,14.281873231846697,0.0,0.0
41,10.25,R2Z1,261.0881062358003,0.0,135.0,54.05822903960912,118.33099488103413,61.046200539309524,0.0,0.0,90.74433730345451,0.0,0.0,0.0,0.0,80.0,0.0,533.6065347447375,0.0,0.0,0.0
41,10.25,R2Z2,214.2110497977543,0.0,135.0,33.59382455491847,20.704390177919734,0.0,0.0,0.0,45.37216865172726,0.0,0.0,0.0,104.13648070813491,0.0,0.0,0.0,0.0,0.0,0.0
41,10.25,R2Z3,131.86075576710968,0.0,0.0,0.0,0.0,127.98725219500187,68.99689981012067,0.0,90.74433730345451,0.0,0.0,0.0,100.79411623241957,0.0,0.0,0.0,0.0,0.0,0.0
41,10.25,R2Z4,159.43447589992735,0.0,0.0,32.02326734088459,36.993006047639454,-7.105427357601002e-15,0.0,0.0,45.37216865172726,0.0,0.0,0.0,96.63689652313472,0.0,0.0,0.0,0.0,0.0,0.0
41,10.25,R2Z5,134.1382948928837,0.0,0.0,104.61974346504812,111.93492453562763,0.0,0.0,0.0,0.0,0.0,0.0,0.0,98.10366408060752,0.0,0.0,0.0,0.0,0.0,0.0
41,10.25,R3Z1,145.4426006174182,0.0,135.0,135.0,46.353029381481946,0.0,0.0,0.0,45.37216865172726,0.0,0.0,0.0,0.0,0.0,0.0,0.0,0.0,0.0,0.0
41,10.25,R3Z2,225.3679624456584,0.0,0.0,120.40369049728628,0.0,0.0,0.0,0.0,90.74433730345451,0.0,0.0,14.219934644917572,101.47972067093816,0.0,0.0,0.0,0.0,0.0,0.0
41,10.25,R3Z3,236.95479761828034,0.0,0.0,135.0,0.0,0.0,0.0,11.210460314825838,90.74433730345451,0.0,0.0,0.0,0.0,0.0,0.0,0.0,0.0,0.0,0.0
41,10.25,R3Z4,218.56991091127708,0.0,0.0,70.25236047903162,4.11382114327898,0.0,0.0,0.0,45.37216865172726,0.0,0.0,-0.0,0.0,0.0,0.0,0.0,35.60053097281578,0.0,0.0
41,10.25,R3Z5,198.59301741417895,0.0,0.0,90.0,0.0,0.0,0.0,0.0,0.0,0.0,0.0,0.0,0.0,0.0,0.0,0.0,48.52006050120263,0.0,0.0
41,10.25,R3Z6,194.3090188700244,0.0,0.0,125.47384433845373,25.90595566550444,0.0,0.0,0.0,0.0,0.0,0.0,0.0,0.0,0.0,0.0,0.0,0.0,0.0,0.0
41,10.25,R3Z7,165.10156944282352,0.0,0.0,135.0,21.576292335253928,0.0,0.0,0.0,0.0,0.0,0.0,-0.0,0.0,0.0,0.0,0.0,13.44582040616661,0.0,0.0
41,10.25,R3Z8,201.542901487315,0.0,0.0,45.0,29.727882249122313,0.0,0.0,0.0,90.74433730345451,0.0,0.0,-0.0,0.0,0.0,0.0,0.0,4.999965105277198,0.0,0.0
41,10.25,R3Z9,179.63837852105408,0.0,0.0,110.04915402185179,0.0,0.0,0.0,0.0,0.0,0.0,0.0,0.0,0.0,0.0,0.0,0.0,29.259387222064476,0.0,0.0
41,10.25,R3Z10,130.93822054678176,0.0,0.0,135.0,0.0,0.0,0.0,0.0,45.37216865172726,0.0,0.0,-0.0,0.0,0.0,0.0,0.0,0.0,0.0,0.0
41,10.25,R4Z1,217.16523474397778,0.0,135.0,129.4125634820344,70.21148503177541,-2.842170943040401e-14,0.0,0.0,45.37216865172726,0.0,0.0,0.0,209.4268266109782,0.0,0.0,0.0,0.0,0.0,0.0
41,10.25,R4Z2,166.01132410073313,0.0,135.0,0.0,0.0,135.0,15.652737974442775,0.0,45.37216865172726,0.0,0.0,0.0,204.86730919267418,0.0,0.0,0.0,0.0,0.0,0.0
41,10.25,R4Z3,182.70261973590118,0.0,0.0,0.0,0.0,75.74963149904008,66.45921234573065,0.0,45.37216865172726,0.0,0.0,0.0,104.7134133054891,0.0,0.0,0.0,0.0,0.0,0.0
42,10.5,R1Z1,131.4050391657575,0.0,135.0,78.31360811847894,96.31466969981234,1.4210854715202004e-14,0.0,0.0,78.82933652093499,0.0,0.0,0.0,75.11464278160071,0.0,0.0,0.0,0.0,0.0,0.0
42,10.5,R1Z2,241.28262495553918,0.0,135.0,37.94172522114634,38.97332204281997,0.0,0.0,0.0,0.0,0.0,0.0,29.367577691572848,64.08985488058052,0.0,0.0,0.0,0.0,0.0,0.0
42,10.5,R1Z3,175.87950851158908,0.0,0.0,67.41000331347615,23.711339625050595,0.0,0.0,0.0,0.0,0.0,0.0,0.0,0.0,0.0,0.0,0.0,14.323572407896764,0.0,0.0
42,10.5,R1Z4,239.78585230964663,0.0,0.0,128.9137904261398,34.048412211187575,0.0,0.0,0.0,0.0,0.0,0.0,0.0,18.31689831315924,0.0,0.0,0.0,39.05617029536048,0.0,0.0
42,10.5,R1Z5,252.33122954104823,0.0,0.0,89.81617670686279,0.0,0.0,0.0,0.0,78.82933652093499,0.0,0.0,42.337772673595396,0.0,0.0,0.0,0.0,20.549776763031325,0.0,0.0
42,10.5,R1Z6,153.26983738834025,0.0,0.0,96.12582890062781,14.389746943478873,0.0,0.0,0.0,39.414668260467494,0.0,0.0,0.0,3.6653423627797728,0.0,0.0,0.0,12.48224783180922,0.0,0.0
42,10.5,R1Z7,192.71317527382354,0.0,0.0,71.51359517016982,42.08339584048329,0.0,0.0,0.0,0.0,0.0,0.0,0.0,18.03274803196996,0.0,0.0,0.0,15.694500987353093,0.0,0.0
42,10.5,R2Z1,176.63802509430167,0.0,135.0,128.58604572700906,29.393301014342846,0.0,0.0,0.0,78.82933652093499,0.0,0.0,0.0,0.0,80.0,0.0,552.0808836950704,0.0,0.0,0.0
42,10.5,R2Z2,186.17437874911863,0.0,135.0,34.66289305290012,45.85899490810327,7.105427357601002e-15,0.0,0.0,39.414668260467494,0.0,0.0,0.0,103.99274491449556,0.0,0.0,0.0,0.0,0.0,0.0
42,10.5,R2Z3,120.849516064302,0.0,0.0,131.62139291086555,64.25928775551932,0.0,0.0,0.0,78.82933652093499,0.0,0.0,0.0,100.65499378280032,0.0,0.0,0.0,0.0,0.0,0.0
42,10.5,R2Z4,172.02492247792,0.0,0.0,38.78588198294045,46.037350910757624,-7.105427357601002e-15,0.0,0.0,39.414668260467494,0.0,0.0,0.0,96.50351213255284,0.0,0.0,0.0,0.0,0.0,0.0
42,10.5,R2Z5,152.0856377105651,0.0,0.0,40.649213601396326,114.67693770400345,75.97756543588716,0.0,0.0,0.0,0.0,0.0,0.0,97.96825516415801,0.0,0.0,0.0,0.0,0.0,0.0
42,10.5,R3Z1,123.79643458554627,0.0,135.0,0.0,0.0,119.68702652958429,0.0,0.0,39.414668260467494,0.0,0.0,0.0,0.0,0.0,0.0,0.0,0.0,0.0,0.0
42,10.5,R3Z2,174.2999012216909,0.0,0.0,57.38827349257786,38.082291208178056,77.61172650742213,0.0,0.0,78.82933652093499,0.0,0.0,0.0,101.33965190646919,0.0,0.0,0.0,0.0,0.0,0.0
42,10.5,R3Z3,250.29376267357125,0.0,0.0,135.0,33.33522169438392,0.0,0.0,3.1292044582523886,78.82933652093499,0.0,0.0,0.0,0.0,0.0,0.0,0.0,0.0,0.0,0.0
42,10.5,R3Z4,253.33364809720413,0.0,0.0,78.96796816769245,30.86522228949847,0.0,0.0,0.0,39.414668260467494,0.0,0.0,-0.0,0.0,0.0,0.0,0.0,41.26282683622399,0.0,0.0
42,10.5,R3Z5,209.69170963993477,0.0,0.0,90.0,0.0,0.0,0.0,0.0,0.0,0.0,0.0,0.0,0.0,0.0,0.0,0.0,51.231682618081,0.0,0.0
42,10.5,R3Z6,205.24005819686846,0.0,0.0,131.662179950045,35.45109187265171,0.0,0.0,0.0,0.0,0.0,0.0,0.0,0.0,0.0,0.0,0.0,0.0,0.0,0.0
42,10.5,R3Z7,159.59363677791384,0.0,0.0,135.0,0.7995072549824399,0.0,0.0,0.0,0.0,0.0,0.0,-0.0,0.0,0.0,0.0,0.0,0.0,0.0,0.0
42,10.5,R3Z8,216.49856030107438,0.0,0.0,44.99999999999999,53.0731187796846,7.105427357601002e-15,0.0,0.0,78.82933652093499,0.0,0.0,-0.0,0.0,0.0,0.0,0.0,0.21638125451096357,0.0,0.0
42,10.5,R3Z9,192.2079262529951,0.0,0.0,110.94541060743485,14.201868466866255,0.0,0.0,0.0,0.0,0.0,0.0,0.0,0.0,0.0,0.0,0.0,31.306707328842105,0.0,0.0
42,10.5,R3Z10,118.24615828207561,0.0,0.0,135.0,0.0,0.0,0.0,0.0,39.414668260467494,0.0,0.0,-0.0,0.0,0.0,0.0,0.0,28.889790933160292,0.0,0.0
42,10.5,R4Z1,195.69955528572862,0.0,135.0,0.0,1.2013677024871328,119.86405276191682,16.788199492328705,0.0,39.414668260467494,0.0,0.0,0.0,209.1377623855732,0.0,0.0,0.0,0.0,0.0,0.0
42,10.5,R4Z2,182.36243820167226,0.0,135.0,135.0,7.5369794047029925,0.0,0.0,0.0,39.414668260467494,0.0,0.0,0.0,204.58453830319024,0.0,0.0,0.0,0.0,0.0,0.0
42,10.5,R4Z3,167.88273844680853,0.0,0.0,0.0,0.0,76.85371401766638,31.02994769294928,0.0,39.414668260467494,0.0,0.0,0.0,104.5688811927866,0.0,0.0,0.0,0.0,0.0,0.0
43,10.75,R1Z1,112.54213701947826,0.0,135.0,81.48236405875961,38.136829673167156,0.0,0.0,0.0,84.84425858497032,0.0,0.0,0.0,75.01096477442464,0.0,0.0,0.0,0.0,0.0,0.0
43,10.75,R1Z2,224.6039466668501,0.0,135.0,37.87493227390917,64.83107088090176,0.0,0.0,0.0,0.0,0.0,13.102056487960823,0.0,67.17556192935261,0.0,0.0,0.0,0.0,0.0,0.0
43,10.75,R1Z3,173.5628828608079,0.0,0.0,84.23050627446415,22.11201019813779,0.0,0.0,0.0,0.0,0.0,0.0,0.0,0.0,0.0,0.0,0.0,14.13490713624706,0.0,0.0
43,10.75,R1Z4,232.65451380328864,0.0,0.0,116.62505609916204,57.471180784313766,0.0,0.0,0.0,0.0,0.0,8.813934567307657,0.0,20.426922830714055,0.0,0.0,0.0,37.89462232055123,0.0,0.0
43,10.75,R1Z5,180.03733055147515,0.0,0.0,90.0,22.136377011424592,0.0,0.0,0.0,84.84425858497032,0.0,90.0,0.0,21.803837824203313,0.0,0.0,0.0,14.662184140164214,0.0,0.0
43,10.75,R1Z6,180.76990698297527,0.0,0.0,110.76563700229748,107.33105377468154,0.0,0.0,0.0,42.42212929248516,0.0,90.0,0.0,25.46412104834222,0.0,0.0,0.0,14.721844936636245,0.0,0.0
43,10.75,R1Z7,159.72332547975776,0.0,0.0,72.73519855920173,28.85456834342016,0.0,0.0,0.0,0.0,0.0,1.666726251557236,0.0,18.41164729612097,0.0,0.0,0.0,13.007817892489868,0.0,0.0
43,10.75,R2Z1,204.2563496284671,0.0,135.0,114.76452666370581,92.10474279516653,1.4210854715202004e-14,0.0,0.0,84.84425858497032,0.0,0.0,0.0,0.0,80.0,47.200244951081615,557.8979930144145,0.0,0.0,0.0
43,10.75,R2Z2,189.13382829318024,0.0,135.0,0.0,0.0,39.649475931594004,14.707020840165718,0.0,42.42212929248516,0.0,0.0,0.0,103.84920751414003,0.0,0.0,0.0,0.0,0.0,0.0
43,10.75,R2Z3,152.26108377239345,0.0,0.0,126.48842070923726,46.24854761442733,1.4210854715202004e-14,0.0,0.0,84.84425858497032,0.0,0.0,0.0,100.51606335883407,0.0,0.0,0.0,0.0,0.0,0.0
43,10.75,R2Z4,178.78802295148557,0.0,0.0,0.0,0.0,37.86154026114381,86.11706018196003,0.0,42.42212929248516,0.0,0.0,0.0,96.37031184758995,0.0,0.0,0.0,0.0,0.0,0.0
43,10.75,R2Z5,131.1493970783651,0.0,0.0,122.7398892876158,115.2077301673896,0.0,0.0,0.0,0.0,0.0,0.0,0.0,97.83303314770684,0.0,0.0,0.0,0.0,0.0,0.0
43,10.75,R3Z1,126.11773597985784,0.0,135.0,0.0,0.0,135.0,39.62077622934662,0.0,42.42212929248516,0.0,0.0,0.0,0.0,0.0,0.0,0.0,0.0,0.0,0.0
43,10.75,R3Z2,177.26615962156922,0.0,0.0,123.01618648104046,0.0,0.0,0.0,0.0,84.84425858497032,0.0,0.0,0.0,101.19977647381714,0.0,0.0,0.0,0.0,0.0,0.0
43,10.75,R3Z3,225.31983038381063,0.0,0.0,108.47169148795113,32.00388031088916,23.395039817069986,0.0,0.0,84.84425858497032,0.0,0.0,0.0,0.0,0.0,0.0,0.0,0.0,0.0,0.0
43,10.75,R3Z4,221.86680043381526,0.0,0.0,84.0939442758619,2.76081917131127,0.0,0.0,0.0,42.42212929248516,0.0,0.0,-0.0,0.0,0.0,0.0,0.0,36.13752628507867,0.0,0.0
43,10.75,R3Z5,211.84753019313624,0.0,0.0,90.0,5.339105875232155,0.0,0.0,0.0,0.0,0.0,0.0,0.0,0.0,0.0,0.0,0.0,51.75839068180371,0.0,0.0
43,10.75,R3Z6,204.8928640647304,0.0,0.0,135.0,0.0,0.0,0.0,0.0,0.0,0.0,0.0,0.0,0.0,0.0,0.0,0.0,11.551461821072678,0.0,0.0
43,10.75,R3Z7,169.98802737602466,0.0,0.0,135.0,0.0,0.0,0.0,0.0,0.0,0.0,0.0,-0.0,0.0,0.0,0.0,0.0,13.843772018703303,0.0,0.0
43,10.75,R3Z8,189.05387873198833,0.0,0.0,45.0,0.0,0.0,0.0,0.0,84.84425858497032,0.0,0.0,-0.0,0.0,0.0,0.0,0.0,15.396489016416245,0.0,0.0
43,10.75,R3Z9,171.56836715456882,0.0,0.0,110.11928754897593,10.819498745652211,0.0,0.0,0.0,0.0,0.0,0.0,0.0,0.0,0.0,0.0,0.0,27.944948796364816,0.0,0.0
43,10.75,R3Z10,118.54101097745698,0.0,0.0,131.0636203105224,0.0,0.0,0.0,0.0,42.42212929248516,0.0,0.0,-0.0,0.0,0.0,0.0,0.0,28.961829068262546,0.0,0.0
43,10.75,R4Z1,210.40482911267222,0.0,135.0,0.0,0.0,120.37452058094239,115.99127277819444,0.0,42.42212929248516,0.0,0.0,0.0,208.84909714499628,0.0,0.0,0.0,0.0,0.0,0.0
43,10.75,R4Z2,181.4064067019594,0.0,135.0,128.91251060390965,42.330549926229665,6.087489396090348,0.0,0.0,42.42212929248516,0.0,0.0,0.0,204.30215771207187,0.0,0.0,0.0,0.0,0.0,0.0
43,10.75,R4Z3,182.3924049059354,0.0,0.0,0.0,0.0,78.28210548216568,10.297238660349862,0.0,42.42212929248516,0.0,0.0,0.0,104.42454857249814,0.0,0.0,0.0,0.0,0.0,0.0
44,11.0,R1Z1,121.2176486307317,0.0,135.0,90.0,12.249514184611424,0.0,0.0,0.0,80.27732966151189,0.0,0.0,0.0,74.90742987022787,0.0,0.0,0.0,0.0,0.0,0.0
44,11.0,R1Z2,186.6676019788769,0.0,135.0,41.13895019460653,29.632813478024495,0.0,0.0,0.0,0.0,0.0,19.10416169375418,0.0,71.71110909468536,0.0,0.0,0.0,0.0,0.0,0.0
44,11.0,R1Z3,176.64203544024465,0.0,0.0,90.0,7.511210403594555,0.0,0.0,0.0,0.0,0.0,0.0,0.0,0.0,0.0,0.0,0.0,14.38567236353116,0.0,0.0
44,11.0,R1Z4,254.4226741769714,0.0,0.0,135.0,0.0,0.0,0.0,0.0,0.0,0.0,0.0,0.0,20.39872829269321,0.0,0.0,0.0,41.44020672589552,0.0,0.0
44,11.0,R1Z5,209.9242773977445,0.0,0.0,90.0,23.315374478590506,0.0,0.0,0.0,80.27732966151189,0.0,0.0,0.0,21.77374278053817,0.0,0.0,0.0,17.09616778513951,0.0,0.0
44,11.0,R1Z6,167.0986090798279,0.0,0.0,113.50371650779432,72.03849606453595,0.0,0.0,0.0,40.13866483075594,0.0,59.520877066370986,0.0,39.848791079086624,0.0,0.0,0.0,13.608458692366888,0.0,0.0
44,11.0,R1Z7,166.95438566869439,0.0,0.0,86.17232874495546,13.199251241987483,0.0,0.0,0.0,0.0,0.0,0.0,0.0,18.38623436956229,0.0,0.0,0.0,13.5967131826724,0.0,0.0
44,11.0,R2Z1,236.2276392664218,0.0,135.0,130.48385050762022,89.78686248481031,0.0,0.0,0.0,80.27732966151189,0.0,0.0,0.0,0.0,80.0,80.0,554.9218784722417,0.0,0.0,0.0
44,11.0,R2Z2,236.49147462896065,0.0,135.0,37.11978493751491,43.83528187804916,0.0,0.0,0.0,40.13866483075594,0.0,0.0,0.0,103.7058682332333,0.0,0.0,0.0,0.0,0.0,0.0
44,11.0,R2Z3,125.502412773795,0.0,0.0,134.91513411694297,65.89746714748779,0.0,0.0,0.0,80.27732966151189,0.0,0.0,0.0,100.37732469547483,0.0,0.0,0.0,0.0,0.0,0.0
44,11.0,R2Z4,165.9349870848861,0.0,0.0,40.09017422980918,81.97729031803712,7.105427357601002e-15,0.0,0.0,40.13866483075594,0.0,0.0,0.0,96.23729541413175,0.0,0.0,0.0,0.0,0.0,0.0
44,11.0,R2Z5,157.95279876034775,0.0,0.0,0.0,0.0,135.0,38.05179185610165,0.0,0.0,0.0,0.0,0.0,97.69799777328276,0.0,0.0,0.0,0.0,0.0,0.0
44,11.0,R3Z1,148.6327196109324,0.0,135.0,0.0,0.0,118.91358589981343,57.19217834454865,0.0,40.13866483075594,0.0,0.0,0.0,0.0,0.0,0.0,0.0,0.0,0.0,0.0
44,11.0,R3Z2,210.78019831320515,0.0,0.0,94.59989263672907,35.9029760149642,40.40010736327093,0.0,0.0,80.27732966151189,0.0,0.0,0.0,101.06009410613316,0.0,0.0,0.0,0.0,0.0,0.0
44,11.0,R3Z3,240.7245622666182,0.0,0.0,133.06852039422057,0.0,0.0,0.0,27.37871221088571,80.27732966151189,0.0,0.0,0.0,0.0,0.0,0.0,0.0,0.0,0.0,0.0
44,11.0,R3Z4,232.96109936191513,0.0,0.0,77.53200942387576,0.0,0.0,0.0,0.0,40.13866483075594,0.0,0.0,-0.0,0.0,0.0,0.0,0.0,0.0,0.0,0.0
44,11.0,R3Z5,216.14176960935455,0.0,0.0,86.82493827181091,32.53235352912892,0.0,0.0,0.0,0.0,0.0,0.0,0.0,0.0,0.0,0.0,0.0,7.575468542951512,0.0,0.0
44,11.0,R3Z6,226.17645851924144,0.0,0.0,135.0,58.11158652441402,0.0,0.0,0.0,0.0,0.0,0.0,0.0,0.0,0.0,0.0,0.0,18.41974035507693,0.0,0.0
44,11.0,R3Z7,159.44643574049263,0.0,0.0,116.35270757007571,24.343426188584445,0.0,0.0,0.0,0.0,0.0,0.0,-0.0,0.0,0.0,0.0,0.0,0.0,0.0,0.0
44,11.0,R3Z8,154.28555031841543,0.0,0.0,45.0,24.765849993264226,0.0,0.0,0.0,80.27732966151189,0.0,0.0,-0.0,0.0,0.0,0.0,0.0,0.0,0.0,0.0
44,11.0,R3Z9,178.2886515554733,0.0,0.0,108.93913970076237,0.0,0.0,0.0,0.0,0.0,0.0,0.0,0.0,0.0,0.0,0.0,0.0,29.039544534465502,0.0,0.0
44,11.0,R3Z10,118.3168932622718,0.0,0.0,135.0,42.34616626320797,0.0,0.0,0.0,40.13866483075594,0.0,0.0,-0.0,0.0,0.0,0.0,0.0,0.0,0.0,0.0
44,11.0,R4Z1,217.88415542581328,0.0,135.0,0.0,21.562776763108786,119.17690680068738,28.362824653362118,0.0,40.13866483075594,0.0,0.0,0.0,208.56083033854318,0.0,0.0,0.0,0.0,0.0,0.0
44,11.0,R4Z2,233.3071372395746,0.0,135.0,135.0,27.838927053886877,0.0,0.0,0.0,40.13866483075594,0.0,0.0,0.0,204.02016688060448,0.0,0.0,0.0,0.0,0.0,0.0
44,11.0,R4Z3,185.50400801590735,0.0,0.0,75.69434298030642,76.7514747452458,0.0,0.0,0.0,40.13866483075594,0.0,0.0,0.0,104.28041516927159,0.0,0.0,0.0,0.0,0.0,0.0
45,11.25,R1Z1,133.6474251813681,0.0,135.0,80.57349512955327,78.40293539399974,0.0,0.0,0.0,87.79921683905708,0.0,0.0,0.0,74.80403787149059,0.0,0.0,0.0,0.0,0.0,0.0
45,11.25,R1Z2,214.55299942918225,0.0,135.0,42.53721484750983,39.87596531652579,0.0,0.0,0.0,0.0,0.0,2.860180734853401,0.0,72.30505015995003,0.0,0.0,0.0,0.0,0.0,0.0
45,11.25,R1Z3,194.7861931785961,0.0,0.0,90.0,28.51790958986042,0.0,0.0,0.0,0.0,0.0,0.0,0.0,0.0,0.0,0.0,0.0,15.863326920022333,0.0,0.0
45,11.25,R1Z4,262.18878011303343,0.0,0.0,129.40976409958074,21.757806701876618,2.842170943040401e-14,0.0,0.0,0.0,0.0,0.0,0.0,20.370572670566883,0.0,0.0,0.0,42.70514522434773,0.0,0.0
45,11.25,R1Z5,203.8348151666508,0.0,0.0,90.0,0.0,0.0,0.0,0.0,87.79921683905708,0.0,0.0,0.0,21.743689275966307,0.0,0.0,0.0,16.600243877173416,0.0,0.0
45,11.25,R1Z6,165.48820850817856,0.0,0.0,120.98299008240093,20.490614892464155,-1.4210854715202004e-14,0.0,0.0,43.89960841952854,0.0,0.0,0.0,39.793789243299855,0.0,0.0,0.0,13.477308171257615,0.0,0.0
45,11.25,R1Z7,171.65224820655956,0.0,0.0,78.25948687042738,15.842463627105106,0.0,0.0,0.0,0.0,0.0,14.914213933543564,0.0,21.974046540457266,0.0,0.0,0.0,13.979305644937687,0.0,0.0
45,11.25,R2Z1,228.43382240453442,0.0,135.0,135.0,94.76870865134362,0.0,0.0,0.0,87.79921683905708,0.0,0.0,0.0,0.0,80.0,80.0,551.9467701364724,0.0,0.0,0.0
45,11.25,R2Z2,184.98279526020815,0.0,135.0,0.0,0.0,37.571647330596164,40.22720344948661,0.0,43.89960841952854,0.0,0.0,0.0,103.5627267983183,0.0,0.0,0.0,0.0,0.0,0.0
45,11.25,R2Z3,126.13511380588325,0.0,0.0,135.0,47.510949947674064,0.0,0.0,0.0,87.79921683905708,0.0,0.0,0.0,100.23877752804236,0.0,0.0,0.0,0.0,0.0,0.0
45,11.25,R2Z4,171.66738258900142,0.0,0.0,38.58158506913235,12.003639859112054,0.0,0.0,0.0,43.89960841952854,0.0,0.0,0.0,96.10446257841471,0.0,0.0,0.0,0.0,0.0,0.0
45,11.25,R2Z5,138.44963840444714,0.0,0.0,0.0,32.35291949915339,135.0,54.800047572042544,0.0,0.0,0.0,0.0,0.0,97.56314878327055,0.0,0.0,0.0,0.0,0.0,0.0
45,11.25,R3Z1,118.896751729439,0.0,135.0,132.99106057365654,1.554996723725174,0.0,0.0,0.0,43.89960841952854,0.0,0.0,0.0,0.0,0.0,0.0,0.0,0.0,0.0,0.0
45,11.25,R3Z2,190.09234670371586,0.0,0.0,15.322030867359855,0.5635863690828865,116.4107810879086,0.0,0.0,87.79921683905708,0.0,0.0,0.0,100.92060453693671,0.0,0.0,0.0,0.0,0.0,0.0
45,11.25,R3Z3,246.88870026538368,0.0,0.0,120.13822133405117,125.35877472049145,0.0,0.0,0.0,87.79921683905708,0.0,0.0,0.0,0.0,0.0,0.0,0.0,0.0,0.0,0.0
45,11.25,R3Z4,242.0754314431528,0.0,0.0,70.67782838173372,33.5076628094043,1.4210854715202004e-14,0.0,0.0,43.89960841952854,0.0,-0.0,0.0,-0.0,0.0,0.0,0.0,0.0,0.0,0.0
45,11.25,R3Z5,197.6363552165726,0.0,0.0,90.0,37.310089624070514,0.0,0.0,0.0,0.0,0.0,0.0,0.0,0.0,0.0,0.0,0.0,0.0,0.0,0.0
45,11.25,R3Z6,213.97472609393049,0.0,0.0,135.0,79.5685605711462,0.0,0.0,0.0,0.0,0.0,0.0,0.0,0.0,0.0,0.0,0.0,0.0,0.0,0.0
45,11.25,R3Z7,145.9663655882607,0.0,0.0,135.0,0.0,0.0,0.0,0.0,0.0,0.0,31.790182855628675,0.0,7.701644348732181,0.0,0.0,0.0,0.0,0.0,0.0
45,11.25,R3Z8,201.63452773321774,0.0,0.0,45.0,80.78746694267606,0.0,0.0,0.0,87.79921683905708,0.0,0.0,0.0,-0.0,0.0,0.0,0.0,0.0,0.0,0.0
45,11.25,R3Z9,185.91316281714774,0.0,0.0,122.24440342096293,30.80844250904377,1.4210854715202004e-14,0.0,0.0,0.0,0.0,0.0,0.0,0.0,0.0,0.0,0.0,0.0,0.0,0.0
45,11.25,R3Z10,133.77485125911176,0.0,0.0,135.0,35.29199410666334,0.0,0.0,0.0,43.89960841952854,0.0,36.308547183314715,0.0,8.796285271304757,0.0,0.0,0.0,0.0,0.0,0.0
45,11.25,R4Z1,182.61473010866112,0.0,135.0,0.0,0.0,124.51814330240732,38.57797068125748,0.0,43.89960841952854,0.0,0.0,0.0,208.27296141626982,0.0,0.0,0.0,0.0,0.0,0.0
45,11.25,R4Z2,167.84478905636314,0.0,135.0,51.31512788733767,33.93088513544129,83.68487211266233,0.0,0.0,43.89960841952854,0.0,0.0,0.0,203.738565270817,0.0,0.0,0.0,0.0,0.0,0.0
45,11.25,R4Z3,180.07825151958383,0.0,0.0,0.0,0.0,78.71858798948132,62.29694400558995,0.0,43.89960841952854,0.0,0.0,0.0,104.13648070813491,0.0,0.0,0.0,0.0,0.0,0.0
46,11.5,R1Z1,116.9909662406277,0.0,135.0,90.00000000000001,120.92595728434479,-1.4210854715202004e-14,0.0,0.0,100.58176101275666,0.0,0.0,0.0,74.70078858096558,0.0,0.0,0.0,0.0,0.0,0.0
46,11.5,R1Z2,221.54659628603002,0.0,135.0,45.0,91.10653910599936,0.0,0.0,0.0,0.0,0.0,45.0,0.0,83.10716904329902,0.0,0.0,0.0,0.0,0.0,0.0
46,11.5,R1Z3,159.08154048993225,0.0,0.0,90.0,15.985122031129311,0.0,0.0,0.0,0.0,0.0,0.0,0.0,0.0,0.0,0.0,0.0,12.955551122757218,0.0,0.0
46,11.5,R1Z4,222.42753466638294,0.0,0.0,134.7107959851766,40.871639499517094,0.0,0.0,0.0,0.0,0.0,0.0,0.0,20.34245591062088,0.0,0.0,0.0,36.22885832767692,0.0,0.0
46,11.5,R1Z5,221.20573226942463,0.0,0.0,90.0,13.091787921415783,0.0,0.0,0.0,100.58176101275666,0.0,79.57595144007655,0.0,40.992134363220686,0.0,0.0,0.0,18.01492595707449,0.0,0.0
46,11.5,R1Z6,170.74326678830218,0.0,0.0,118.93756950886909,0.0,0.0,0.0,0.0,50.29088050637833,0.0,0.0,0.0,39.738863324544894,0.0,0.0,0.0,13.905278481273056,0.0,0.0
46,11.5,R1Z7,170.2384392486895,0.0,0.0,73.91648130208603,16.638379616535286,0.0,0.0,0.0,0.0,0.0,0.0,0.0,21.943716563896864,0.0,0.0,0.0,13.864165483639987,0.0,0.0
46,11.5,R2Z1,183.61100641002093,0.0,135.0,0.0,87.65529213068774,135.0,12.771775926789616,0.0,100.58176101275666,0.0,0.0,0.0,0.0,80.0,80.0,548.9726676669144,0.0,0.0,0.0
46,11.5,R2Z2,173.81313941161636,0.0,135.0,35.84839721026458,28.44487121524446,-7.105427357601002e-15,0.0,0.0,50.29088050637833,0.0,0.0,0.0,103.4197829363154,0.0,0.0,0.0,0.0,0.0,0.0
46,11.5,R2Z3,112.19611878379521,0.0,0.0,135.0,4.331803934317979,0.0,0.0,0.0,100.58176101275666,0.0,0.0,0.0,100.10042159222183,0.0,0.0,0.0,0.0,0.0,0.0
46,11.5,R2Z4,177.6997156059833,0.0,0.0,0.0,66.5569923910611,37.45675840038858,33.615485303886985,0.0,50.29088050637833,0.0,0.0,0.0,95.97181308702555,0.0,0.0,0.0,0.0,0.0,0.0
46,11.5,R2Z5,122.42742543797837,0.0,0.0,0.0,0.0,128.62698235936406,122.55302160340825,0.0,0.0,0.0,0.0,0.0,97.42848592041062,0.0,0.0,0.0,0.0,0.0,0.0
46,11.5,R3Z1,108.8934840057592,0.0,135.0,0.0,0.0,127.77975713284337,26.663183285771268,0.0,50.29088050637833,0.0,0.0,0.0,0.0,0.0,0.0,0.0,0.0,0.0,0.0
46,11.5,R3Z2,184.23126290096477,0.0,0.0,135.0,0.0,0.0,0.0,0.0,100.58176101275666,0.0,0.0,0.0,100.78130750011505,0.0,0.0,0.0,0.0,0.0,0.0
46,11.5,R3Z3,230.48755050341762,0.0,0.0,103.00723094759769,26.89855854306327,31.99276905240231,0.0,0.0,100.58176101275666,0.0,0.0,0.0,0.0,0.0,0.0,0.0,0.0,0.0,0.0
46,11.5,R3Z4,208.37335837574523,0.0,0.0,81.01991624847794,11.081837489704496,0.0,0.0,0.0,50.29088050637833,0.0,0.0,0.0,-0.0,0.0,0.0,0.0,0.0,0.0,0.0
46,11.5,R3Z5,203.64751425794378,0.0,0.0,89.99999999999999,63.99288710196744,1.4210854715202004e-14,0.0,0.0,0.0,0.0,0.0,0.0,0.0,0.0,0.0,0.0,0.0,0.0,0.0
46,11.5,R3Z6,225.50378984803723,0.0,0.0,126.35159835805592,44.76910323322884,0.0,0.0,0.0,0.0,0.0,0.0,0.0,0.0,0.0,0.0,0.0,0.0,0.0,0.0
46,11.5,R3Z7,181.57824776867184,0.0,0.0,135.0,21.957284214751915,0.0,0.0,0.0,0.0,0.0,15.821484169662057,0.0,11.524003771313833,0.0,0.0,0.0,0.0,0.0,0.0
46,11.5,R3Z8,213.2322001761899,0.0,0.0,43.46135645150521,75.43348816822122,7.105427357601002e-15,0.0,0.0,100.58176101275666,0.0,0.0,0.0,-0.0,0.0,0.0,0.0,0.0,0.0,0.0
46,11.5,R3Z9,163.95089627498925,0.0,0.0,100.30187463121996,7.069208532323785,0.0,0.0,0.0,0.0,0.0,0.0,0.0,0.0,0.0,0.0,0.0,0.0,0.0,0.0
46,11.5,R3Z10,124.89429274646886,0.0,0.0,135.0,17.120439016215883,0.0,0.0,0.0,50.29088050637833,0.0,0.0,0.0,8.784144078939205,0.0,0.0,0.0,0.0,0.0,0.0
46,11.5,R4Z1,171.38688189526496,0.0,135.0,0.0,0.0,135.0,115.97411843795243,0.0,50.29088050637833,0.0,0.0,0.0,207.98548982899112,0.0,0.0,0.0,0.0,0.0,0.0
46,11.5,R4Z2,200.28766275612392,0.0,135.0,135.0,25.20131508476327,0.0,0.0,0.0,50.29088050637833,0.0,0.0,0.0,203.45735234548087,0.0,0.0,0.0,0.0,0.0,0.0
46,11.5,R4Z3,167.079858171632,0.0,0.0,0.0,0.0,77.48748786613504,75.94546511496036,0.0,50.29088050637833,0.0,0.0,0.0,103.99274491449556,0.0,0.0,0.0,0.0,0.0,0.0
47,11.75,R1Z1,122.60578867702867,0.0,135.0,90.0,0.0,0.0,0.0,0.0,76.52145336379758,0.0,0.0,0.0,74.5976818016779,0.0,0.0,0.0,0.0,0.0,0.0
47,11.75,R1Z2,200.95057053163984,0.0,135.0,43.366703199774754,9.25830766538205,0.0,0.0,0.0,0.0,0.0,0.0,13.32555966648306,79.55470329714355,0.0,0.0,0.0,0.0,0.0,0.0
47,11.75,R1Z3,160.09308833843704,0.0,0.0,83.10589683874619,0.0,0.0,0.0,0.0,0.0,0.0,0.0,0.0,0.0,0.0,0.0,0.0,13.037931264564106,0.0,0.0
47,11.75,R1Z4,251.16901569465261,0.0,0.0,135.0,26.950635005124248,0.0,0.0,0.0,0.0,0.0,0.0,0.0,20.314377959215154,0.0,0.0,0.0,40.91025285854104,0.0,0.0
47,11.75,R1Z5,209.21838976961274,0.0,0.0,90.0,11.432297206853992,0.0,0.0,0.0,76.52145336379758,0.0,0.0,0.0,40.93555441231777,0.0,0.0,0.0,17.03868051650345,0.0,0.0
47,11.75,R1Z6,163.41487764586458,0.0,0.0,131.36388079175754,96.83436611872717,0.0,0.0,0.0,38.26072668189879,0.0,90.0,0.0,61.48785104223954,0.0,0.0,0.0,13.308456751423654,0.0,0.0
47,11.75,R1Z7,169.2045468963779,0.0,0.0,85.7891210303541,9.297190235655426,0.0,0.0,0.0,0.0,0.0,22.810204077925334,0.0,27.439539455722006,0.0,0.0,0.0,13.779965612400693,0.0,0.0
47,11.75,R2Z1,175.05458578422807,0.0,135.0,0.0,0.0,135.0,140.2101277314974,0.0,76.52145336379758,0.0,0.0,0.0,0.0,80.0,80.0,545.9995707234904,0.0,0.0,0.0
47,11.75,R2Z2,199.26714519543282,0.0,135.0,0.0,0.0,39.27616027555709,33.00767895368119,0.0,38.26072668189879,0.0,0.0,0.0,103.27703637452191,0.0,0.0,0.0,0.0,0.0,0.0
47,11.75,R2Z3,111.51159097330346,0.0,0.0,135.0,57.53038271835129,0.0,0.0,0.0,76.52145336379758,0.0,0.0,0.0,99.9622566240632,0.0,0.0,0.0,0.0,0.0,0.0
47,11.75,R2Z4,159.53797835677358,0.0,0.0,0.0,0.0,40.25871822206851,123.56543508105437,0.0,38.26072668189879,0.0,0.0,0.0,95.83934668690077,0.0,0.0,0.0,0.0,0.0,0.0
47,11.75,R2Z5,107.58045611427951,0.0,0.0,0.0,60.85701361427341,135.0,147.9767009000426,0.0,0.0,0.0,0.0,0.0,97.2940089277984,0.0,0.0,0.0,0.0,0.0,0.0
47,11.75,R3Z1,136.6690179707794,0.0,135.0,35.56504957462762,54.683096951951256,96.41608995091009,0.0,0.0,38.26072668189879,0.0,0.0,0.0,0.0,0.0,0.0,0.0,0.0,0.0,0.0
47,11.75,R3Z2,180.33592942369805,0.0,0.0,135.0,7.812260621786615,0.0,0.0,0.0,76.52145336379758,0.0,0.0,0.0,100.64220272992274,0.0,0.0,0.0,0.0,0.0,0.0
47,11.75,R3Z3,218.40299221625094,0.0,0.0,135.0,24.3231671993912,0.0,0.0,0.0,76.52145336379758,0.0,0.0,0.0,0.0,0.0,0.0,0.0,0.0,0.0,0.0
47,11.75,R3Z4,211.6311709182719,0.0,0.0,74.61769774340124,33.81006372261274,0.0,0.0,0.0,38.26072668189879,0.0,0.0,0.0,-0.0,0.0,0.0,0.0,0.0,0.0,0.0
47,11.75,R3Z5,204.7499321934156,0.0,0.0,89.99999999999999,52.32866865790403,1.4210854715202004e-14,0.0,0.0,0.0,0.0,0.0,0.0,0.0,0.0,0.0,0.0,0.0,0.0,0.0
47,11.75,R3Z6,184.97852631324506,0.0,0.0,135.0,64.52276017269662,0.0,0.0,0.0,0.0,0.0,0.0,0.0,0.0,0.0,0.0,0.0,0.0,0.0,0.0
47,11.75,R3Z7,179.97300475404177,0.0,0.0,128.05265561918532,42.01922093284901,0.0,0.0,0.0,0.0,0.0,0.0,0.0,11.508097608394664,0.0,0.0,0.0,0.0,0.0,0.0
47,11.75,R3Z8,230.71074714959525,0.0,0.0,45.00000000000001,54.776513430884755,-7.105427357601002e-15,0.0,0.0,76.52145336379758,0.0,5.72018799360896,0.0,1.385800570406719,0.0,0.0,0.0,0.0,0.0,0.0
47,11.75,R3Z9,170.66625811598303,0.0,0.0,107.7995702003244,0.0,0.0,0.0,0.0,0.0,0.0,0.0,0.0,0.0,0.0,0.0,0.0,0.0,0.0,0.0
47,11.75,R3Z10,123.02973884208959,0.0,0.0,135.0,12.21024092627564,0.0,0.0,0.0,38.26072668189879,0.0,0.0,0.0,8.772019644619522,0.0,0.0,0.0,0.0,0.0,0.0
47,11.75,R4Z1,167.60132439999117,0.0,135.0,84.06144751731654,64.31567599668952,50.93855248268346,0.0,0.0,38.26072668189879,0.0,0.0,0.0,207.69841502828007,0.0,0.0,0.0,0.0,0.0,0.0
47,11.75,R4Z2,175.77630763917716,0.0,135.0,135.0,3.832130142120469,0.0,0.0,0.0,38.26072668189879,0.0,0.0,0.0,203.17652756810912,0.0,0.0,0.0,0.0,0.0,0.0
47,11.75,R4Z3,181.99038714543678,0.0,0.0,0.0,0.0,76.70482876265528,32.146806902644165,0.0,38.26072668189879,0.0,0.0,0.0,103.84920751414003,0.0,0.0,0.0,0.0,0.0,0.0
48,12.0,R1Z1,99.90220253820404,0.0,135.0,89.99999999999999,81.87679459760245,1.4210854715202004e-14,0.0,0.0,55.49875684531482,0.0,0.0,0.0,74.49471733692445,0.0,0.0,0.0,0.0,0.0,0.0
48,12.0,R1Z2,196.6060133172267,0.0,135.0,44.72599440196915,0.0,0.0,0.0,0.0,0.0,0.0,0.0,16.88001891525758,75.0901540075794,0.0,0.0,0.0,0.0,0.0,0.0
48,12.0,R1Z3,174.59861896008874,0.0,0.0,86.33659508379012,8.232519849724262,1.4210854715202004e-14,0.0,0.0,0.0,0.0,0.0,0.0,0.0,0.0,0.0,0.0,14.219257161665423,0.0,0.0
48,12.0,R1Z4,232.97649618838727,0.0,0.0,134.57580082390294,15.110044662595271,0.0,0.0,0.0,0.0,0.0,0.0,0.0,20.286338762783682,0.0,0.0,0.0,37.94706661091862,0.0,0.0
48,12.0,R1Z5,182.6145262262682,0.0,0.0,90.0,14.581058902127182,0.0,0.0,0.0,55.49875684531482,0.0,0.0,0.0,40.87905255666152,0.0,0.0,0.0,14.87207015343326,0.0,0.0
48,12.0,R1Z6,171.67894176819865,0.0,0.0,108.10084691072016,98.23276978706959,-1.4210854715202004e-14,0.0,0.0,27.74937842265741,0.0,0.0,0.0,61.40298159967114,0.0,0.0,0.0,13.981479560285745,0.0,0.0
48,12.0,R1Z7,177.94645860035592,0.0,0.0,82.02035513887427,0.0,0.0,0.0,0.0,0.0,0.0,59.41413049582245,0.0,41.795621944873545,0.0,0.0,0.0,14.49190417951989,0.0,0.0
48,12.0,R2Z1,227.1423835549636,0.0,135.0,135.0,137.47340485874412,0.0,0.0,0.0,55.49875684531482,0.0,0.0,0.0,0.0,80.0,80.0,543.0274789662379,0.0,0.0,0.0
48,12.0,R2Z2,192.93074603934323,0.0,135.0,0.0,0.0,41.287809021255676,30.628812625910406,0.0,27.74937842265741,0.0,0.0,0.0,103.13448684061153,0.0,0.0,0.0,0.0,0.0,0.0
48,12.0,R2Z3,96.58404613965513,0.0,0.0,111.02566807348427,113.09490904477678,23.096251497844065,0.0,0.0,55.49875684531482,0.0,0.0,0.0,99.82428235998077,0.0,0.0,0.0,0.0,0.0,0.0
48,12.0,R2Z4,177.33301565787033,0.0,0.0,41.68602502693908,11.9323647011183,0.0,0.0,0.0,27.74937842265741,0.0,0.0,0.0,95.70706312532616,0.0,0.0,0.0,0.0,0.0,0.0
48,12.0,R2Z5,134.4716218147391,0.0,0.0,135.0,0.0,0.0,0.0,0.0,0.0,0.0,0.0,0.0,97.15971754888398,0.0,0.0,0.0,0.0,0.0,0.0
48,12.0,R3Z1,124.83206411954318,0.0,135.0,0.0,0.0,135.0,27.476734976742833,0.0,27.74937842265741,0.0,0.0,0.0,0.0,0.0,0.0,0.0,0.0,0.0,0.0
48,12.0,R3Z2,195.9219523540123,0.0,0.0,111.84718255801927,30.613192074409636,23.15281744198073,0.0,0.0,55.49875684531482,0.0,0.0,0.0,100.50328996098118,0.0,0.0,0.0,0.0,0.0,0.0
48,12.0,R3Z3,269.46957219015616,0.0,0.0,135.0,79.25963226941899,0.0,0.0,0.0,55.49875684531482,0.0,0.0,0.0,0.0,0.0,0.0,0.0,0.0,0.0,0.0
48,12.0,R3Z4,206.69247278921432,0.0,0.0,80.64539414678661,60.94466520370959,0.0,0.0,0.0,27.74937842265741,0.0,0.0,0.0,-0.0,0.0,0.0,0.0,0.0,0.0,0.0
48,12.0,R3Z5,187.18571129388016,0.0,0.0,82.6242437374321,34.574042374701726,-1.4210854715202004e-14,0.0,0.0,0.0,0.0,0.0,0.0,0.0,0.0,0.0,0.0,0.0,0.0,0.0
48,12.0,R3Z6,219.92248987711696,0.0,0.0,135.0,0.0,0.0,0.0,0.0,0.0,0.0,0.0,0.0,0.0,0.0,0.0,0.0,0.0,0.0,0.0
48,12.0,R3Z7,178.01414733549387,0.0,0.0,135.0,17.33638218994686,0.0,0.0,0.0,0.0,0.0,0.0,44.54655239440213,0.0,0.0,0.0,0.0,0.0,0.0,0.0
48,12.0,R3Z8,216.71858715614107,0.0,0.0,45.0,97.52530974062117,0.0,0.0,0.0,55.49875684531482,0.0,0.0,0.0,1.383887800324047,0.0,0.0,0.0,0.0,0.0,0.0
48,12.0,R3Z9,164.02726423341943,0.0,0.0,121.4009341001373,14.092661356197702,1.4210854715202004e-14,0.0,0.0,0.0,0.0,0.0,0.0,0.0,0.0,0.0,0.0,0.0,0.0,0.0
48,12.0,R3Z10,128.9100859267147,0.0,0.0,135.0,3.5037915308934298,0.0,0.0,0.0,27.74937842265741,0.0,0.0,0.0,8.759911945215189,0.0,0.0,0.0,0.0,0.0,0.0
48,12.0,R4Z1,186.51771796422184,0.0,135.0,135.0,0.0,0.0,0.0,0.0,27.74937842265741,0.0,0.0,0.0,207.4117364664666,0.0,0.0,0.0,0.0,0.0,0.0
48,12.0,R4Z2,224.2666191898653,0.0,135.0,0.0,0.0,135.0,18.549324299324773,0.0,27.74937842265741,0.0,0.0,0.0,202.89609040295525,0.0,0.0,0.0,0.0,0.0,0.0
48,12.0,R4Z3,153.23358795517532,0.0,0.0,72.18233311917129,0.0,0.0,0.0,0.0,27.74937842265741,0.0,0.0,0.0,103.7058682332333,0.0,0.0,0.0,0.0,0.0,0.0
49,12.25,R1Z1,98.64999657767241,0.0,135.0,90.0,21.260857823898927,0.0,0.0,0.0,53.676672730524814,0.0,0.0,0.0,74.3918949902737,0.0,0.0,0.0,0.0,0.0,0.0
49,12.25,R1Z2,220.33381709081945,0.0,135.0,41.08164868974089,17.96502103863055,0.0,0.0,0.0,0.0,0.0,0.0,26.287147362447968,68.20489616499887,0.0,0.0,0.0,0.0,0.0,0.0
49,12.25,R1Z3,158.4912146901115,0.0,0.0,86.04108872176882,25.489502712404306,0.0,0.0,0.0,0.0,0.0,0.0,0.0,0.0,0.0,0.0,0.0,12.907475173435213,0.0,0.0
49,12.25,R1Z4,245.12891446366578,0.0,0.0,125.48617544250422,58.025786960057,0.0,0.0,0.0,0.0,0.0,46.7310890919389,0.0,31.579639244601413,0.0,0.0,0.0,39.926444931566245,0.0,0.0
49,12.25,R1Z5,230.72405441084572,0.0,0.0,90.0,2.4526185384036605,0.0,0.0,0.0,53.676672730524814,0.0,0.0,0.0,40.8226286884599,0.0,0.0,0.0,18.790095148460694,0.0,0.0
49,12.25,R1Z6,179.93906365357878,0.0,0.0,118.46864714615327,36.60332329994808,-1.4210854715202004e-14,0.0,0.0,26.838336365262407,0.0,0.0,0.0,61.31822929930498,0.0,0.0,0.0,14.65418131459784,0.0,0.0
49,12.25,R1Z7,162.7573347713184,0.0,0.0,79.44907533950368,38.42807244588058,1.4210854715202004e-14,0.0,0.0,0.0,0.0,0.0,0.0,41.737932969309504,0.0,0.0,0.0,13.254906664466034,0.0,0.0
49,12.25,R2Z1,209.4177072993526,0.0,135.0,70.64401544213158,51.46839006461475,64.35598455786842,0.0,0.0,53.676672730524814,0.0,0.0,0.0,0.0,80.0,80.0,540.0563920553097,0.0,0.0,0.0
49,12.25,R2Z2,150.51384277492826,0.0,135.0,42.84705077850892,20.905841469524276,0.0,0.0,0.0,26.838336365262407,0.0,0.0,0.0,102.99213406263385,0.0,0.0,0.0,0.0,0.0,0.0
49,12.25,R2Z3,117.99307418174273,0.0,0.0,0.0,0.0,135.0,2.62506834404916,0.0,53.676672730524814,0.0,0.0,0.0,99.68649853675264,0.0,0.0,0.0,0.0,0.0,0.0
49,12.25,R2Z4,164.63323920898407,0.0,0.0,0.0,0.0,42.19458805344036,16.52350893689915,0.0,26.838336365262407,0.0,0.0,0.0,95.57496214993633,0.0,0.0,0.0,0.0,0.0,0.0
49,12.25,R2Z5,115.79922891121795,0.0,0.0,126.46518838300815,14.996588046863511,-1.4210854715202004e-14,0.0,0.0,0.0,0.0,0.0,0.0,97.02561152747151,0.0,0.0,0.0,0.0,0.0,0.0
49,12.25,R3Z1,116.99651206309105,0.0,135.0,133.76859349426343,70.59961560641061,2.842170943040401e-14,0.0,0.0,26.838336365262407,0.0,0.0,0.0,0.0,0.0,0.0,0.0,0.0,0.0,0.0
49,12.25,R3Z2,196.4081273724625,0.0,0.0,135.0,7.304616307079269,0.0,0.0,0.0,53.676672730524814,0.0,0.0,0.0,100.364568928278,0.0,0.0,0.0,0.0,0.0,0.0
49,12.25,R3Z3,300.8666786793932,0.0,0.0,117.63402909576027,129.98281518796654,17.36597090423973,0.0,0.0,53.676672730524814,0.0,0.0,0.0,0.0,0.0,0.0,0.0,0.0,0.0,0.0
49,12.25,R3Z4,213.92655625522508,0.0,0.0,74.49605373204929,41.085882728862124,0.0,0.0,0.0,26.838336365262407,0.0,0.0,0.0,-0.0,0.0,0.0,0.0,16.270562940844485,0.0,0.0
49,12.25,R3Z5,198.5224579172198,0.0,0.0,90.0,20.69763895403995,0.0,0.0,0.0,0.0,0.0,0.0,0.0,0.0,0.0,0.0,0.0,0.0,0.0,0.0
49,12.25,R3Z6,218.812224598414,0.0,0.0,135.0,26.82776776580222,0.0,0.0,0.0,0.0,0.0,0.0,0.0,0.0,0.0,0.0,0.0,0.0,0.0,0.0
49,12.25,R3Z7,124.75818254525477,0.0,0.0,126.54529541991592,26.425299028093107,-1.4210854715202004e-14,0.0,0.0,0.0,0.0,0.0,-0.0,0.0,0.0,0.0,0.0,0.0,0.0,0.0
49,12.25,R3Z8,211.34370754428875,0.0,0.0,45.0,29.830283801827406,0.0,0.0,0.0,53.676672730524814,0.0,0.0,5.356874133578769,0.0,0.0,0.0,0.0,0.0,0.0,0.0
49,12.25,R3Z9,165.08009753397005,0.0,0.0,114.74548024613107,29.463954570762453,-1.4210854715202004e-14,0.0,0.0,0.0,0.0,0.0,0.0,0.0,0.0,0.0,0.0,0.0,0.0,0.0
49,12.25,R3Z10,127.27791384040096,0.0,0.0,135.0,18.434798731911755,0.0,0.0,0.0,26.838336365262407,0.0,0.0,33.90863457338299,0.0,0.0,0.0,0.0,0.0,0.0,0.0
49,12.25,R4Z1,191.73294524554083,0.0,135.0,135.0,82.23350204086599,0.0,0.0,0.0,26.838336365262407,0.0,0.0,0.0,207.1254535966366,0.0,0.0,0.0,0.0,0.0,0.0
49,12.25,R4Z2,187.1487047046185,0.0,135.0,0.0,0.0,135.0,35.364887089985885,0.0,26.838336365262407,0.0,0.0,0.0,202.61604031501224,0.0,0.0,0.0,0.0,0.0,0.0
49,12.25,R4Z3,162.92768394738096,0.0,0.0,45.13234076984278,9.62113125193897,36.126470597142465,0.0,0.0,26.838336365262407,0.0,0.0,0.0,103.5627267983183,0.0,0.0,0.0,0.0,0.0,0.0
50,12.5,R1Z1,106.31252012521597,0.0,135.0,90.0,30.94092971296184,0.0,0.0,0.0,59.29282765768472,0.0,0.0,0.0,74.28921456556517,0.0,0.0,0.0,0.0,0.0,0.0
50,12.5,R1Z2,202.73652691261051,0.0,135.0,43.15318978625872,6.874771831216778,0.0,0.0,0.0,0.0,0.0,0.0,17.70856529513503,63.54226246110362,0.0,0.0,0.0,0.0,0.0,0.0
50,12.5,R1Z3,152.4326325693763,0.0,0.0,85.07213518270547,23.271338850122397,0.0,0.0,0.0,0.0,0.0,0.0,0.0,0.0,0.0,0.0,0.0,12.41406613204128,0.0,0.0
50,12.5,R1Z4,265.104751485335,0.0,0.0,135.0,56.91992091276419,0.0,0.0,0.0,0.0,0.0,0.0,0.0,31.536051018085587,0.0,0.0,0.0,43.180096825520344,0.0,0.0
50,12.5,R1Z5,225.18232097973325,0.0,0.0,90.0,34.78994929571133,0.0,0.0,0.0,59.29282765768472,0.0,0.0,0.0,40.76628270006967,0.0,0.0,0.0,18.33877810341351,0.0,0.0
50,12.5,R1Z6,179.1366984676857,0.0,0.0,117.60451821591211,37.78318720324829,1.4210854715202004e-14,0.0,0.0,29.64641382884236,0.0,0.0,0.0,61.233593979453936,0.0,0.0,0.0,14.58883694369884,0.0,0.0
50,12.5,R1Z7,175.82421552535573,0.0,0.0,78.88244751699376,34.49011785821659,0.0,0.0,0.0,0.0,0.0,71.19235301022648,0.0,58.927729390387505,0.0,0.0,0.0,14.319069364315025,0.0,0.0
50,12.5,R2Z1,200.18054856732937,0.0,135.0,0.0,0.0,135.0,135.03891935375867,0.0,59.29282765768472,0.0,0.0,0.0,0.0,80.0,80.0,537.0863096509732,0.0,0.0,0.0
50,12.5,R2Z2,183.7221233037898,0.0,135.0,0.0,0.0,39.07439317667108,16.85622036835671,0.0,29.64641382884236,0.0,0.0,0.0,102.84997776901382,0.0,0.0,0.0,0.0,0.0,0.0
50,12.5,R2Z3,136.93349356399065,0.0,0.0,135.0,40.11398905203292,0.0,0.0,0.0,59.29282765768472,0.0,0.0,0.0,99.54890489152024,0.0,0.0,0.0,0.0,0.0,0.0
50,12.5,R2Z4,148.548214034631,0.0,0.0,40.27437357133132,22.626016189531953,0.0,0.0,0.0,29.64641382884236,0.0,0.0,0.0,95.4430435087142,0.0,0.0,0.0,0.0,0.0,0.0
50,12.5,R2Z5,126.50163450489812,0.0,0.0,120.99593001494071,67.97104509343424,0.0,0.0,0.0,0.0,0.0,0.0,0.0,96.8916906077188,0.0,0.0,0.0,0.0,0.0,0.0
50,12.5,R3Z1,141.99726452728805,0.0,135.0,0.0,81.6562959252816,133.4335205012957,4.153588355864741,0.0,29.64641382884236,0.0,0.0,0.0,0.0,0.0,0.0,0.0,0.0,0.0,0.0
50,12.5,R3Z2,174.0150735305853,0.0,0.0,83.82282873575615,30.899417137144454,51.17717126424385,0.0,0.0,59.29282765768472,0.0,0.0,0.0,100.22603936716666,0.0,0.0,0.0,0.0,0.0,0.0
50,12.5,R3Z3,252.78923886762217,0.0,0.0,135.0,0.0,0.0,0.0,58.49641120993749,59.29282765768472,0.0,0.0,0.0,0.0,0.0,0.0,0.0,0.0,0.0,0.0
50,12.5,R3Z4,220.17731581465935,0.0,0.0,75.22367359784123,18.448019846269414,0.0,0.0,0.0,29.64641382884236,0.0,0.0,0.0,0.0,0.0,0.0,0.0,35.862344082452566,0.0,0.0
50,12.5,R3Z5,176.05719893217497,0.0,0.0,90.0,2.89192236055605,0.0,0.0,0.0,0.0,0.0,0.0,0.0,0.0,0.0,0.0,0.0,0.0,0.0,0.0
50,12.5,R3Z6,203.90616452209792,0.0,0.0,135.0,14.36550493153851,0.0,0.0,0.0,0.0,0.0,0.0,0.0,0.0,0.0,0.0,0.0,4.546031758007047,0.0,0.0
50,12.5,R3Z7,153.02880427314648,0.0,0.0,135.0,29.488240023667398,0.0,0.0,0.0,0.0,0.0,0.0,-0.0,0.0,0.0,0.0,0.0,0.0,0.0,0.0
50,12.5,R3Z8,172.79934337929672,0.0,0.0,45.0,0.0,0.0,0.0,0.0,59.29282765768472,0.0,0.0,-0.0,0.0,0.0,0.0,0.0,14.072724718623391,0.0,0.0
50,12.5,R3Z9,157.26817525927498,0.0,0.0,125.32169053759506,19.706301989151026,0.0,0.0,0.0,0.0,0.0,0.0,0.0,0.0,0.0,0.0,0.0,0.0,0.0,0.0
50,12.5,R3Z10,119.32854381833674,0.0,0.0,135.0,20.774168691393804,0.0,0.0,0.0,29.64641382884236,0.0,0.0,-0.0,0.0,0.0,0.0,0.0,0.0,0.0,0.0
50,12.5,R4Z1,178.64486130092504,0.0,135.0,76.1149808955453,106.02649591916526,48.61041564152923,0.0,0.0,29.64641382884236,0.0,0.0,0.0,206.8395658726308,0.0,0.0,0.0,0.0,0.0,0.0
50,12.5,R4Z2,190.59274751441862,0.0,135.0,0.0,0.0,135.0,35.95746196839963,0.0,29.64641382884236,0.0,0.0,0.0,202.33637677001147,0.0,0.0,0.0,0.0,0.0,0.0
50,12.5,R4Z3,158.5667469014573,0.0,0.0,74.03869216907623,59.30835976370492,0.0,0.0,0.0,29.64641382884236,0.0,0.0,0.0,103.4197829363154,0.0,0.0,0.0,0.0,0.0,0.0
51,12.75,R1Z1,111.63618617846835,0.0,135.0,90.0,0.0,0.0,0.0,0.0,42.813837893099965,0.0,0.0,0.0,74.1866758669092,0.0,0.0,0.0,0.0,0.0,0.0
51,12.75,R1Z2,208.7459063918051,0.0,135.0,42.549344398406554,0.0,0.0,0.0,0.0,0.0,0.0,0.0,31.196561993398575,55.406402627322386,0.0,0.0,0.0,0.0,0.0,0.0
51,12.75,R1Z3,163.85908343283683,0.0,0.0,90.0,13.463580022436325,0.0,0.0,0.0,0.0,0.0,0.0,0.0,0.0,0.0,0.0,0.0,13.344632732398063,0.0,0.0
51,12.75,R1Z4,232.29084961828335,0.0,0.0,135.0,9.971832863230842,0.0,0.0,0.0,0.0,0.0,0.0,14.568784672285062,27.73403720371033,0.0,0.0,0.0,37.83538892457277,0.0,0.0
51,12.75,R1Z5,218.70782686582723,0.0,0.0,90.0,33.191156718777464,0.0,0.0,0.0,42.813837893099965,0.0,0.0,0.0,40.710014483996154,0.0,0.0,0.0,17.811497318802246,0.0,0.0
51,12.75,R1Z6,181.55397396589456,0.0,0.0,123.83359786500073,33.830018283399866,0.0,0.0,0.0,21.406918946549983,0.0,0.0,0.0,61.14907547865406,0.0,0.0,0.0,14.785699107582746,0.0,0.0
51,12.75,R1Z7,186.1389809073178,0.0,0.0,78.00480740485553,14.250593245431222,0.0,0.0,0.0,0.0,0.0,0.0,0.0,58.84639359054392,0.0,0.0,0.0,15.15910064521473,0.0,0.0
51,12.75,R2Z1,170.1662259521987,0.0,135.0,0.0,0.0,135.0,156.9370489290547,0.0,42.813837893099965,0.0,0.0,0.0,0.0,80.0,80.0,534.1172314136109,0.0,0.0,0.0
51,12.75,R2Z2,159.40449877397728,0.0,135.0,0.0,0.0,41.40157029793504,38.22095177145385,0.0,21.406918946549983,0.0,0.0,0.0,102.70801768855122,0.0,0.0,0.0,0.0,0.0,0.0
51,12.75,R2Z3,107.2376914657476,0.0,0.0,6.803599676028725,31.251036751466074,128.19640032397126,0.0,0.0,42.813837893099965,0.0,0.0,0.0,99.41150116178778,0.0,0.0,0.0,0.0,0.0,0.0
51,12.75,R2Z4,180.01804108032212,0.0,0.0,41.791402969736325,30.227366360378735,7.105427357601002e-15,0.0,0.0,21.406918946549983,0.0,0.0,0.0,95.31130694999057,0.0,0.0,0.0,0.0,0.0,0.0
51,12.75,R2Z5,101.02875578833846,0.0,0.0,135.0,86.49712565727987,0.0,0.0,0.0,0.0,0.0,0.0,0.0,96.75795453413676,0.0,0.0,0.0,0.0,0.0,0.0
51,12.75,R3Z1,111.03888870203467,0.0,135.0,125.7544058684015,0.0,0.0,0.0,0.0,21.406918946549983,0.0,0.0,0.0,0.0,0.0,0.0,0.0,0.0,0.0,0.0
51,12.75,R3Z2,200.71214718390496,0.0,0.0,133.5669938901,24.331315400704998,1.433006109899992,0.0,0.0,42.813837893099965,0.0,0.0,0.0,100.0877010133659,0.0,0.0,0.0,0.0,0.0,0.0
51,12.75,R3Z3,307.8532441169125,0.0,0.0,126.08340067166569,90.42954974112743,0.0,0.0,48.52645581101942,42.813837893099965,0.0,0.0,0.0,0.0,0.0,0.0,0.0,0.0,0.0,0.0
51,12.75,R3Z4,199.30313906470602,0.0,0.0,77.52991099258769,43.97889585592846,0.0,0.0,0.0,21.406918946549983,0.0,0.0,-0.0,0.0,0.0,0.0,0.0,32.46237117300485,0.0,0.0
51,12.75,R3Z5,174.21152010275654,0.0,0.0,90.0,31.544949707418205,0.0,0.0,0.0,0.0,0.0,0.0,0.0,0.0,0.0,0.0,0.0,0.0,0.0,0.0
51,12.75,R3Z6,202.47817923147684,0.0,0.0,122.25892526739213,0.0,0.0,0.0,0.0,0.0,0.0,0.0,0.0,0.0,0.0,0.0,0.0,0.0,0.0,0.0
51,12.75,R3Z7,169.5342614785167,0.0,0.0,124.96657356810096,0.0,0.0,0.0,0.0,0.0,0.0,0.0,-0.0,0.0,0.0,0.0,0.0,0.0,0.0,0.0
51,12.75,R3Z8,174.35817016782477,0.0,0.0,45.0,69.41842488867137,0.0,0.0,0.0,42.813837893099965,0.0,0.0,-0.0,-0.0,0.0,0.0,0.0,8.45520667643757,0.0,0.0
51,12.75,R3Z9,159.52232966677053,0.0,0.0,116.4695677512509,30.007406492955532,0.0,0.0,0.0,0.0,0.0,0.0,0.0,0.0,0.0,0.0,0.0,0.0,0.0,0.0
51,12.75,R3Z10,126.5501904951145,0.0,0.0,132.19577218607873,12.762841714617325,0.0,0.0,0.0,21.406918946549983,0.0,0.0,-0.0,-0.0,0.0,0.0,0.0,0.0,0.0,0.0
51,12.75,R4Z1,156.9519558408044,0.0,135.0,0.0,0.0,134.62162193750615,109.46076418504136,0.0,21.406918946549983,0.0,0.0,0.0,206.55407274904383,0.0,0.0,0.0,0.0,0.0,0.0
51,12.75,R4Z2,157.11807102635942,0.0,135.0,67.44589687107282,43.43843427879151,67.55410312892718,0.0,0.0,21.406918946549983,0.0,0.0,0.0,202.05709923442183,0.0,0.0,0.0,0.0,0.0,0.0
51,12.75,R4Z3,135.37543896388846,0.0,0.0,72.93402660982447,78.02976574893135,-1.4210854715202004e-14,0.0,0.0,21.406918946549983,0.0,0.0,0.0,103.27703637452191,0.0,0.0,0.0,0.0,0.0,0.0
52,13.0,R1Z1,108.31084611302076,0.0,135.0,90.0,86.52492474292333,0.0,0.0,0.0,36.14954766453924,0.0,0.0,0.0,74.08427869868646,0.0,0.0,0.0,0.0,0.0,0.0
52,13.0,R1Z2,188.69881680656962,0.0,135.0,44.07376834090348,63.30695227087568,0.0,0.0,0.0,0.0,0.0,36.857591636689364,0.0,64.2592266381529,0.0,0.0,0.0,0.0,0.0,0.0
52,13.0,R1Z3,160.6230792967887,0.0,0.0,89.74945847037026,12.790608152518177,0.0,0.0,0.0,0.0,0.0,0.0,0.0,0.0,0.0,0.0,0.0,13.081093563183902,0.0,0.0
52,13.0,R1Z4,246.89001849835364,0.0,0.0,127.56412836748672,32.82868373507125,0.0,0.0,0.0,0.0,0.0,0.0,0.0,27.695756921707414,0.0,0.0,0.0,40.213292459992545,0.0,0.0
52,13.0,R1Z5,202.3537390484676,0.0,0.0,90.0,24.350026114994282,0.0,0.0,0.0,36.14954766453924,0.0,51.99565765405883,0.0,53.25054490013633,0.0,0.0,0.0,16.47962549928543,0.0,0.0
52,13.0,R1Z6,188.23333636265787,0.0,0.0,124.82312521920147,68.34124822892431,0.0,0.0,0.0,18.07477383226962,0.0,0.0,0.0,61.06467363566428,0.0,0.0,0.0,15.32966430135811,0.0,0.0
52,13.0,R1Z7,147.92079004880537,0.0,0.0,78.07350972210628,14.841944349246553,0.0,0.0,0.0,0.0,0.0,0.0,0.0,58.76517005554415,0.0,0.0,0.0,12.0466230820616,0.0,0.0
52,13.0,R2Z1,187.73779733055514,0.0,135.0,135.0,20.137597522455724,0.0,0.0,0.0,36.14954766453924,0.0,0.0,0.0,0.0,80.0,80.0,531.1491570037198,0.0,0.0,0.0
52,13.0,R2Z2,167.9248414049191,0.0,135.0,0.0,0.0,40.7797485818456,50.68275977749895,0.0,18.07477383226962,0.0,0.0,0.0,102.56625355042019,0.0,0.0,0.0,0.0,0.0,0.0
52,13.0,R2Z3,75.15459737959318,0.0,0.0,0.0,0.0,135.0,51.35547493147395,0.0,36.14954766453924,0.0,0.0,0.0,99.27428708542182,0.0,0.0,0.0,0.0,0.0,0.0
52,13.0,R2Z4,163.06026273609558,0.0,0.0,41.156569496850665,89.48801639008298,7.105427357601002e-15,0.0,0.0,18.07477383226962,0.0,0.0,0.0,95.17975222244358,0.0,0.0,0.0,0.0,0.0,0.0
52,13.0,R2Z5,140.45339117513487,0.0,0.0,131.20921827629394,92.7159531572407,0.0,0.0,0.0,0.0,0.0,0.0,0.0,96.62440305158896,0.0,0.0,0.0,0.0,0.0,0.0
52,13.0,R3Z1,140.89432216723566,0.0,135.0,122.1659202342727,53.668565839334036,-1.4210854715202004e-14,0.0,0.0,18.07477383226962,0.0,0.0,0.0,0.0,0.0,0.0,0.0,0.0,0.0,0.0
52,13.0,R3Z2,172.36326732229284,0.0,0.0,133.13149801190136,12.494519380873758,0.0,0.0,0.0,36.14954766453924,0.0,0.0,0.0,99.94955360295923,0.0,0.0,0.0,0.0,0.0,0.0
52,13.0,R3Z3,237.32991315567264,0.0,0.0,135.0,45.0541884596512,0.0,0.0,21.12617703148223,36.14954766453924,0.0,0.0,0.0,0.0,0.0,0.0,0.0,0.0,0.0,0.0
52,13.0,R3Z4,183.86608884540368,0.0,0.0,74.86456297204312,8.847771884610456,0.0,0.0,0.0,18.07477383226962,0.0,0.0,-0.0,0.0,0.0,0.0,0.0,15.155164249052774,0.0,0.0
52,13.0,R3Z5,155.538976445812,0.0,0.0,86.24049068060143,2.957931158577832,0.0,0.0,0.0,0.0,0.0,0.0,0.0,0.0,0.0,0.0,0.0,38.00113743025848,0.0,0.0
52,13.0,R3Z6,193.1503842759295,0.0,0.0,116.13463998210803,9.15198883145665,0.0,0.0,0.0,0.0,0.0,0.0,0.0,0.0,0.0,0.0,0.0,0.0,0.0,0.0
52,13.0,R3Z7,129.62817854963336,0.0,0.0,134.63105371992512,31.76131819356882,0.0,0.0,0.0,0.0,0.0,0.0,-0.0,0.0,0.0,0.0,0.0,10.556878497514672,0.0,0.0
52,13.0,R3Z8,203.44478663664896,0.0,0.0,42.33120253797646,0.0,0.0,0.0,0.0,36.14954766453924,0.0,0.0,0.0,0.0,0.0,0.0,0.0,0.0,0.0,0.0
52,13.0,R3Z9,160.37545414976123,0.0,0.0,116.59991157382741,0.0,0.0,0.0,0.0,0.0,0.0,0.0,0.0,0.0,0.0,0.0,0.0,26.1218540966308,0.0,0.0
52,13.0,R3Z10,123.17718941913385,0.0,0.0,135.0,15.152253184270638,0.0,0.0,0.0,18.07477383226962,0.0,0.0,0.0,0.0,0.0,0.0,0.0,30.09453585429919,0.0,0.0
52,13.0,R4Z1,172.5878089010738,0.0,135.0,91.58241336795923,54.98307635612265,38.42742263714713,0.0,0.0,18.07477383226962,0.0,0.0,0.0,206.26897368122306,0.0,0.0,0.0,0.0,0.0,0.0
52,13.0,R4Z2,169.86473939745892,0.0,135.0,0.0,0.0,135.0,33.3661259507528,0.0,18.07477383226962,0.0,0.0,0.0,201.77820717544853,0.0,0.0,0.0,0.0,0.0,0.0
52,13.0,R4Z3,149.68692354252406,0.0,0.0,0.0,0.0,83.44813120208893,45.208383522467095,0.0,18.07477383226962,0.0,0.0,0.0,103.13448684061153,0.0,0.0,0.0,0.0,0.0,0.0
53,13.25,R1Z1,117.8892900198105,0.0,135.0,90.0,37.90732834656112,0.0,0.0,0.0,57.87723353891353,0.0,0.0,0.0,73.98202286554765,0.0,0.0,0.0,0.0,0.0,0.0
53,13.25,R1Z2,192.02115306759325,0.0,135.0,45.0,54.595036151989405,0.0,0.0,0.0,0.0,0.0,0.0,0.0,64.17053196673056,0.0,0.0,0.0,0.0,0.0,0.0
53,13.25,R1Z3,177.88357071644987,0.0,0.0,81.5642796994259,29.40438579526145,0.0,0.0,0.0,0.0,0.0,0.0,0.0,0.0,0.0,0.0,0.0,14.486782609836583,0.0,0.0
53,13.25,R1Z4,210.15857357562243,0.0,0.0,127.26038966974467,34.15065102682455,-1.4210854715202004e-14,0.0,0.0,0.0,0.0,0.0,0.0,27.657529476584305,0.0,0.0,0.0,34.23049758582169,0.0,0.0
53,13.25,R1Z5,243.650408017703,0.0,0.0,90.0,18.344794594204355,0.0,0.0,0.0,57.87723353891353,0.0,0.0,0.0,53.1770451113889,0.0,0.0,0.0,19.842813361200626,0.0,0.0
53,13.25,R1Z6,162.81469190273208,0.0,0.0,117.95301893215381,79.26244725917459,-1.4210854715202004e-14,0.0,0.0,28.938616769456765,0.0,0.0,0.0,60.980388289466056,0.0,0.0,0.0,13.259577811388525,0.0,0.0
53,13.25,R1Z7,177.80417451723798,0.0,0.0,82.3830039503077,5.959377918919411,0.0,0.0,0.0,0.0,0.0,60.36603654750613,0.0,73.30862830789704,0.0,0.0,0.0,14.480316608095123,0.0,0.0
53,13.25,R2Z1,186.09249725757383,0.0,135.0,135.0,19.83487763455295,0.0,0.0,0.0,57.87723353891353,0.0,0.0,0.0,0.0,80.0,80.0,528.182086081912,0.0,0.0,0.0
53,13.25,R2Z2,174.65672638743052,0.0,135.0,0.0,0.0,39.032189891549564,7.1645261253093215,0.0,28.938616769456765,0.0,0.0,0.0,102.42468508416864,0.0,0.0,0.0,0.0,0.0,0.0
53,13.25,R2Z3,87.97303950053288,0.0,0.0,135.0,72.93167015573866,0.0,0.0,0.0,57.87723353891353,0.0,0.0,0.0,99.13726240065073,0.0,0.0,0.0,0.0,0.0,0.0
53,13.25,R2Z4,178.6807390703471,0.0,0.0,39.87174435518128,30.17941293948209,7.105427357601002e-15,0.0,0.0,28.938616769456765,0.0,0.0,0.0,95.0483790750983,0.0,0.0,0.0,0.0,0.0,0.0
53,13.25,R2Z5,114.10585391201322,0.0,0.0,16.769292973034126,0.0,118.23070702696587,0.0,0.0,0.0,0.0,0.0,0.0,96.49103590529108,0.0,0.0,0.0,0.0,0.0,0.0
53,13.25,R3Z1,132.36919116976668,0.0,135.0,0.0,0.0,119.69851261996966,13.463971532817991,0.0,28.938616769456765,0.0,0.0,0.0,0.0,0.0,0.0,0.0,0.0,0.0,0.0
53,13.25,R3Z2,214.59167668711837,0.0,0.0,124.81230100134546,18.321075193099585,1.4210854715202004e-14,0.0,0.0,57.87723353891353,0.0,0.0,0.0,99.81159687239442,0.0,0.0,0.0,0.0,0.0,0.0
53,13.25,R3Z3,265.8445904492292,0.0,0.0,135.0,19.880396328713797,0.0,0.0,0.0,57.87723353891353,0.0,0.0,0.0,0.0,0.0,0.0,0.0,0.0,0.0,0.0
53,13.25,R3Z4,178.21726581129784,0.0,0.0,77.38231829279857,22.447318549854877,0.0,0.0,0.0,28.938616769456765,0.0,0.0,0.0,-0.0,0.0,0.0,0.0,0.0,0.0,0.0
53,13.25,R3Z5,155.60971243593008,0.0,0.0,90.0,0.0,0.0,0.0,0.0,0.0,0.0,0.0,0.0,0.0,0.0,0.0,0.0,0.0,0.0,0.0
53,13.25,R3Z6,203.98152443022886,0.0,0.0,126.18245001030874,27.008836843120378,1.4210854715202004e-14,0.0,0.0,0.0,0.0,0.0,0.0,0.0,0.0,0.0,0.0,0.0,0.0,0.0
53,13.25,R3Z7,150.80482426429018,0.0,0.0,129.63051004463455,16.218626951723515,0.0,0.0,0.0,0.0,0.0,0.0,0.0,-0.0,0.0,0.0,0.0,0.0,0.0,0.0
53,13.25,R3Z8,166.80897385670238,0.0,0.0,44.40405357295535,114.97489431201737,-7.105427357601002e-15,0.0,0.0,57.87723353891353,0.0,-0.0,0.0,0.0,0.0,0.0,0.0,0.0,0.0,0.0
53,13.25,R3Z9,151.1009408241651,0.0,0.0,110.84805609505936,24.652024557314167,-1.4210854715202004e-14,0.0,0.0,0.0,0.0,0.0,0.0,0.0,0.0,0.0,0.0,0.0,0.0,0.0
53,13.25,R3Z10,99.5941518587155,0.0,0.0,113.47795797403944,0.0,0.0,0.0,0.0,28.938616769456765,0.0,23.475361411484002,0.0,5.6872552564506424,0.0,0.0,0.0,0.0,0.0,0.0
53,13.25,R4Z1,177.83385602006894,0.0,135.0,123.78143684288926,0.0,0.5922145197493336,0.0,0.0,28.938616769456765,0.0,0.0,0.0,205.9842681252677,0.0,0.0,0.0,0.0,0.0,0.0
53,13.25,R4Z2,192.20634513821938,0.0,135.0,135.0,40.64872586957746,0.0,0.0,0.0,28.938616769456765,0.0,0.0,0.0,201.49970006103226,0.0,0.0,0.0,0.0,0.0,0.0
53,13.25,R4Z3,139.58239734533086,0.0,0.0,0.0,0.0,80.79788186121452,50.6087777876062,0.0,28.938616769456765,0.0,0.0,0.0,102.99213406263385,0.0,0.0,0.0,0.0,0.0,0.0
54,13.5,R1Z1,94.74532167227248,0.0,135.0,78.47929457440662,79.15983309272838,0.0,0.0,0.0,54.17916730796545,0.0,0.0,0.0,73.8799081724131,0.0,0.0,0.0,0.0,0.0,0.0
54,13.5,R1Z2,183.46255333647375,0.0,135.0,44.99999999999999,26.76784772082005,7.105427357601002e-15,0.0,0.0,0.0,0.0,0.0,0.0,64.08195971733461,0.0,0.0,0.0,0.0,0.0,0.0
54,13.5,R1Z3,163.5973133301848,0.0,0.0,80.0837105373482,27.432368125109527,-1.4210854715202004e-14,0.0,0.0,0.0,0.0,0.0,0.0,0.0,0.0,0.0,0.0,13.323314256747945,0.0,0.0
54,13.5,R1Z4,201.57660236778182,0.0,0.0,128.07418712815752,35.73391477587238,2.842170943040401e-14,0.0,0.0,0.0,0.0,50.229133949822256,0.0,39.788109136435615,0.0,0.0,0.0,32.83267145998975,0.0,0.0
54,13.5,R1Z5,230.58070774830438,0.0,0.0,90.0,9.545275370707762,0.0,0.0,0.0,54.17916730796545,0.0,0.0,0.0,53.10364677172441,0.0,0.0,0.0,18.77842104089855,0.0,0.0
54,13.5,R1Z6,188.3009053162618,0.0,0.0,121.77676728004695,142.1054196596353,-1.4210854715202004e-14,0.0,0.0,27.089583653982725,0.0,0.0,0.0,60.89621927926311,0.0,0.0,0.0,15.33516709590002,0.0,0.0
54,13.5,R1Z7,162.20285974116618,0.0,0.0,74.12362390585453,19.58491231811973,0.0,0.0,0.0,0.0,0.0,90.0,0.0,95.01128090096142,0.0,0.0,0.0,13.209750390662638,0.0,0.0
54,13.5,R2Z1,157.0364781475697,0.0,135.0,65.6712914960225,85.46528749010399,69.3287085039775,0.0,0.0,54.17916730796545,0.0,0.0,0.0,0.0,80.0,80.0,525.2160183089142,0.0,0.0,0.0
54,13.5,R2Z2,196.13703856545123,0.0,135.0,0.0,0.0,38.476130434810266,9.115448377318991,0.0,27.089583653982725,0.0,0.0,0.0,102.28331201971783,0.0,0.0,0.0,0.0,0.0,0.0
54,13.5,R2Z3,113.62148089500441,0.0,0.0,86.9825659846652,0.0,48.0174340153348,0.0,0.0,54.17916730796545,0.0,0.0,0.0,99.00042684606417,0.0,0.0,0.0,0.0,0.0,0.0
54,13.5,R2Z4,170.51143781991888,0.0,0.0,40.535256853678185,50.41167820330785,-7.105427357601002e-15,0.0,0.0,27.089583653982725,0.0,0.0,0.0,94.91718725732616,0.0,0.0,0.0,0.0,0.0,0.0
54,13.5,R2Z5,124.29714652372981,0.0,0.0,0.0,0.0,131.13802997508478,130.24367029279958,0.0,0.0,0.0,0.0,0.0,96.35785284081054,0.0,0.0,0.0,0.0,0.0,0.0
54,13.5,R3Z1,148.20227646960183,0.0,135.0,98.83291886312675,70.5590420990146,15.264403397812956,0.0,0.0,27.089583653982725,0.0,0.0,0.0,0.0,0.0,0.0,0.0,0.0,0.0,0.0
54,13.5,R3Z2,213.45983874902433,0.0,0.0,117.20934845738853,0.0,0.0,0.0,0.0,54.17916730796545,0.0,0.0,0.0,99.67383055848303,0.0,0.0,0.0,0.0,0.0,0.0
54,13.5,R3Z3,218.995399495119,0.0,0.0,133.18613053675062,73.70142463407323,1.8138694632493753,0.0,0.0,54.17916730796545,0.0,0.0,0.0,0.0,0.0,0.0,0.0,0.0,0.0,0.0
54,13.5,R3Z4,108.20485906362383,0.0,0.0,86.71252731599495,4.5601032458143385,0.0,0.0,0.0,27.089583653982725,0.0,38.1074096444218,0.0,9.232086442082826,0.0,0.0,0.0,0.0,0.0,0.0
54,13.5,R3Z5,148.19139683718222,0.0,0.0,90.00000000000001,58.989965867728685,-1.4210854715202004e-14,0.0,0.0,0.0,0.0,0.0,0.0,0.0,0.0,0.0,0.0,0.0,0.0,0.0
54,13.5,R3Z6,154.49154107966535,0.0,0.0,131.29402970466748,31.8599612225361,0.0,0.0,0.0,0.0,0.0,0.0,0.0,0.0,0.0,0.0,0.0,0.0,0.0,0.0
54,13.5,R3Z7,149.39829564536635,0.0,0.0,124.1232739238102,22.88177503574157,0.0,0.0,0.0,0.0,0.0,0.07872957651387259,0.0,0.01907341020307427,0.0,0.0,0.0,0.0,0.0,0.0
54,13.5,R3Z8,198.04672328718047,0.0,0.0,45.0,25.664249000067624,0.0,0.0,0.0,54.17916730796545,0.0,45.0,0.0,10.901918912101657,0.0,0.0,0.0,0.0,0.0,0.0
54,13.5,R3Z9,184.56269893931977,0.0,0.0,104.91307344873344,10.33665283453975,0.0,0.0,0.0,0.0,0.0,0.0,0.0,0.0,0.0,0.0,0.0,0.0,0.0,0.0
54,13.5,R3Z10,94.64781176581619,0.0,0.0,135.0,0.0,0.0,0.0,0.0,27.089583653982725,0.0,42.24374852299748,0.0,15.913581365952107,0.0,0.0,0.0,0.0,0.0,0.0
54,13.5,R4Z1,175.82645209060038,0.0,135.0,124.67222356229415,23.42116446719852,1.4210854715202004e-14,0.0,0.0,27.089583653982725,0.0,0.0,0.0,205.69995553802764,0.0,0.0,0.0,0.0,0.0,0.0
54,13.5,R4Z2,223.98175962731733,0.0,135.0,0.0,34.64206519331135,135.0,15.231250947452864,0.0,27.089583653982725,0.0,0.0,0.0,201.22157735984806,0.0,0.0,0.0,0.0,0.0,0.0
54,13.5,R4Z3,138.98031765361284,0.0,0.0,80.22524855723486,71.18249114676135,0.0,0.0,0.0,27.089583653982725,0.0,0.0,0.0,102.84997776901382,0.0,0.0,0.0,0.0,0.0,0.0
55,13.75,R1Z1,107.00610394484349,0.0,135.0,84.15962068141125,38.77555075029338,0.0,0.0,0.0,65.27241829245934,0.0,0.0,0.0,73.77793442447239,0.0,0.0,0.0,0.0,0.0,0.0
55,13.75,R1Z2,179.0204534929472,0.0,135.0,44.87966973415074,13.52981869375208,-7.105427357601002e-15,0.0,0.0,0.0,0.0,0.0,0.0,63.99350972099038,0.0,0.0,0.0,0.0,0.0,0.0
55,13.75,R1Z3,178.72400547279636,0.0,0.0,79.95147820213747,36.69579624306073,0.0,0.0,0.0,0.0,0.0,0.0,0.0,0.0,0.0,0.0,0.0,14.555227354699223,0.0,0.0
55,13.75,R1Z4,199.1298528214845,0.0,0.0,123.90092615956644,39.56426726463499,0.0,0.0,0.0,0.0,0.0,0.0,0.0,39.7331910577254,0.0,0.0,0.0,32.43414641762452,0.0,0.0
55,13.75,R1Z5,235.48014423457965,0.0,0.0,86.97307783573667,25.392602563387157,0.0,0.0,0.0,65.27241829245934,0.0,32.17193807852338,0.0,60.82447996727676,0.0,0.0,0.0,19.177429622756346,0.0,0.0
55,13.75,R1Z6,209.7239031966938,0.0,0.0,105.71789552715069,0.0,0.0,0.0,0.0,32.63620914622967,0.0,0.0,0.0,60.8121664444811,0.0,0.0,0.0,17.079849372598375,0.0,0.0
55,13.75,R1Z7,121.47368179377082,0.0,0.0,71.78944278969672,32.39071183872692,1.4210854715202004e-14,0.0,0.0,0.0,0.0,0.0,0.0,94.88014028844864,0.0,0.0,0.0,9.89277882086098,0.0,0.0
55,13.75,R2Z1,181.22005967057163,0.0,135.0,24.353020592995648,106.91494765551377,110.64697940700435,0.0,0.0,65.27241829245934,0.0,0.0,0.0,0.0,80.0,80.0,522.2509533455677,0.0,0.0,0.0
55,13.75,R2Z2,181.67839417980292,0.0,135.0,0.0,0.0,37.04875224809727,17.693339284602413,0.0,32.63620914622967,0.0,0.0,0.0,102.14213408736173,0.0,0.0,0.0,0.0,0.0,0.0
55,13.75,R2Z3,108.67517682887036,0.0,0.0,0.0,0.0,135.0,65.54356124976425,0.0,65.27241829245934,0.0,0.0,0.0,98.86378016061265,0.0,0.0,0.0,0.0,0.0,0.0
55,13.75,R2Z4,184.78694207875208,0.0,0.0,0.0,0.0,35.24784459097842,70.54087877824642,0.0,32.63620914622967,0.0,0.0,0.0,94.78617651884457,0.0,0.0,0.0,0.0,0.0,0.0
55,13.75,R2Z5,152.0142341239795,0.0,0.0,135.0,96.60501383555078,0.0,0.0,0.0,0.0,0.0,0.0,0.0,96.22485360406587,0.0,0.0,0.0,0.0,0.0,0.0
55,13.75,R3Z1,131.34530388260578,0.0,135.0,113.65331289212125,13.019619911315345,0.0,0.0,0.0,32.63620914622967,0.0,0.0,0.0,0.0,0.0,0.0,0.0,0.0,0.0,0.0
55,13.75,R3Z2,228.4710839867055,0.0,0.0,127.85522507227583,12.309018912548986,0.0,0.0,0.0,65.27241829245934,0.0,0.0,0.0,99.53625439839989,0.0,0.0,0.0,0.0,0.0,0.0
55,13.75,R3Z3,209.566937389194,0.0,0.0,135.0,0.0,0.0,0.0,0.0,65.27241829245934,0.0,0.0,0.0,0.0,0.0,0.0,0.0,0.0,0.0,0.0
55,13.75,R3Z4,177.1675138015486,0.0,0.0,83.56186901328826,64.10178834601172,0.0,0.0,0.0,32.63620914622967,0.0,45.0,0.0,20.121262641326545,0.0,0.0,0.0,0.0,0.0,0.0
55,13.75,R3Z5,145.98421552953636,0.0,0.0,82.402526224943,108.80555977185942,0.0,0.0,0.0,0.0,0.0,0.0,0.0,0.0,0.0,0.0,0.0,0.0,0.0,0.0
55,13.75,R3Z6,203.1591615475774,0.0,0.0,131.88679485757606,54.5365018976814,0.0,0.0,0.0,0.0,0.0,0.0,0.0,0.0,0.0,0.0,0.0,0.0,0.0,0.0
55,13.75,R3Z7,143.60237632222882,0.0,0.0,111.48530358271353,35.171307660844946,0.0,0.0,0.0,0.0,0.0,45.0,0.0,10.92096599597092,0.0,0.0,0.0,0.0,0.0,0.0
55,13.75,R3Z8,176.9783020019434,0.0,0.0,10.350097383465595,69.0843291574131,34.649902616534405,0.0,0.0,65.27241829245934,0.0,45.0,0.0,21.788790302370742,0.0,0.0,0.0,0.0,0.0,0.0
55,13.75,R3Z9,168.97343351905758,0.0,0.0,115.66185496085433,0.0,0.0,0.0,0.0,0.0,0.0,0.0,0.0,0.0,0.0,0.0,0.0,0.0,0.0,0.0
55,13.75,R3Z10,88.52783464608953,0.0,0.0,120.99079748853794,14.858943097507538,0.0,0.0,0.0,32.63620914622967,0.0,45.0,0.0,26.79353534096615,0.0,0.0,0.0,0.0,0.0,0.0
55,13.75,R4Z1,163.8527899214837,0.0,135.0,130.81075845839337,84.16410626390292,-2.842170943040401e-14,0.0,0.0,32.63620914622967,0.0,0.0,0.0,205.41603537710245,0.0,0.0,0.0,0.0,0.0,0.0
55,13.75,R4Z2,197.79312705002363,0.0,135.0,5.741921117616741,47.08397639065437,129.25807888238324,0.0,0.0,32.63620914622967,0.0,0.0,0.0,200.94383854130433,0.0,0.0,0.0,0.0,0.0,0.0
55,13.75,R4Z3,127.44005818053128,0.0,0.0,0.0,0.0,81.11857436702122,83.07937314433221,0.0,32.63620914622967,0.0,0.0,0.0,102.70801768855122,0.0,0.0,0.0,0.0,0.0,0.0
56,14.0,R1Z1,92.69383170083111,0.0,135.0,79.43914490433062,56.46610673941259,0.0,0.0,0.0,64.94049283457551,0.0,0.0,0.0,73.67610142718401,0.0,0.0,0.0,0.0,0.0,0.0
56,14.0,R1Z2,183.71977102887345,0.0,135.0,40.447964431694395,42.06838976409032,7.105427357601002e-15,0.0,0.0,0.0,0.0,0.0,0.0,63.90518180895643,0.0,0.0,0.0,0.0,0.0,0.0
56,14.0,R1Z3,163.799131713143,0.0,0.0,79.91751734552977,47.201500573092716,0.0,0.0,0.0,0.0,0.0,0.0,0.0,0.0,0.0,0.0,0.0,13.339750283013938,0.0,0.0
56,14.0,R1Z4,221.64558061552466,0.0,0.0,119.80025728120548,110.41358249795657,0.0,0.0,0.0,0.0,0.0,90.0,0.0,61.482186604643466,0.0,0.0,0.0,36.10149413884216,0.0,0.0
56,14.0,R1Z5,204.16729188942833,0.0,0.0,90.0,28.79868959165352,0.0,0.0,0.0,64.94049283457551,0.0,90.0,0.0,82.544363975859,0.0,0.0,0.0,16.627320677949957,0.0,0.0
56,14.0,R1Z6,167.02467648903277,0.0,0.0,94.00233116687022,29.59654813511981,-1.4210854715202004e-14,0.0,0.0,32.470246417287754,0.0,10.165509467034298,0.0,63.19097540054088,0.0,0.0,0.0,13.602437645193632,0.0,0.0
56,14.0,R1Z7,154.7049858648765,0.0,0.0,69.79191420935301,59.02469921801084,1.4210854715202004e-14,0.0,0.0,0.0,0.0,0.0,0.0,94.74918068454964,0.0,0.0,0.0,12.599125876862407,0.0,0.0
56,14.0,R2Z1,167.70895173970953,0.0,135.0,132.00494642038007,97.88610999669133,0.0,0.0,0.0,64.94049283457551,0.0,0.0,0.0,0.0,80.0,80.0,519.2868908528288,0.0,0.0,0.0
56,14.0,R2Z2,142.37435146936662,0.0,135.0,39.74990367044654,27.030355348959606,0.0,0.0,0.0,32.470246417287754,0.0,0.0,0.0,102.00115101776663,0.0,0.0,0.0,0.0,0.0,0.0
56,14.0,R2Z3,97.48373155077074,0.0,0.0,0.0,11.583650913287471,135.0,44.488578718190425,0.0,64.94049283457551,0.0,0.0,0.0,98.72732208360696,0.0,0.0,0.0,0.0,0.0,0.0
56,14.0,R2Z4,198.9216429585951,0.0,0.0,37.44520269488599,108.67265048912812,-1.4210854715202004e-14,0.0,0.0,32.470246417287754,0.0,0.0,0.0,94.65534660971637,0.0,0.0,0.0,0.0,0.0,0.0
56,14.0,R2Z5,141.9861369863212,0.0,0.0,0.0,0.0,120.64203711171923,107.91467755990303,0.0,0.0,0.0,0.0,0.0,96.09203794132637,0.0,0.0,0.0,0.0,0.0,0.0
56,14.0,R3Z1,147.46859124704355,0.0,135.0,0.0,0.0,125.63349123899262,41.11354942509958,0.0,32.470246417287754,0.0,0.0,0.0,0.0,0.0,0.0,0.0,0.0,0.0,0.0
56,14.0,R3Z2,161.2275226753953,0.0,0.0,20.45356555311672,19.240880805235957,113.9657454090924,0.0,0.0,64.94049283457551,0.0,0.0,0.0,99.39886812968258,0.0,0.0,0.0,0.0,0.0,0.0
56,14.0,R3Z3,220.71018622024238,0.0,0.0,134.4042498008358,77.95802706729819,0.0,0.0,0.0,64.94049283457551,0.0,0.0,0.0,0.0,0.0,0.0,0.0,0.0,0.0,0.0
56,14.0,R3Z4,159.73895747930266,0.0,0.0,68.94775903989665,48.019931869164985,1.4210854715202004e-14,0.0,0.0,32.470246417287754,0.0,0.0,0.0,20.093489994938746,0.0,0.0,0.0,0.0,0.0,0.0
56,14.0,R3Z5,129.02925190793636,0.0,0.0,82.18843861522905,36.58083481034435,0.0,0.0,0.0,0.0,0.0,0.0,0.0,0.0,0.0,0.0,0.0,0.0,0.0,0.0
56,14.0,R3Z6,222.8338418907759,0.0,0.0,130.47598884578113,53.03685891914639,0.0,0.0,0.0,0.0,0.0,0.0,0.0,0.0,0.0,0.0,0.0,0.0,0.0,0.0
56,14.0,R3Z7,144.27789675781426,0.0,0.0,129.14799713722442,29.076711372976895,0.0,0.0,0.0,0.0,0.0,45.0,0.0,21.80781109624348,0.0,0.0,0.0,0.0,0.0,0.0
56,14.0,R3Z8,199.63313040677266,0.0,0.0,40.94952672239137,54.87262380536991,0.0,0.0,0.0,64.94049283457551,0.0,45.0,0.0,32.6606349403539,0.0,0.0,0.0,0.0,0.0,0.0
56,14.0,R3Z9,169.79696214626915,0.0,0.0,111.21587692216846,6.382770954498412,0.0,0.0,0.0,0.0,0.0,0.0,0.0,0.0,0.0,0.0,0.0,0.0,0.0,0.0
56,14.0,R3Z10,108.78969952964938,0.0,0.0,118.89659712631739,44.828016757372765,1.4210854715202004e-14,0.0,0.0,32.470246417287754,0.0,43.68044659503508,0.0,37.338790684414846,0.0,0.0,0.0,0.0,0.0,0.0
56,14.0,R4Z1,180.24450761963027,0.0,135.0,125.03929132432911,103.66644567874964,-1.4210854715202004e-14,0.0,0.0,32.470246417287754,0.0,0.0,0.0,205.13250710084037,0.0,0.0,0.0,0.0,0.0,0.0
56,14.0,R4Z2,190.50303756551824,0.0,135.0,36.9488002106997,39.898692105434506,98.0511997893003,0.0,0.0,32.470246417287754,0.0,0.0,0.0,200.66648307554183,0.0,0.0,0.0,0.0,0.0,0.0
56,14.0,R4Z3,163.03487922517428,0.0,0.0,0.0,0.0,69.37255025477256,97.46592516234628,0.0,32.470246417287754,0.0,0.0,0.0,102.56625355042019,0.0,0.0,0.0,0.0,0.0,0.0
57,14.25,R1Z1,76.87034173315895,0.0,135.0,74.65225324605305,88.22544574843036,-1.4210854715202004e-14,0.0,0.0,98.93006906983281,0.0,0.0,0.0,73.57440898627495,0.0,0.0,0.0,0.0,0.0,0.0
57,14.25,R1Z2,166.77720301967378,0.0,135.0,39.200792326995774,54.72832532697797,0.0,0.0,0.0,0.0,0.0,0.0,0.0,63.81697581272422,0.0,0.0,0.0,0.0,0.0,0.0
57,14.25,R1Z3,178.72799715541507,0.0,0.0,76.4611538489304,0.0,0.0,0.0,0.0,0.0,0.0,0.0,0.0,0.0,0.0,0.0,0.0,14.555552436088762,0.0,0.0
57,14.25,R1Z4,205.56837037631772,0.0,0.0,108.78542916504661,0.0,0.0,0.0,0.0,0.0,0.0,0.0,0.0,61.397324980492094,0.0,0.0,0.0,33.48284814731,0.0,0.0
57,14.25,R1Z5,237.92222822946144,0.0,0.0,90.0,35.139837145943595,0.0,0.0,0.0,98.93006906983281,0.0,70.55841514803531,0.0,99.52425589519707,0.0,0.0,0.0,19.376312182884437,0.0,0.0
57,14.25,R1Z6,184.8814976341207,0.0,0.0,109.0656874995808,100.16209988535468,1.4210854715202004e-14,0.0,0.0,49.465034534916406,0.0,0.0,0.0,63.10375519741631,0.0,0.0,0.0,15.05669159900017,0.0,0.0
57,14.25,R1Z7,134.29832558288945,0.0,0.0,67.25963664711412,0.0,0.0,0.0,0.0,0.0,0.0,0.0,0.0,94.61840183942483,0.0,0.0,0.0,10.937213817714637,0.0,0.0
57,14.25,R2Z1,165.8361996229238,0.0,135.0,119.89467576990313,11.34724074967031,-1.4210854715202004e-14,0.0,0.0,98.93006906983281,0.0,0.0,0.0,0.0,80.0,80.0,516.3238304917683,0.0,0.0,0.0
57,14.25,R2Z2,149.4316051895763,0.0,135.0,37.96865216104199,27.248138993899317,0.0,0.0,0.0,49.465034534916406,0.0,0.0,0.0,101.86036254197056,0.0,0.0,0.0,0.0,0.0,0.0
57,14.25,R2Z3,74.4916780386041,0.0,0.0,0.0,0.0,135.0,105.6850146495784,0.0,98.93006906983281,0.0,0.0,0.0,98.59105235471776,0.0,0.0,0.0,0.0,0.0,0.0
57,14.25,R2Z4,195.9193214379138,0.0,0.0,10.968182225497301,81.77111446218014,29.803843060817968,0.0,0.0,49.465034534916406,0.0,0.0,0.0,94.5246972803494,0.0,0.0,0.0,0.0,0.0,0.0
57,14.25,R2Z5,129.5642779312023,0.0,0.0,0.0,0.0,117.87964747813483,69.28125793546903,0.0,0.0,0.0,0.0,0.0,95.95940559921151,0.0,0.0,0.0,0.0,0.0,0.0
57,14.25,R3Z1,146.47589517639875,0.0,135.0,102.26488539673261,56.622151413852315,0.0,0.0,0.0,49.465034534916406,0.0,0.0,0.0,0.0,0.0,0.0,0.0,0.0,0.0,0.0
57,14.25,R3Z2,223.85707056935973,0.0,0.0,27.07210238920073,34.41629163230346,107.92789761079928,0.0,0.0,98.93006906983281,0.0,0.0,0.0,99.26167149023098,0.0,0.0,0.0,0.0,0.0,0.0
57,14.25,R3Z3,256.9071577782798,0.0,0.0,130.99541300325495,11.807010729398101,-2.842170943040401e-14,0.0,0.0,98.93006906983281,0.0,0.0,0.0,0.0,0.0,0.0,0.0,0.0,0.0,0.0
57,14.25,R3Z4,124.94542935651575,0.0,0.0,73.17653893830037,76.6321419583288,0.0,0.0,0.0,49.465034534916406,0.0,45.0,0.0,30.96767459422546,0.0,0.0,0.0,0.0,0.0,0.0
57,14.25,R3Z5,135.2721826496127,0.0,0.0,86.3489628985179,36.105989843665334,0.0,0.0,0.0,0.0,0.0,0.0,0.0,0.0,0.0,0.0,0.0,0.0,0.0,0.0
57,14.25,R3Z6,196.66811180425523,0.0,0.0,113.51656469072817,43.39965868496678,0.0,0.0,0.0,0.0,0.0,0.0,0.0,0.0,0.0,0.0,0.0,0.0,0.0,0.0
57,14.25,R3Z7,167.7462404817296,0.0,0.0,109.49168556719393,12.635026379712073,0.0,0.0,0.0,0.0,0.0,45.0,0.0,32.679629480517235,0.0,0.0,0.0,0.0,0.0,0.0
57,14.25,R3Z8,147.12201461062105,0.0,0.0,42.59642458370077,115.83924440586146,-7.105427357601002e-15,0.0,0.0,98.93006906983281,0.0,45.0,0.0,43.51747356693031,0.0,0.0,0.0,0.0,0.0,0.0
57,14.25,R3Z9,182.9491200133693,0.0,0.0,99.64010020139393,1.224931365954919,0.0,0.0,0.0,0.0,0.0,0.0,0.0,0.0,0.0,0.0,0.0,0.0,0.0,0.0
57,14.25,R3Z10,126.24002245788509,0.0,0.0,130.86130986083418,16.948408162458875,0.0,0.0,0.0,49.465034534916406,0.0,45.0,0.0,48.18917222290773,0.0,0.0,0.0,0.0,0.0,0.0
57,14.25,R4Z1,179.29443989164918,0.0,135.0,0.0,0.0,115.39929373435268,105.62843965915954,0.0,49.465034534916406,0.0,0.0,0.0,204.8493701683373,0.0,0.0,0.0,0.0,0.0,0.0
57,14.25,R4Z2,157.61184110963174,0.0,135.0,15.130837614120747,20.054641760429295,119.3323028863321,0.0,0.0,49.465034534916406,0.0,0.0,0.0,200.3895104334327,0.0,0.0,0.0,0.0,0.0,0.0
57,14.25,R4Z3,124.39292483485127,0.0,0.0,0.0,0.0,72.71176902811287,85.18534657966103,0.0,49.465034534916406,0.0,0.0,0.0,102.42468508416864,0.0,0.0,0.0,0.0,0.0,0.0
58,14.5,R1Z1,85.13340723770192,0.0,135.0,68.08511746989134,74.66821564294028,1.4210854715202004e-14,0.0,0.0,52.91270287550786,0.0,0.0,0.0,73.47285690774036,0.0,0.0,0.0,0.0,0.0,0.0
58,14.5,R1Z2,179.91870304128201,0.0,135.0,36.60113151149103,46.811062220186784,0.0,0.0,0.0,0.0,0.0,0.0,0.0,63.72889156401782,0.0,0.0,0.0,0.0,0.0,0.0
58,14.5,R1Z3,170.3488009196847,0.0,0.0,67.68037768301747,10.787597106268798,0.0,0.0,0.0,0.0,0.0,0.0,0.0,0.0,0.0,0.0,0.0,13.873153303761464,0.0,0.0
58,14.5,R1Z4,158.95923215424537,0.0,0.0,108.91638116423009,57.1522673639994,0.0,0.0,0.0,0.0,0.0,0.0,0.0,61.312580487751475,0.0,0.0,0.0,25.89118073996639,0.0,0.0
58,14.5,R1Z5,226.86705745553414,0.0,0.0,85.65662812233363,6.632258842358285,0.0,0.0,0.0,52.91270287550786,0.0,2.6465632334020484,0.0,100.02805547127251,0.0,0.0,0.0,18.475982517410202,0.0,0.0
58,14.5,R1Z6,186.05149270109706,0.0,0.0,81.67023557428817,79.53394873530175,0.0,0.0,0.0,26.45635143775393,0.0,0.0,0.0,63.016655381163204,0.0,0.0,0.0,15.151975632942154,0.0,0.0
58,14.5,R1Z7,167.44229280550917,0.0,0.0,61.39779258841784,3.210889247422528,0.0,0.0,0.0,0.0,0.0,0.0,0.0,94.48780350357946,0.0,0.0,0.0,13.636448187970277,0.0,0.0
58,14.5,R2Z1,191.21804885070316,0.0,135.0,135.0,79.43545367856123,0.0,0.0,0.0,52.91270287550786,0.0,0.0,0.0,0.0,80.0,80.0,513.3617719235712,0.0,0.0,0.0
58,14.5,R2Z2,194.80946468082598,0.0,135.0,35.635570537369006,19.25638485530772,0.0,0.0,0.0,26.45635143775393,0.0,0.0,0.0,101.71976839138277,0.0,0.0,0.0,0.0,0.0,0.0
58,14.5,R2Z3,105.69568952380823,0.0,0.0,0.0,0.0,123.26313126979191,58.11997138085619,0.0,52.91270287550786,0.0,0.0,0.0,98.45497071397496,0.0,0.0,0.0,0.0,0.0,0.0
58,14.5,R2Z4,181.49741781089656,0.0,0.0,39.811482477093776,88.70141440977677,-7.105427357601002e-15,0.0,0.0,26.45635143775393,0.0,0.0,0.0,94.39422828149597,0.0,0.0,0.0,0.0,0.0,0.0
58,14.5,R2Z5,143.80874021546535,0.0,0.0,0.0,176.2279924790771,123.01077328427621,2.928804815435825,0.0,0.0,0.0,0.0,0.0,95.82695632469051,0.0,0.0,0.0,0.0,0.0,0.0
58,14.5,R3Z1,175.12974203306734,0.0,135.0,0.0,0.0,114.41085340790944,55.32549297102753,0.0,26.45635143775393,0.0,0.0,0.0,0.0,0.0,0.0,0.0,0.0,0.0,0.0
58,14.5,R3Z2,197.4524588640066,0.0,0.0,113.85208883326439,28.683460865400235,0.0,0.0,0.0,52.91270287550786,0.0,0.0,0.0,99.1246642183067,0.0,0.0,0.0,0.0,0.0,0.0
58,14.5,R3Z3,217.74313287689262,0.0,0.0,107.22501290590957,70.78523614513496,0.0,0.0,0.0,52.91270287550786,0.0,0.0,0.0,0.0,0.0,0.0,0.0,0.0,0.0,0.0
58,14.5,R3Z4,119.24636043454669,0.0,0.0,61.234649303698106,70.6631064582706,7.105427357601002e-15,0.0,0.0,26.45635143775393,0.0,45.0,0.0,41.82684995234203,0.0,0.0,0.0,0.0,0.0,0.0
58,14.5,R3Z5,146.43413221172446,0.0,0.0,82.9115308080723,58.52174925823472,1.4210854715202004e-14,0.0,0.0,0.0,0.0,0.0,0.0,0.0,0.0,0.0,0.0,0.0,0.0,0.0
58,14.5,R3Z6,159.7437844972606,0.0,0.0,114.589186744979,8.341215473793458,0.0,0.0,0.0,0.0,0.0,0.0,0.0,0.0,0.0,0.0,0.0,0.0,0.0,0.0
58,14.5,R3Z7,115.04289566808585,0.0,0.0,116.47658833874135,0.0,0.0,0.0,0.0,0.0,0.0,45.0,0.0,43.53644188962129,0.0,0.0,0.0,0.0,0.0,0.0
58,14.5,R3Z8,184.89027880383756,0.0,0.0,29.766863027780488,85.65844984471367,0.0,0.0,0.0,52.91270287550786,0.0,45.0,0.0,54.35932689435129,0.0,0.0,0.0,0.0,0.0,0.0
58,14.5,R3Z9,162.20260870807556,0.0,0.0,108.08628515804374,14.733114395025769,0.0,0.0,0.0,0.0,0.0,0.0,0.0,0.0,0.0,0.0,0.0,0.0,0.0,0.0
58,14.5,R3Z10,115.77286772768176,0.0,0.0,121.1325403738598,13.720196709974628,0.0,0.0,0.0,26.45635143775393,0.0,36.60722174151309,0.0,56.991302085367174,0.0,0.0,0.0,0.0,0.0,0.0
58,14.5,R4Z1,192.90318655611873,0.0,135.0,0.0,21.78891237671533,109.08199296924465,78.5820021997887,0.0,26.45635143775393,0.0,0.0,0.0,204.56662403943565,0.0,0.0,0.0,0.0,0.0,0.0
58,14.5,R4Z2,140.62997999462257,0.0,135.0,119.73606523722289,44.54467934334785,1.4210854715202004e-14,0.0,0.0,26.45635143775393,0.0,0.0,0.0,200.11292008657935,0.0,0.0,0.0,0.0,0.0,0.0
58,14.5,R4Z3,169.2247955213022,0.0,0.0,75.37488873841279,38.56777658030063,0.0,0.0,0.0,26.45635143775393,0.0,0.0,0.0,102.28331201971783,0.0,0.0,0.0,0.0,0.0,0.0
59,14.75,R1Z1,88.11325294838947,0.0,135.0,68.07129763019103,162.98914733394636,-1.4210854715202004e-14,0.0,0.0,16.514789766996408,0.0,0.0,0.0,73.37144499784317,0.0,0.0,0.0,0.0,0.0,0.0
59,14.75,R1Z2,170.89333619130926,0.0,135.0,34.007389052868945,107.76174290137405,-7.105427357601002e-15,0.0,0.0,0.0,0.0,0.0,0.0,63.64092889479355,0.0,0.0,0.0,0.0,0.0,0.0
59,14.75,R1Z3,187.38996672215393,0.0,0.0,58.770641130473464,38.09675528463454,7.105427357601002e-15,0.0,0.0,0.0,0.0,0.0,0.0,0.0,0.0,0.0,0.0,15.260980540443551,0.0,0.0
59,14.75,R1Z4,178.94809749831268,0.0,0.0,123.82704939283909,56.60662013731974,0.0,0.0,0.0,0.0,0.0,0.0,0.0,61.2279529647494,0.0,0.0,0.0,29.146954678959183,0.0,0.0
59,14.75,R1Z5,222.70563951073504,0.0,0.0,76.30714221830543,11.292614239062729,0.0,0.0,0.0,16.514789766996408,0.0,0.0,0.0,99.88999038743641,0.0,0.0,0.0,18.137077935766325,0.0,0.0
59,14.75,R1Z6,183.27154451186075,0.0,0.0,86.95340843934478,93.4911622847094,-1.4210854715202004e-14,0.0,0.0,8.257394883498204,0.0,0.0,0.0,62.92967578561594,0.0,0.0,0.0,14.925577518029842,0.0,0.0
59,14.75,R1Z7,160.9394091870361,0.0,0.0,66.49633661505922,35.30865719895683,0.0,0.0,0.0,0.0,0.0,12.524628351769493,0.0,97.3916628210898,0.0,0.0,0.0,13.106855370946983,0.0,0.0
59,14.75,R2Z1,158.292499496144,0.0,135.0,0.0,0.0,125.8077136001588,149.46869044473567,0.0,16.514789766996408,0.0,0.0,0.0,0.0,80.0,80.0,510.4007148095374,0.0,0.0,0.0
59,14.75,R2Z2,173.37716382302702,0.0,135.0,0.0,0.0,32.702820218083104,25.609810781429925,0.0,8.257394883498204,0.0,0.0,0.0,101.57936829778326,0.0,0.0,0.0,0.0,0.0,0.0
59,14.75,R2Z3,68.18914686123094,0.0,0.0,132.25956920797213,128.0974327793124,2.842170943040401e-14,0.0,0.0,16.514789766996408,0.0,0.0,0.0,98.31907690176736,0.0,0.0,0.0,0.0,0.0,0.0
59,14.75,R2Z4,178.69093556378664,0.0,0.0,0.0,0.0,35.54507259619571,81.60079341847131,0.0,8.257394883498204,0.0,0.0,0.0,94.26393936425244,0.0,0.0,0.0,0.0,0.0,0.0
59,14.75,R2Z5,128.79635178198413,0.0,0.0,111.86468866919589,157.54785356673275,2.842170943040401e-14,0.0,0.0,0.0,0.0,0.0,0.0,95.69468986508184,0.0,0.0,0.0,0.0,0.0,0.0
59,14.75,R3Z1,134.9259653481273,0.0,135.0,85.39015103188794,54.9720236909902,-1.4210854715202004e-14,0.0,0.0,8.257394883498204,0.0,0.0,0.0,0.0,0.0,0.0,0.0,0.0,0.0,0.0
59,14.75,R3Z2,211.61586614519686,0.0,0.0,117.491449271954,29.995379438815796,1.4210854715202004e-14,0.0,0.0,16.514789766996408,0.0,0.0,45.0,87.3786512841227,0.0,0.0,0.0,0.0,0.0,0.0
59,14.75,R3Z3,208.3051568634969,0.0,0.0,103.64091961217382,36.50876915446902,-1.4210854715202004e-14,0.0,0.0,16.514789766996408,0.0,0.0,0.0,0.0,0.0,0.0,0.0,0.0,0.0,0.0
59,14.75,R3Z4,142.0344777814916,0.0,0.0,73.48354679439953,31.919801109617083,0.0,0.0,0.0,8.257394883498204,0.0,0.0,0.0,41.76911787389602,0.0,0.0,0.0,0.0,0.0,0.0
59,14.75,R3Z5,122.24843712230894,0.0,0.0,81.86678910158265,63.87996103864985,-1.4210854715202004e-14,0.0,0.0,0.0,0.0,0.0,0.0,0.0,0.0,0.0,0.0,0.0,0.0,0.0
59,14.75,R3Z6,165.78797718875055,0.0,0.0,116.45882180637508,57.84879766937656,-1.4210854715202004e-14,0.0,0.0,0.0,0.0,0.0,0.0,0.0,0.0,0.0,0.0,0.0,0.0,0.0
59,14.75,R3Z7,137.92717002381752,0.0,0.0,98.7213837395937,33.560463543828114,0.0,0.0,0.0,0.0,0.0,0.0,0.0,43.47635012365527,0.0,0.0,0.0,0.0,0.0,0.0
59,14.75,R3Z8,187.67609164959444,0.0,0.0,38.149419930928545,29.985368768966783,-7.105427357601002e-15,0.0,0.0,16.514789766996408,0.0,0.0,0.0,54.284296694178124,0.0,0.0,0.0,0.0,0.0,0.0
59,14.75,R3Z9,166.43231953150777,0.0,0.0,85.91250469374427,10.094090046478954,0.0,0.0,0.0,0.0,0.0,0.0,0.0,0.0,0.0,0.0,0.0,0.0,0.0,0.0
59,14.75,R3Z10,117.10037485584692,0.0,0.0,128.44240655346997,23.6875992984692,0.0,0.0,0.0,8.257394883498204,0.0,0.0,3.1419723746106882,56.10206641555977,0.0,0.0,0.0,0.0,0.0,0.0
59,14.75,R4Z1,192.7678804854831,0.0,135.0,101.79279281295007,82.70086009752183,-1.4210854715202004e-14,0.0,0.0,8.257394883498204,0.0,0.0,0.0,204.28426817472345,0.0,0.0,0.0,0.0,0.0,0.0
59,14.75,R4Z2,170.8403337350355,0.0,135.0,34.86233931804693,40.64007679881157,93.58280851419809,0.0,0.0,8.257394883498204,0.0,0.0,0.0,199.83671150731357,0.0,0.0,0.0,0.0,0.0,0.0
59,14.75,R4Z3,151.91877704984506,0.0,0.0,0.0,0.0,68.76844722791178,83.63687330524591,0.0,8.257394883498204,0.0,0.0,0.0,102.14213408736173,0.0,0.0,0.0,0.0,0.0,0.0
60,15.0,R1Z1,87.56515600728943,0.0,135.0,69.43652776811342,0.0,0.0,0.0,0.0,19.536486558206263,0.0,0.0,0.0,73.2701730631137,0.0,0.0,0.0,0.0,0.0,0.0
60,15.0,R1Z2,176.89209650842224,0.0,135.0,33.05825798450387,0.0,0.0,0.0,0.0,0.0,0.0,0.0,8.833838523918331,61.27411537108742,0.0,0.0,0.0,0.0,0.0,0.0
60,15.0,R1Z3,162.266601801012,0.0,0.0,67.14003667933287,33.568234829722066,-1.4210854715202004e-14,0.0,0.0,0.0,0.0,0.0,0.0,0.0,0.0,0.0,0.0,13.214941524168506,0.0,0.0
60,15.0,R1Z4,164.39651548951113,0.0,0.0,106.7669343186458,64.49233462793872,0.0,0.0,0.0,0.0,0.0,42.7655615288778,0.0,71.50403522822167,0.0,0.0,0.0,26.7768020634965,0.0,0.0
60,15.0,R1Z5,217.6335372594444,0.0,0.0,71.80333627888953,38.847853373396624,0.0,0.0,0.0,19.536486558206263,0.0,90.0,0.0,121.55595369401314,0.0,0.0,0.0,17.72400750777027,0.0,0.0
60,15.0,R1Z6,186.77271490819868,0.0,0.0,84.21812681671204,155.37685246809815,0.0,0.0,0.0,9.768243279103132,0.0,0.0,0.0,62.84281624483826,0.0,0.0,0.0,15.210711744914644,0.0,0.0
60,15.0,R1Z7,158.2956454775072,0.0,0.0,69.00729111323554,32.507567056741365,0.0,0.0,0.0,0.0,0.0,0.0,0.0,97.25723665406117,0.0,0.0,0.0,12.891548077656978,0.0,0.0
60,15.0,R2Z1,157.6223110007773,0.0,135.0,0.0,0.0,115.93990278211734,146.66543423271088,0.0,19.536486558206263,0.0,0.0,0.0,0.0,80.0,80.0,507.44065881108156,0.0,0.0,0.0
60,15.0,R2Z2,189.6801798498687,0.0,135.0,31.765797899620935,34.68097907191684,0.0,0.0,0.0,9.768243279103132,0.0,0.0,0.0,101.43916199332223,0.0,0.0,0.0,0.0,0.0,0.0
60,15.0,R2Z3,81.61691481760091,0.0,0.0,112.84509611417153,82.8973208720943,1.4210854715202004e-14,0.0,0.0,19.536486558206263,0.0,0.0,0.0,98.18337065884208,0.0,0.0,0.0,0.0,0.0,0.0
60,15.0,R2Z4,188.4639168791739,0.0,0.0,33.3060151189695,94.93187412291257,-7.105427357601002e-15,0.0,0.0,9.768243279103132,0.0,0.0,0.0,94.13383028005872,0.0,0.0,0.0,0.0,0.0,0.0
60,15.0,R2Z5,145.49734832669188,0.0,0.0,59.92504601686176,164.11252568689767,68.16386981971314,0.0,0.0,0.0,0.0,0.0,0.0,95.56260596805272,0.0,0.0,0.0,0.0,0.0,0.0
60,15.0,R3Z1,126.5335753972639,0.0,135.0,0.0,0.0,103.6827078467556,12.082767177283838,0.0,9.768243279103132,0.0,0.0,0.0,0.0,0.0,0.0,0.0,0.0,0.0,0.0
60,15.0,R3Z2,212.09884395059015,0.0,0.0,86.34597720361626,28.852343126477482,31.945607074953728,0.0,0.0,19.536486558206263,0.0,0.0,0.0,87.25804571243394,0.0,0.0,0.0,0.0,0.0,0.0
60,15.0,R3Z3,219.6063656998374,0.0,0.0,118.81462073119596,158.61929547272533,2.842170943040401e-14,0.0,0.0,19.536486558206263,0.0,0.0,0.0,0.0,0.0,0.0,0.0,0.0,0.0,0.0
60,15.0,R3Z4,154.9379763580554,0.0,0.0,58.164599293213456,74.79401223544167,-1.4210854715202004e-14,0.0,0.0,9.768243279103132,0.0,45.0,0.0,52.61338439303804,0.0,0.0,0.0,0.0,0.0,0.0
60,15.0,R3Z5,124.48870647941781,0.0,0.0,65.81682775623378,111.00260815763156,0.0,0.0,0.0,0.0,0.0,0.0,0.0,0.0,0.0,0.0,0.0,0.0,0.0,0.0
60,15.0,R3Z6,186.87053456917386,0.0,0.0,76.6362737366722,115.11465294835125,32.22533384504928,0.0,0.0,0.0,0.0,0.0,0.0,0.0,0.0,0.0,0.0,0.0,0.0,0.0
60,15.0,R3Z7,131.66524277489407,0.0,0.0,108.58009118848605,37.46834751941396,-1.4210854715202004e-14,0.0,0.0,0.0,0.0,45.0,0.0,54.31826021226807,0.0,0.0,0.0,0.0,0.0,0.0
60,15.0,R3Z8,211.08259581632717,0.0,0.0,34.73185793978928,78.44214755798559,0.0,0.0,0.0,19.536486558206263,0.0,0.3569931307536791,0.0,54.29585694798472,0.0,0.0,0.0,0.0,0.0,0.0
60,15.0,R3Z9,183.38864902583376,0.0,0.0,72.26385908733475,50.26656393909589,0.0,0.0,0.0,0.0,0.0,0.0,0.0,0.0,0.0,0.0,0.0,0.0,0.0,0.0
60,15.0,R3Z10,111.76155011637015,0.0,0.0,98.75165696384073,21.2103416634328,0.0,0.0,0.0,9.768243279103132,0.0,31.043832979031833,0.0,63.545460772312715,0.0,0.0,0.0,0.0,0.0,0.0
60,15.0,R4Z1,169.84236743045196,0.0,135.0,0.0,0.0,104.11237812597517,154.2968122508545,0.0,9.768243279103132,0.0,0.0,0.0,204.00230203553326,0.0,0.0,0.0,0.0,0.0,0.0
60,15.0,R4Z2,179.37652280795336,0.0,135.0,132.09666262304964,52.82900907510612,0.0,0.0,0.0,9.768243279103132,0.0,0.0,0.0,199.56088416869545,0.0,0.0,0.0,0.0,0.0,0.0
60,15.0,R4Z3,147.6967344418984,0.0,0.0,51.31641583932071,92.84337838346755,9.349435311207621,0.0,0.0,9.768243279103132,0.0,0.0,0.0,102.00115101776663,0.0,0.0,0.0,0.0,0.0,0.0
61,15.25,R1Z1,100.550879910064,0.0,135.0,67.31202731917095,61.101440338623675,1.4210854715202004e-14,0.0,0.0,88.47910283622586,0.0,0.0,0.0,73.16904091034934,0.0,0.0,0.0,0.0,0.0,0.0
61,15.25,R1Z2,172.52001457365265,0.0,135.0,31.501289728037747,43.21019747033969,3.552713678800501e-15,0.0,0.0,0.0,0.0,0.0,0.0,61.1895409400857,0.0,0.0,0.0,0.0,0.0,0.0
61,15.25,R1Z3,197.58288424640935,0.0,0.0,53.557695697818744,19.01891896083711,0.0,0.0,0.0,0.0,0.0,0.0,0.0,0.0,0.0,0.0,0.0,16.09108856975256,0.0,0.0
61,15.25,R1Z4,184.96595798866394,0.0,0.0,97.75681937163262,61.80815147641109,1.4210854715202004e-14,0.0,0.0,0.0,0.0,0.0,0.0,71.40534081122146,0.0,0.0,0.0,30.127140047949883,0.0,0.0
61,15.25,R1Z5,228.11342679268154,0.0,0.0,73.21312916050597,40.96743668454015,0.0,0.0,0.0,88.47910283622586,0.0,90.0,0.0,143.19201226010262,0.0,0.0,0.0,18.577486448133527,0.0,0.0
61,15.25,R1Z6,201.47454218474894,0.0,0.0,89.34957146503362,159.63417651060385,-1.4210854715202004e-14,0.0,0.0,44.23955141811293,0.0,23.710573704700096,0.0,68.5003155239685,0.0,0.0,0.0,16.40802398046813,0.0,0.0
61,15.25,R1Z7,153.64867750019033,0.0,0.0,51.76698854770334,22.70841264258737,-7.105427357601002e-15,0.0,0.0,0.0,0.0,0.0,0.0,97.12299603057764,0.0,0.0,0.0,12.513100452555218,0.0,0.0
61,15.25,R2Z1,155.06314597951294,0.0,135.0,0.0,0.0,117.70158903148457,64.77228515058962,0.0,88.47910283622586,0.0,0.0,0.0,0.0,80.0,80.0,504.4816035897324,0.0,0.0,0.0
61,15.25,R2Z2,187.08894704455574,0.0,135.0,0.0,0.0,37.264810679002196,58.980060820142164,0.0,44.23955141811293,0.0,0.0,0.0,101.29914921051957,0.0,0.0,0.0,0.0,0.0,0.0
61,15.25,R2Z3,83.96088659382079,0.0,0.0,0.0,0.0,110.11838826769048,86.01070260078407,0.0,88.47910283622586,0.0,0.0,0.0,98.04785172630403,0.0,0.0,0.0,0.0,0.0,0.0
61,15.25,R2Z4,195.1265741155297,0.0,0.0,0.0,67.83463541343207,32.71366719687287,26.39813153340876,0.0,44.23955141811293,0.0,0.0,0.0,94.0039007806978,0.0,0.0,0.0,0.0,0.0,0.0
61,15.25,R2Z5,136.07308310870647,0.0,0.0,116.60075387087875,202.75159738434996,0.7091506647978463,0.0,0.0,0.0,0.0,0.0,0.0,95.43070438161868,0.0,0.0,0.0,0.0,0.0,0.0
61,15.25,R3Z1,161.27194160680344,0.0,135.0,0.0,0.0,100.21956139693401,66.03602467243039,0.0,44.23955141811293,0.0,0.0,0.0,0.0,0.0,0.0,0.0,0.0,0.0,0.0
61,15.25,R3Z2,192.9821966470127,0.0,0.0,93.55145041666574,0.0,0.0,0.0,0.0,88.47910283622586,0.0,0.0,0.0,87.13760660822561,0.0,0.0,0.0,0.0,0.0,0.0
61,15.25,R3Z3,199.68909467854698,0.0,0.0,0.0,60.00839783596007,90.23640462037567,48.911182937220374,0.0,88.47910283622586,0.0,0.0,0.0,0.0,0.0,0.0,0.0,0.0,0.0,0.0
61,15.25,R3Z4,112.41583848391629,0.0,0.0,57.2413296890971,118.0881947771884,7.105427357601002e-15,0.0,0.0,44.23955141811293,0.0,45.0,0.0,63.44268296584688,0.0,0.0,0.0,0.0,0.0,0.0
61,15.25,R3Z5,120.83566085193554,0.0,0.0,24.755768739677336,50.79020496033651,36.12409942628884,0.0,0.0,0.0,0.0,0.0,0.0,0.0,0.0,0.0,0.0,0.0,0.0,0.0
61,15.25,R3Z6,154.16202834001072,0.0,0.0,95.24975338302448,98.11332533474956,-1.4210854715202004e-14,0.0,0.0,0.0,0.0,0.0,0.0,0.0,0.0,0.0,0.0,0.0,0.0,0.0
61,15.25,R3Z7,144.1544441271262,0.0,0.0,113.96044948147649,71.74338493446713,0.0,0.0,0.0,0.0,0.0,45.0,0.0,65.14520560704297,0.0,0.0,0.0,0.0,0.0,0.0
61,15.25,R3Z8,166.23194368060152,0.0,0.0,0.0,0.0,33.293804326343846,59.26690882696066,0.0,88.47910283622586,0.0,45.0,0.0,65.1228332651698,0.0,0.0,0.0,0.0,0.0,0.0
61,15.25,R3Z9,186.00063671150446,0.0,0.0,87.46729657448184,12.580481939522286,0.0,0.0,0.0,0.0,0.0,0.0,0.0,0.0,0.0,0.0,0.0,0.0,0.0,0.0
61,15.25,R3Z10,125.54702270315359,0.0,0.0,108.2540635594034,53.01908510633196,0.0,0.0,0.0,44.23955141811293,0.0,45.0,0.0,74.35967019803482,0.0,0.0,0.0,0.0,0.0,0.0
61,15.25,R4Z1,180.2842631244916,0.0,135.0,70.02144534038786,138.02521223102207,40.81175315529556,0.0,0.0,44.23955141811293,0.0,0.0,0.0,203.72072508394112,0.0,0.0,0.0,0.0,0.0,0.0
61,15.25,R4Z2,159.34055186043983,0.0,135.0,0.0,0.0,115.08032977283303,42.217067994420425,0.0,44.23955141811293,0.0,0.0,0.0,199.28543754451243,0.0,0.0,0.0,0.0,0.0,0.0
61,15.25,R4Z3,124.5170823235995,0.0,0.0,0.0,0.0,67.45597116118445,91.12199924783779,0.0,44.23955141811293,0.0,0.0,0.0,101.86036254197056,0.0,0.0,0.0,0.0,0.0,0.0
62,15.5,R1Z1,97.09056955643206,0.0,135.0,63.487749472630185,97.5911959664158,0.0,0.0,0.0,20.32938147811561,0.0,0.0,0.0,73.0680483466141,0.0,0.0,0.0,0.0,0.0,0.0
62,15.5,R1Z2,151.2077102475963,0.0,135.0,26.66508236785384,72.66591664759227,3.552713678800501e-15,0.0,0.0,0.0,0.0,0.0,0.0,61.10508324409249,0.0,0.0,0.0,0.0,0.0,0.0
62,15.5,R1Z3,163.77921276934484,0.0,0.0,58.11897045285471,37.4322168047633,0.0,0.0,0.0,0.0,0.0,0.0,0.0,0.0,0.0,0.0,0.0,13.338128090433369,0.0,0.0
62,15.5,R1Z4,166.1150775214586,0.0,0.0,92.90944082755885,86.04667372054905,0.0,0.0,0.0,0.0,0.0,0.0,0.0,71.30678261853244,0.0,0.0,0.0,27.056720377009867,0.0,0.0
62,15.5,R1Z5,248.9633114599911,0.0,0.0,79.77136577004691,35.63422814774646,-1.4210854715202004e-14,0.0,0.0,20.32938147811561,0.0,0.0,0.0,142.99436953792627,0.0,0.0,0.0,20.27549456321094,0.0,0.0
62,15.5,R1Z6,214.72809321383974,0.0,0.0,86.44905972611944,108.03861102366763,0.0,0.0,0.0,10.164690739057805,0.0,75.93957482573559,0.0,86.80325785348504,0.0,0.0,0.0,17.487389049392167,0.0,0.0
62,15.5,R1Z7,133.0115406044593,0.0,0.0,62.270497073327945,53.10225595470301,0.0,0.0,0.0,0.0,0.0,0.0,0.0,96.98894069454019,0.0,0.0,0.0,10.832418449749849,0.0,0.0
62,15.5,R2Z1,125.6727697874863,0.0,135.0,113.85188303274609,176.5434768625485,0.0,0.0,0.0,20.32938147811561,0.0,0.0,0.0,0.0,80.0,80.0,501.5235488071332,0.0,0.0,0.0
62,15.5,R2Z2,181.2034307838831,0.0,135.0,33.26645474385917,26.605596592382454,0.0,0.0,0.0,10.164690739057805,0.0,0.0,0.0,101.15932968226441,0.0,0.0,0.0,0.0,0.0,0.0
62,15.5,R2Z3,67.72462276381104,0.0,0.0,0.0,0.0,101.63961738890181,106.75330948702796,0.0,20.32938147811561,0.0,0.0,0.0,97.91251984561553,0.0,0.0,0.0,0.0,0.0,0.0
62,15.5,R2Z4,175.00280307383642,0.0,0.0,0.0,59.819021373623016,31.837262842895942,16.88582302592981,0.0,10.164690739057805,0.0,0.0,0.0,93.87415061829527,0.0,0.0,0.0,0.0,0.0,0.0
62,15.5,R2Z5,197.12090339769088,0.0,0.0,107.46989295220483,107.47335840690276,1.4210854715202004e-14,0.0,0.0,0.0,0.0,0.0,0.0,95.29898485414301,0.0,0.0,0.0,0.0,0.0,0.0
62,15.5,R3Z1,171.17872118444149,0.0,135.0,0.0,0.0,82.20311951389218,83.21273408384414,0.0,10.164690739057805,0.0,0.0,0.0,0.0,0.0,0.0,0.0,0.0,0.0,0.0
62,15.5,R3Z2,200.43581535128408,0.0,0.0,96.50853604669392,26.896114356416856,9.716024883785792,0.0,0.0,20.32938147811561,0.0,0.0,0.0,87.0173337417287,0.0,0.0,0.0,0.0,0.0,0.0
62,15.5,R3Z3,197.48674132782088,0.0,0.0,100.27346253101042,1.6396450732909662,0.0,0.0,0.0,20.32938147811561,0.0,0.0,0.0,0.0,0.0,0.0,0.0,0.0,0.0,0.0
62,15.5,R3Z4,86.7069074933301,0.0,0.0,45.01639696865969,116.215625539041,7.105427357601002e-15,0.0,0.0,10.164690739057805,0.0,45.0,0.0,74.25703425203402,0.0,0.0,0.0,0.0,0.0,0.0
62,15.5,R3Z5,136.94978599113367,0.0,0.0,70.42763831595488,158.77837763721197,0.0,0.0,0.0,0.0,0.0,0.0,0.0,0.0,0.0,0.0,0.0,0.0,0.0,0.0
62,15.5,R3Z6,163.87874108935821,0.0,0.0,77.69713375433676,86.18160733502145,31.31803243145292,0.0,0.0,0.0,0.0,0.0,0.0,0.0,0.0,0.0,0.0,0.0,0.0,0.0
62,15.5,R3Z7,139.18922040419628,0.0,0.0,73.96606523154634,41.44219798296894,0.0,0.0,0.0,0.0,0.0,37.98217381550697,0.0,74.25703425203402,0.0,0.0,0.0,0.0,0.0,0.0
62,15.5,R3Z8,227.04937267306346,0.0,0.0,36.54203411845975,166.9862740086864,7.105427357601002e-15,0.0,0.0,20.32938147811561,0.0,45.0,0.0,75.93486550105808,0.0,0.0,0.0,0.0,0.0,0.0
62,15.5,R3Z9,179.06113199227033,0.0,0.0,73.1131519160728,0.0,0.0,0.0,0.0,0.0,0.0,0.0,0.0,0.0,0.0,0.0,0.0,0.0,0.0,0.0
62,15.5,R3Z10,129.48564115353548,0.0,0.0,96.73338990210334,55.211086515039334,0.0,0.0,0.0,10.164690739057805,0.0,0.0,0.0,74.25703425203402,0.0,0.0,0.0,0.0,0.0,0.0
62,15.5,R4Z1,186.30591615229747,0.0,135.0,98.33038362077073,126.20770079701114,-1.4210854715202004e-14,0.0,0.0,10.164690739057805,0.0,0.0,0.0,203.43953678276554,0.0,0.0,0.0,0.0,0.0,0.0
62,15.5,R4Z2,154.9756664983446,0.0,135.0,0.0,0.0,108.3130920166441,42.72780112473192,0.0,10.164690739057805,0.0,0.0,0.0,199.0103711092782,0.0,0.0,0.0,0.0,0.0,0.0
62,15.5,R4Z3,140.200648517319,0.0,0.0,51.75588419144789,51.31760485877565,12.788983535355555,0.0,0.0,10.164690739057805,0.0,0.0,0.0,101.71976839138277,0.0,0.0,0.0,0.0,0.0,0.0
63,15.75,R1Z1,117.66439220640966,0.0,135.0,62.55161383619941,113.01310199565623,7.105427357601002e-15,0.0,0.0,54.54328318960412,0.0,0.0,0.0,72.96719517923836,0.0,0.0,0.0,0.0,0.0,0.0
63,15.75,R1Z2,155.87105312282986,0.0,135.0,23.508820039491866,68.40965900347946,0.0,0.0,0.0,0.0,0.0,0.0,0.0,61.02074212198271,0.0,0.0,0.0,0.0,0.0,0.0
63,15.75,R1Z3,182.5542033091206,0.0,0.0,60.52343336462482,46.43337607572677,0.0,0.0,0.0,0.0,0.0,0.0,0.0,0.0,0.0,0.0,0.0,14.867157473844085,0.0,0.0
63,15.75,R1Z4,179.3125194861152,0.0,0.0,99.48500138027055,87.2550193141418,-1.4210854715202004e-14,0.0,0.0,0.0,0.0,0.0,0.0,71.20836046212916,0.0,0.0,0.0,29.20631150538533,0.0,0.0
63,15.75,R1Z5,263.4393609249272,0.0,0.0,59.72181321938268,45.072178761443126,0.0,0.0,0.0,54.54328318960412,0.0,0.0,0.0,142.79699961480492,0.0,0.0,0.0,21.454419524089168,0.0,0.0
63,15.75,R1Z6,224.58645483290397,0.0,0.0,88.86840584289294,133.9330504887852,1.4210854715202004e-14,0.0,0.0,27.27164159480206,0.0,71.72250280378765,0.0,104.05928891506757,0.0,0.0,0.0,18.29025094995628,0.0,0.0
63,15.75,R1Z7,147.51296034131522,0.0,0.0,49.80414367619708,37.10583763282818,0.0,0.0,0.0,0.0,0.0,0.0,0.0,96.85507039020331,0.0,0.0,0.0,12.013409557673445,0.0,0.0
63,15.75,R2Z1,127.08510130950441,0.0,135.0,102.56562711958718,88.13064652452978,0.0,0.0,0.0,54.54328318960412,0.0,0.0,0.0,0.0,80.0,80.0,498.5664941250416,0.0,0.0,0.0
63,15.75,R2Z2,192.04835287922015,0.0,135.0,33.37014064866143,44.01527912110653,-7.105427357601002e-15,0.0,0.0,27.27164159480206,0.0,0.0,0.0,101.01970314181452,0.0,0.0,0.0,0.0,0.0,0.0
63,15.75,R2Z3,105.6390698741516,0.0,0.0,95.96220790781162,67.43693083979745,0.0,0.0,0.0,54.54328318960412,0.0,0.0,0.0,97.77737475859573,0.0,0.0,0.0,0.0,0.0,0.0
63,15.75,R2Z4,172.10272673548678,0.0,0.0,25.68627417276158,36.391803651731,0.0,0.0,0.0,27.27164159480206,0.0,0.0,0.0,93.74457954531887,0.0,0.0,0.0,0.0,0.0,0.0
63,15.75,R2Z5,177.41014503205588,0.0,0.0,19.235021041418662,57.648863160307144,81.90038819223899,0.0,0.0,0.0,0.0,0.0,0.0,95.1674471343364,0.0,0.0,0.0,0.0,0.0,0.0
63,15.75,R3Z1,167.00339954922177,0.0,135.0,0.0,0.0,85.83964409276605,104.9700248159701,0.0,27.27164159480206,0.0,0.0,0.0,0.0,0.0,0.0,0.0,0.0,0.0,0.0
63,15.75,R3Z2,191.42768156142944,0.0,0.0,105.70348076415584,31.62723158499563,-1.4210854715202004e-14,0.0,0.0,54.54328318960412,0.0,0.0,0.0,86.89722688349137,0.0,0.0,0.0,0.0,0.0,0.0
63,15.75,R3Z3,179.7321939543637,0.0,0.0,49.57929672346167,78.34015340926466,54.94987939897234,0.0,0.0,54.54328318960412,0.0,0.0,0.0,0.0,0.0,0.0,0.0,0.0,0.0,0.0
63,15.75,R3Z4,86.63350472410089,0.0,0.0,18.831046424372815,85.53081670492601,46.75045853507439,0.0,0.0,27.27164159480206,0.0,45.0,0.0,85.05645888279506,0.0,0.0,0.0,0.0,0.0,0.0
63,15.75,R3Z5,119.45160815048924,0.0,0.0,65.38795456615347,47.93221303363188,0.0,0.0,0.0,0.0,0.0,0.0,0.0,0.0,0.0,0.0,0.0,0.0,0.0,0.0
63,15.75,R3Z6,159.69511512307517,0.0,0.0,67.68317955953869,98.14337611424038,21.065631567361706,0.0,0.0,0.0,0.0,0.0,0.0,0.0,0.0,0.0,0.0,0.0,0.0,0.0
63,15.75,R3Z7,125.98755954710452,0.0,0.0,101.48857404565052,35.89133797451399,0.0,0.0,0.0,0.0,0.0,45.0,0.0,85.05645888279506,0.0,0.0,0.0,0.0,0.0,0.0
63,15.75,R3Z8,238.62494782835756,0.0,0.0,5.964490275921776,139.64873225063764,28.23450572951228,0.0,0.0,54.54328318960412,0.0,45.0,0.0,86.73197428242099,0.0,0.0,0.0,0.0,0.0,0.0
63,15.75,R3Z9,207.95777815830078,0.0,0.0,80.64546886711568,39.41400648753092,0.0,0.0,0.0,0.0,0.0,0.0,0.0,0.0,0.0,0.0,0.0,0.0,0.0,0.0
63,15.75,R3Z10,133.1855209673358,0.0,0.0,108.96818202906053,63.640821639739215,0.0,0.0,0.0,27.27164159480206,0.0,45.0,0.0,85.05645888279506,0.0,0.0,0.0,0.0,0.0,0.0
63,15.75,R4Z1,190.9931520709339,0.0,135.0,97.45868587267549,47.27674024876372,0.0,0.0,0.0,27.27164159480206,0.0,0.0,0.0,203.15873659556652,0.0,0.0,0.0,0.0,0.0,0.0
63,15.75,R4Z2,186.4154100057554,0.0,135.0,103.1310455308977,43.04796312558963,0.0,0.0,0.0,27.27164159480206,0.0,0.0,0.0,198.7356843382318,0.0,0.0,0.0,0.0,0.0,0.0
63,15.75,R4Z3,163.6504581388824,0.0,0.0,0.0,0.0,53.201654452208565,100.28160272099335,0.0,27.27164159480206,0.0,0.0,0.0,101.57936829778326,0.0,0.0,0.0,0.0,0.0,0.0
64,16.0,R1Z1,82.51482493860817,0.0,135.0,55.67200415487359,80.13030009727937,1.4210854715202004e-14,0.0,0.0,53.36558469997613,0.0,0.0,0.0,72.86648121581838,0.0,0.0,0.0,0.0,0.0,0.0
64,16.0,R1Z2,139.9712840572726,0.0,135.0,27.655842943897333,62.84433202527655,7.105427357601002e-15,0.0,0.0,0.0,0.0,0.0,0.0,60.93651741285366,0.0,0.0,0.0,0.0,0.0,0.0
64,16.0,R1Z3,180.06813656055127,0.0,0.0,56.128274457849464,45.45187533308066,0.0,0.0,0.0,0.0,0.0,0.0,0.0,0.0,0.0,0.0,0.0,14.664692971951013,0.0,0.0
64,16.0,R1Z4,172.31332800915789,0.0,0.0,82.40135569664052,100.97214892329042,0.0,0.0,0.0,0.0,0.0,0.0,0.0,71.1100741542457,0.0,0.0,0.0,28.066287556429092,0.0,0.0
64,16.0,R1Z5,270.7647700312302,0.0,0.0,55.5551131151954,33.03091921987165,0.0,0.0,0.0,53.36558469997613,0.0,0.0,0.0,142.59990211420399,0.0,0.0,0.0,22.050998560723695,0.0,0.0
64,16.0,R1Z6,211.91393874708186,0.0,0.0,84.04832534010038,128.11024756802456,0.0,0.0,0.0,26.682792349988066,0.0,44.97560970932345,0.0,114.81166966808091,0.0,0.0,0.0,17.258205185889633,0.0,0.0
64,16.0,R1Z7,154.77188011732687,0.0,0.0,45.09206138173215,46.04493894345404,0.0,0.0,0.0,0.0,0.0,0.0,0.0,96.72138486217449,0.0,0.0,0.0,12.604573723952461,0.0,0.0
64,16.0,R2Z1,136.4351522945904,0.0,135.0,54.72555182252319,156.60601664615257,56.39015275885396,0.0,0.0,53.36558469997613,0.0,0.0,0.0,0.0,80.0,80.0,495.6104392053296,0.0,0.0,0.0
64,16.0,R2Z2,189.8250455447414,0.0,135.0,0.0,0.0,28.900372398925203,39.41436693058063,0.0,26.682792349988066,0.0,0.0,0.0,100.88026932279584,0.0,0.0,0.0,0.0,0.0,0.0
64,16.0,R2Z3,76.82923251825156,0.0,0.0,89.70432761412263,39.593765884803666,0.0,0.0,0.0,53.36558469997613,0.0,0.0,0.0,97.6424162074201,0.0,0.0,0.0,0.0,0.0,0.0
64,16.0,R2Z4,173.18463816216598,0.0,0.0,30.5346109744179,115.96723483776002,0.30393504194861976,0.0,0.0,26.682792349988066,0.0,0.0,0.0,93.61518731457797,0.0,0.0,0.0,0.0,0.0,0.0
64,16.0,R2Z5,185.7716671938637,0.0,0.0,0.0,2.4923990473414506,96.50733305894616,141.5656285691061,0.0,0.0,0.0,0.0,0.0,95.03609097125631,0.0,0.0,0.0,0.0,0.0,0.0
64,16.0,R3Z1,153.21940800957182,0.0,135.0,94.16731781168987,46.707461893461456,0.0,0.0,0.0,26.682792349988066,0.0,0.0,0.0,0.0,0.0,0.0,0.0,0.0,0.0,0.0
64,16.0,R3Z2,194.71286324221464,0.0,0.0,0.0,32.12393220312356,106.49972250063965,8.689978408612212,0.0,53.36558469997613,0.0,0.0,0.0,86.77728580437844,0.0,0.0,0.0,0.0,0.0,0.0
64,16.0,R3Z3,170.39208187466144,0.0,0.0,83.7348400218701,122.34944123842416,0.0,0.0,0.0,53.36558469997613,0.0,0.0,0.0,0.0,0.0,0.0,0.0,0.0,0.0,0.0
64,16.0,R3Z4,97.3242423405285,0.0,0.0,60.9115239662287,74.89548827781776,7.105427357601002e-15,0.0,0.0,26.682792349988066,0.0,45.0,0.0,95.84097746084916,0.0,0.0,0.0,0.0,0.0,0.0
64,16.0,R3Z5,121.55175110737584,0.0,0.0,0.0,18.76901939438899,63.44521684517711,62.968609493489566,0.0,0.0,0.0,0.0,0.0,0.0,0.0,0.0,0.0,0.0,0.0,0.0
64,16.0,R3Z6,154.090249108866,0.0,0.0,89.41895539010044,77.95352871150983,0.0,0.0,0.0,0.0,0.0,0.0,0.0,0.0,0.0,0.0,0.0,0.0,0.0,0.0
64,16.0,R3Z7,127.75272765664442,0.0,0.0,98.4281146335629,43.84754361368081,0.0,0.0,0.0,0.0,0.0,45.0,0.0,95.84097746084916,0.0,0.0,0.0,0.0,0.0,0.0
64,16.0,R3Z8,238.49402438567398,0.0,0.0,29.109307873453275,130.05181394776065,3.552713678800501e-15,0.0,0.0,53.36558469997613,0.0,45.0,0.0,97.5141802075596,0.0,0.0,0.0,0.0,0.0,0.0
64,16.0,R3Z9,161.95468925823857,0.0,0.0,87.29230067791522,48.93170292608082,0.0,0.0,0.0,0.0,0.0,0.0,0.0,0.0,0.0,0.0,0.0,0.0,0.0,0.0
64,16.0,R3Z10,90.27656675818105,0.0,0.0,105.38715931220237,36.60291659783813,1.4210854715202004e-14,0.0,0.0,26.682792349988066,0.0,45.0,0.0,95.84097746084916,0.0,0.0,0.0,0.0,0.0,0.0
64,16.0,R4Z1,194.3487034761157,0.0,135.0,0.0,0.0,82.85502838440092,122.79019923871222,0.0,26.682792349988066,0.0,0.0,0.0,202.87832398664446,0.0,0.0,0.0,0.0,0.0,0.0
64,16.0,R4Z2,156.84007148255262,0.0,135.0,0.0,0.0,99.54590276468598,57.179634851162604,0.0,26.682792349988066,0.0,0.0,0.0,198.4613767073366,0.0,0.0,0.0,0.0,0.0,0.0
64,16.0,R4Z3,134.69742357373266,0.0,0.0,53.749490846483624,104.97792404068888,7.105427357601002e-15,0.0,0.0,26.682792349988066,0.0,0.0,0.0,101.43916199332223,0.0,0.0,0.0,0.0,0.0,0.0
65,16.25,R1Z1,107.05718871090333,0.0,135.0,50.73043519597621,106.43782052122563,0.0,0.0,0.0,61.95446332528108,0.0,0.0,0.0,72.76590626421601,0.0,0.0,0.0,0.0,0.0,0.0
65,16.25,R1Z2,125.94667380138874,0.0,135.0,21.64577969254981,95.97452549937577,-3.552713678800501e-15,0.0,0.0,0.0,0.0,0.0,0.0,60.85240895602475,0.0,0.0,0.0,0.0,0.0,0.0
65,16.25,R1Z3,178.38685074511895,0.0,0.0,44.520865350368766,45.620884109819016,7.105427357601002e-15,0.0,0.0,0.0,0.0,0.0,0.0,0.0,0.0,0.0,0.0,14.527769578660271,0.0,0.0
65,16.25,R1Z4,154.58529260339972,0.0,0.0,93.11492979031419,99.69490073657425,0.0,0.0,0.0,0.0,0.0,90.0,0.0,92.81576133157859,0.0,0.0,0.0,25.17875618983555,0.0,0.0
65,16.25,R1Z5,239.00041690435393,0.0,0.0,61.0849161330385,52.145316382380706,0.0,0.0,0.0,61.95446332528108,0.0,0.0,0.0,142.40307666010855,0.0,0.0,0.0,19.464119532841746,0.0,0.0
65,16.25,R1Z6,209.80785686227472,0.0,0.0,60.43163108011524,223.435759566469,-2.842170943040401e-14,0.0,0.0,30.97723166264054,0.0,90.0,0.0,136.45703712391204,0.0,0.0,0.0,17.086686532981826,0.0,0.0
65,16.25,R1Z7,138.14101928588664,0.0,0.0,47.87452353110384,38.06169402674349,-7.105427357601002e-15,0.0,0.0,0.0,0.0,29.782440871006713,0.0,103.8031228638621,0.0,0.0,0.0,11.250161596350388,0.0,0.0
65,16.25,R2Z1,119.85901437739835,0.0,135.0,97.84810863499607,154.7948940166701,0.0,0.0,0.0,61.95446332528108,0.0,0.0,0.0,0.0,80.0,80.0,492.6553837099837,0.0,0.0,0.0
65,16.25,R2Z2,199.64031278006962,0.0,135.0,0.0,22.58351528642632,23.372578427286236,11.769984811068753,0.0,30.97723166264054,0.0,0.0,0.0,100.74102795920201,0.0,0.0,0.0,0.0,0.0,0.0
65,16.25,R2Z3,83.55391361165552,0.0,0.0,0.0,0.0,79.38287833244917,95.93931668977122,0.0,61.95446332528108,0.0,0.0,0.0,97.50764393462003,0.0,0.0,0.0,0.0,0.0,0.0
65,16.25,R2Z4,167.20466587887384,0.0,0.0,0.0,0.0,25.975644318089007,115.14777767978376,0.0,30.97723166264054,0.0,0.0,0.0,93.48597367922314,0.0,0.0,0.0,0.0,0.0,0.0
65,16.25,R2Z5,176.46951284045616,0.0,0.0,90.05098016868399,189.1226745526183,1.4210854715202004e-14,0.0,0.0,0.0,0.0,0.0,0.0,94.90491611430663,0.0,0.0,0.0,0.0,0.0,0.0
65,16.25,R3Z1,191.353076577262,0.0,135.0,91.73998059155898,95.89918302928172,0.0,0.0,0.0,30.97723166264054,0.0,0.0,0.0,0.0,0.0,0.0,0.0,0.0,0.0,0.0
65,16.25,R3Z2,126.6230799044208,0.0,0.0,0.0,9.343595252630394,98.51507482526097,24.083138365970754,0.0,61.95446332528108,0.0,0.0,0.0,86.65751027557101,0.0,0.0,0.0,0.0,0.0,0.0
65,16.25,R3Z3,176.91855442121792,0.0,0.0,0.0,0.0,77.65329843859786,139.35961360247012,0.0,61.95446332528108,0.0,0.0,0.0,0.0,0.0,0.0,0.0,0.0,0.0,0.0
65,16.25,R3Z4,106.38841962579197,0.0,0.0,58.63859836731109,84.45180399966978,7.105427357601002e-15,0.0,0.0,30.97723166264054,0.0,45.0,0.0,106.61061056047829,0.0,0.0,0.0,0.0,0.0,0.0
65,16.25,R3Z5,113.05347772515002,0.0,0.0,47.00713297005689,135.71908364543623,-1.4210854715202004e-14,0.0,0.0,0.0,0.0,0.0,0.0,0.0,0.0,0.0,0.0,0.0,0.0,0.0
65,16.25,R3Z6,165.566485201214,0.0,0.0,90.70088946873537,73.87506440847781,-1.4210854715202004e-14,0.0,0.0,0.0,0.0,0.0,0.0,0.0,0.0,0.0,0.0,0.0,0.0,0.0
65,16.25,R3Z7,99.12076219752164,0.0,0.0,69.66226394968095,22.912494054605183,1.4210854715202004e-14,0.0,0.0,0.0,0.0,45.0,0.0,106.61061056047829,0.0,0.0,0.0,0.0,0.0,0.0
65,16.25,R3Z8,186.49487448500471,0.0,0.0,27.072337092982025,191.56410594160837,3.552713678800501e-15,0.0,0.0,61.95446332528108,0.0,38.1030309003229,0.0,106.61061056047829,0.0,0.0,0.0,0.0,0.0,0.0
65,16.25,R3Z9,205.80635721529603,0.0,0.0,62.59630202141619,61.130871288085956,-7.105427357601002e-15,0.0,0.0,0.0,0.0,0.0,0.0,0.0,0.0,0.0,0.0,0.0,0.0,0.0
65,16.25,R3Z10,142.1020095536663,0.0,0.0,87.2697189362891,42.13566838497438,0.0,0.0,0.0,30.97723166264054,0.0,45.0,0.0,106.61061056047829,0.0,0.0,0.0,0.0,0.0,0.0
65,16.25,R4Z1,169.39480378687304,0.0,135.0,0.0,0.0,84.81374107396472,141.2153307048919,0.0,30.97723166264054,0.0,0.0,0.0,202.59829842103915,0.0,0.0,0.0,0.0,0.0,0.0
65,16.25,R4Z2,162.2341912753681,0.0,135.0,0.0,0.0,83.48496759016638,54.42616919529907,0.0,30.97723166264054,0.0,0.0,0.0,198.1874476932792,0.0,0.0,0.0,0.0,0.0,0.0
65,16.25,R4Z3,127.19947911494422,0.0,0.0,0.0,0.0,47.75132165288308,105.8061941238467,0.0,30.97723166264054,0.0,0.0,0.0,101.29914921051957,0.0,0.0,0.0,0.0,0.0,0.0
66,16.5,R1Z1,115.41131874862616,0.0,135.0,49.65154509094904,151.25027008089424,-1.4210854715202004e-14,0.0,0.0,41.27120857260219,0.0,0.0,0.0,72.6654701325583,0.0,0.0,0.0,0.0,0.0,0.0
66,16.5,R1Z2,138.2850222763906,0.0,135.0,27.955166109873346,74.01347264728437,-3.552713678800501e-15,0.0,0.0,0.0,0.0,0.0,0.0,60.768416591037166,0.0,0.0,0.0,0.0,0.0,0.0
66,16.5,R1Z3,216.21509820298022,0.0,0.0,51.22394284966496,27.740749903891462,7.105427357601002e-15,0.0,0.0,0.0,0.0,0.0,0.0,0.0,0.0,0.0,0.0,17.608490272684783,0.0,0.0
66,16.5,R1Z4,168.15034104149518,0.0,0.0,70.29290535801896,73.04576319099722,-1.4210854715202004e-14,0.0,0.0,0.0,0.0,0.0,0.0,92.6876511148081,0.0,0.0,0.0,27.388222831674437,0.0,0.0
66,16.5,R1Z5,286.0012626068024,0.0,0.0,56.010630870304965,44.97579401241177,0.0,0.0,0.0,41.27120857260219,0.0,0.0,0.0,142.20652287702276,0.0,0.0,0.0,23.291853771745675,0.0,0.0
66,16.5,R1Z6,211.96897973212768,0.0,0.0,62.599948545171344,149.52078116451943,-7.105427357601002e-15,0.0,0.0,20.635604286301096,0.0,0.0,2.73736956255037,135.56249807820535,0.0,0.0,0.0,17.262687706573125,0.0,0.0
66,16.5,R1Z7,150.74713860084807,0.0,0.0,42.72141180590237,42.5878884772116,7.105427357601002e-15,0.0,0.0,0.0,0.0,0.0,66.61149882743285,86.47527244295665,0.0,0.0,0.0,12.27680002807274,0.0,0.0
66,16.5,R2Z1,131.09462872590322,0.0,135.0,84.99412786184507,108.13304392060024,0.0,0.0,0.0,41.27120857260219,0.0,0.0,0.0,0.0,80.0,80.0,489.70132730110447,0.0,0.0,0.0
66,16.5,R2Z2,198.7412895254281,0.0,135.0,0.0,0.0,23.186515957897715,58.82519905365807,0.0,20.635604286301096,0.0,0.0,0.0,100.60197878539381,0.0,0.0,0.0,0.0,0.0,0.0
66,16.5,R2Z3,80.21978278191506,0.0,0.0,0.0,0.0,74.67421424176065,114.01106279113853,0.0,41.27120857260219,0.0,0.0,0.0,97.37305768308225,0.0,0.0,0.0,0.0,0.0,0.0
66,16.5,R2Z4,178.56773456780223,0.0,0.0,29.284039887342303,114.33229895907532,0.0,0.0,0.0,20.635604286301096,0.0,0.0,0.0,93.35693839274566,0.0,0.0,0.0,0.0,0.0,0.0
66,16.5,R2Z5,192.95212369004312,0.0,0.0,0.0,106.04290642704431,76.58727957098625,47.3468689728948,0.0,0.0,0.0,0.0,0.0,94.77392231323707,0.0,0.0,0.0,0.0,0.0,0.0
66,16.5,R3Z1,149.5788372004348,0.0,135.0,79.48684428119756,94.69845525183257,0.0,0.0,0.0,20.635604286301096,0.0,0.0,0.0,0.0,0.0,0.0,0.0,0.0,0.0,0.0
66,16.5,R3Z2,170.87634426869002,0.0,0.0,90.18671912487355,55.48388554514878,0.0,0.0,0.0,41.27120857260219,0.0,0.0,0.0,86.53790006856605,0.0,0.0,0.0,0.0,0.0,0.0
66,16.5,R3Z3,128.00771853183022,0.0,0.0,74.39505058350097,98.65645848901197,1.4210854715202004e-14,0.0,0.0,41.27120857260219,0.0,0.0,0.0,0.0,0.0,0.0,0.0,0.0,0.0,0.0
66,16.5,R3Z4,122.63264881757702,0.0,0.0,45.5356215425721,82.33028450095193,-7.105427357601002e-15,0.0,0.0,20.635604286301096,0.0,0.6073961454855975,0.0,106.61061056047829,0.0,0.0,0.0,0.0,0.0,0.0
66,16.5,R3Z5,117.06890619855832,0.0,0.0,0.0,0.0,59.77229503157621,28.704601185187784,0.0,0.0,0.0,0.0,0.0,0.0,0.0,0.0,0.0,0.0,0.0,0.0
66,16.5,R3Z6,149.5414093018526,0.0,0.0,74.26558025824252,156.04931721046407,-1.4210854715202004e-14,0.0,0.0,0.0,0.0,0.0,0.0,0.0,0.0,0.0,0.0,0.0,0.0,0.0
66,16.5,R3Z7,134.3786378427711,0.0,0.0,11.701957308805973,80.0,70.28783339070861,0.0,0.0,0.0,0.0,0.6073961454855975,0.0,106.61061056047829,0.0,0.0,0.0,0.0,0.0,0.0
66,16.5,R3Z8,226.7687878871118,0.0,0.0,23.656937767095343,152.17177332376218,-7.105427357601002e-15,0.0,0.0,41.27120857260219,0.0,0.6073961454855975,0.0,106.61061056047829,0.0,0.0,0.0,0.0,0.0,0.0
66,16.5,R3Z9,220.42855555089128,0.0,0.0,52.60046024019173,31.779521901620704,0.0,0.0,0.0,0.0,0.0,0.0,0.0,0.0,0.0,0.0,0.0,0.0,0.0,0.0
66,16.5,R3Z10,130.7545657802765,0.0,0.0,76.5431975239578,76.80822445835254,-1.4210854715202004e-14,0.0,0.0,20.635604286301096,0.0,0.6073961454855975,0.0,106.61061056047829,0.0,0.0,0.0,0.0,0.0,0.0
66,16.5,R4Z1,225.61825371245965,0.0,135.0,0.0,14.335157696667636,76.55897587569086,129.16446842953656,0.0,20.635604286301096,0.0,0.0,0.0,202.31865936452883,0.0,0.0,0.0,0.0,0.0,0.0
66,16.5,R4Z2,161.39301762911995,0.0,135.0,95.8424019962441,59.43851764940426,0.0,0.0,0.0,20.635604286301096,0.0,0.0,0.0,197.9138967734686,0.0,0.0,0.0,0.0,0.0,0.0
66,16.5,R4Z3,147.51741975140007,0.0,0.0,0.0,0.0,38.579254537591666,122.65112382811012,0.0,20.635604286301096,0.0,0.0,0.0,101.15932968226441,0.0,0.0,0.0,0.0,0.0,0.0
67,16.75,R1Z1,84.22845499605981,0.0,135.0,50.2575220459575,142.8795036702357,-1.4210854715202004e-14,0.0,0.0,12.50830818336969,0.0,0.0,0.0,72.56517262923713,0.0,0.0,0.0,0.0,0.0,0.0
67,16.75,R1Z2,149.58202149761564,0.0,135.0,25.019316678847858,84.65287741987844,7.105427357601002e-15,0.0,0.0,0.0,0.0,0.0,0.0,60.68454015765356,0.0,0.0,0.0,0.0,0.0,0.0
67,16.75,R1Z3,177.1620776095366,0.0,0.0,50.06089731346353,74.40827847025281,0.0,0.0,0.0,0.0,0.0,0.0,0.0,0.0,0.0,0.0,0.0,14.428024435867785,0.0,0.0
67,16.75,R1Z4,175.85092940991782,0.0,0.0,70.3796243832912,160.0,0.0,0.0,0.0,0.0,0.0,44.90630745293214,0.0,103.4389382237681,0.0,0.0,0.0,28.64248986951121,0.0,0.0
67,16.75,R1Z5,261.46719148882954,0.0,0.0,53.15754944822835,26.471689313370476,-7.105427357601002e-15,0.0,0.0,12.50830818336969,0.0,0.0,0.0,142.01024038996897,0.0,0.0,0.0,21.29380665930666,0.0,0.0
67,16.75,R1Z6,236.43765533317426,0.0,0.0,71.3157920696683,84.24102276130412,1.4210854715202004e-14,0.0,0.0,6.254154091684845,0.0,0.0,35.742092876226735,126.15456570493797,0.0,0.0,0.0,19.25540902847649,0.0,0.0
67,16.75,R1Z7,147.0465435299043,0.0,0.0,39.45687305596539,80.0,7.105427357601002e-15,0.0,0.0,0.0,0.0,0.0,0.0,86.35591377219838,0.0,0.0,0.0,11.97542471778481,0.0,0.0
67,16.75,R2Z1,148.8751526874688,0.0,135.0,80.22765805111334,58.65652807811572,-1.4210854715202004e-14,0.0,0.0,12.50830818336969,0.0,0.0,0.0,0.0,80.0,80.0,486.74826964090676,0.0,0.0,0.0
67,16.75,R2Z2,211.28366163403075,0.0,135.0,21.821128220879473,33.09428671894446,0.0,0.0,0.0,6.254154091684845,0.0,0.0,0.0,100.46312153609868,0.0,0.0,0.0,0.0,0.0,0.0
67,16.75,R2Z3,74.14194074895966,0.0,0.0,77.08536798703877,104.36029217297077,0.0,0.0,0.0,12.50830818336969,0.0,0.0,0.0,97.23865719604836,0.0,0.0,0.0,0.0,0.0,0.0
67,16.75,R2Z4,144.21557535496743,0.0,0.0,23.835946200447154,121.11229276153091,1.4210854715202004e-14,0.0,0.0,6.254154091684845,0.0,0.0,0.0,93.22808120897709,0.0,0.0,0.0,0.0,0.0,0.0
67,16.75,R2Z5,175.0421710895902,0.0,0.0,0.0,0.0,77.69950846188998,228.21725638839666,0.0,0.0,0.0,0.0,0.0,94.64310931814282,0.0,0.0,0.0,0.0,0.0,0.0
67,16.75,R3Z1,180.35681963138592,0.0,135.0,72.7876677307735,81.30398963499456,-1.4210854715202004e-14,0.0,0.0,6.254154091684845,0.0,0.0,0.0,0.0,0.0,0.0,0.0,0.0,0.0,0.0
67,16.75,R3Z2,170.85814804632795,0.0,0.0,0.0,0.0,82.23618726315709,49.8201561363725,0.0,12.50830818336969,0.0,0.0,0.0,86.41845495517586,0.0,0.0,0.0,0.0,0.0,0.0
67,16.75,R3Z3,134.07668284776832,0.0,0.0,78.02219314020613,180.04104279142672,0.0,0.0,0.0,12.50830818336969,0.0,0.0,0.0,0.0,0.0,0.0,0.0,0.0,0.0,0.0
67,16.75,R3Z4,89.8398689452651,0.0,0.0,38.01773223762228,113.7508922844354,-1.4210854715202004e-14,0.0,0.0,6.254154091684845,0.0,0.6073961454855975,0.0,106.61061056047829,0.0,0.0,0.0,0.0,0.0,0.0
67,16.75,R3Z5,122.89714383310485,0.0,0.0,22.677896938200348,100.2192468949045,34.81098260503637,0.0,0.0,0.0,0.0,0.0,0.0,0.0,0.0,0.0,0.0,0.0,0.0,0.0
67,16.75,R3Z6,165.86007898162885,0.0,0.0,63.980868560648176,38.793733378827696,-7.105427357601002e-15,0.0,0.0,0.0,0.0,0.0,0.0,0.0,0.0,0.0,0.0,0.0,0.0,0.0
67,16.75,R3Z7,101.20369623574541,0.0,0.0,75.02672148550678,0.0,0.0,0.0,0.0,0.0,0.0,0.0,0.0,106.4634598154648,0.0,0.0,0.0,0.0,0.0,0.0
67,16.75,R3Z8,251.49631767639167,0.0,0.0,21.78991996184152,240.0,1.7763568394002505e-14,0.0,0.0,12.50830818336969,0.0,0.0,0.0,106.4634598154648,0.0,0.0,0.0,0.0,0.0,0.0
67,16.75,R3Z9,199.19261872697163,0.0,0.0,56.765872063128356,57.120356762851586,0.0,0.0,0.0,0.0,0.0,0.0,0.0,0.0,0.0,0.0,0.0,0.0,0.0,0.0
67,16.75,R3Z10,148.11992681960538,0.0,0.0,78.08754477896274,20.32836355614244,0.0,0.0,0.0,6.254154091684845,0.0,0.0,0.0,106.4634598154648,0.0,0.0,0.0,11.93752747085685,0.0,0.0
67,16.75,R4Z1,222.95298908141044,0.0,135.0,72.6604098770132,77.75567698876671,0.0,0.0,0.0,6.254154091684845,0.0,0.0,0.0,202.03940628362903,0.0,0.0,0.0,0.0,0.0,0.0
67,16.75,R4Z2,136.45471822299027,0.0,135.0,66.35712329469598,79.23276597499284,10.336535769141733,0.0,0.0,6.254154091684845,0.0,0.0,0.0,197.64072342603504,0.0,0.0,0.0,0.0,0.0,0.0
67,16.75,R4Z3,130.32749842185015,0.0,0.0,0.0,0.0,46.31710035665713,121.65979750601463,0.0,6.254154091684845,0.0,0.0,0.0,101.01970314181452,0.0,0.0,0.0,0.0,0.0,0.0
68,17.0,R1Z1,109.04632213385051,0.0,135.0,42.05995808384098,118.76278084213062,7.105427357601002e-15,0.0,0.0,27.47566771557731,0.0,0.0,0.0,72.46501356290885,0.0,0.0,0.0,0.0,0.0,0.0
68,17.0,R1Z2,161.16380291867551,0.0,135.0,24.477397961795575,79.98153676440096,3.552713678800501e-15,0.0,0.0,0.0,0.0,0.0,0.0,60.60077949585776,0.0,0.0,0.0,0.0,0.0,0.0
68,17.0,R1Z3,196.0837940244468,0.0,0.0,41.3092670985686,54.062928038703404,0.0,0.0,0.0,0.0,0.0,0.0,0.0,0.0,0.0,0.0,0.0,15.96900312886201,0.0,0.0
68,17.0,R1Z4,159.13292131716773,0.0,0.0,53.839357809077825,141.27171817849498,-7.105427357601002e-15,0.0,0.0,0.0,0.0,0.0,0.0,103.29616522262862,0.0,0.0,0.0,25.919471122656667,0.0,0.0
68,17.0,R1Z5,276.01411841342707,0.0,0.0,51.54192761455431,80.0,-1.4210854715202004e-14,0.0,0.0,27.47566771557731,0.0,0.0,0.0,141.81422882448717,0.0,0.0,0.0,22.478503858429924,0.0,0.0
68,17.0,R1Z6,220.91637893153975,0.0,0.0,57.991408216829996,168.9280533069463,-7.105427357601002e-15,0.0,0.0,13.737833857788655,0.0,0.0,0.0,125.98043915005996,0.0,0.0,0.0,17.991361111335863,0.0,0.0
68,17.0,R1Z7,170.67675791697044,0.0,0.0,44.97646754249513,53.9837706768875,0.0,0.0,0.0,0.0,0.0,45.83189883968019,0.0,97.34017861982056,0.0,0.0,0.0,13.899862019501304,0.0,0.0
68,17.0,R2Z1,157.61368690076563,0.0,135.0,0.0,0.0,82.53887943278772,183.53797881115702,0.0,27.47566771557731,0.0,0.0,0.0,0.0,80.0,80.0,483.7962103917197,0.0,0.0,0.0
68,17.0,R2Z2,189.72342332541822,0.0,135.0,25.861222012700793,23.544865966493134,0.0,0.0,0.0,13.737833857788655,0.0,0.0,0.0,100.3244559464102,0.0,0.0,0.0,0.0,0.0,0.0
68,17.0,R2Z3,91.50110125429815,0.0,0.0,0.0,0.0,85.23951706832635,122.18581397611425,0.0,27.47566771557731,0.0,0.0,0.0,97.10444221711442,0.0,0.0,0.0,0.0,0.0,0.0
68,17.0,R2Z4,123.49687960441382,0.0,0.0,25.756787475119154,129.793782032991,1.0658141036401503e-14,0.0,0.0,13.737833857788655,0.0,0.0,0.0,93.09940188208873,0.0,0.0,0.0,0.0,0.0,0.0
68,17.0,R2Z5,240.08529700442236,0.0,0.0,38.25114496098769,206.7855824942945,44.00258021800188,0.0,0.0,0.0,0.0,0.0,0.0,94.51247687946395,0.0,0.0,0.0,0.0,0.0,0.0
68,17.0,R3Z1,195.44414843449565,0.0,135.0,48.59409129027972,160.0,31.11915493438893,0.0,0.0,13.737833857788655,0.0,0.0,0.0,0.0,0.0,0.0,0.0,0.0,0.0,0.0
68,17.0,R3Z2,135.33951154254177,0.0,0.0,72.467803518112,56.78753174180197,1.4210854715202004e-14,0.0,0.0,27.47566771557731,0.0,0.0,0.0,86.29917470752775,0.0,0.0,0.0,0.0,0.0,0.0
68,17.0,R3Z3,133.68841190454032,0.0,0.0,0.0,106.212744188963,67.04846071303544,46.561000766148624,0.0,27.47566771557731,0.0,0.0,0.0,0.0,0.0,0.0,0.0,0.0,0.0,0.0
68,17.0,R3Z4,102.73187248152671,0.0,0.0,37.22045705240979,32.99157434102158,0.0,0.0,0.0,13.737833857788655,0.0,0.0,18.782007230306675,101.61803803594671,0.0,0.0,0.0,0.0,0.0,0.0
68,17.0,R3Z5,106.18034637589543,0.0,0.0,47.48072993259753,43.19827971580756,0.0,0.0,0.0,0.0,0.0,0.0,0.0,0.0,0.0,0.0,0.0,4.824087697711491,0.0,0.0
68,17.0,R3Z6,143.2122086508075,0.0,0.0,80.76066349001532,73.12879419057104,0.0,0.0,0.0,0.0,0.0,0.0,0.0,0.0,0.0,0.0,0.0,0.0,0.0,0.0
68,17.0,R3Z7,157.69639687656468,0.0,0.0,52.2323723445768,16.312620281365596,0.0,0.0,0.0,0.0,0.0,0.0,45.0,94.70731740885824,0.0,0.0,0.0,12.842745458189995,0.0,0.0
68,17.0,R3Z8,268.20740806516625,0.0,0.0,21.196418264812923,27.65060544093672,0.0,0.0,0.0,27.47566771557731,0.0,0.0,45.0,94.70731740885824,0.0,0.0,0.0,21.842727798517735,7.437456737897406,0.0
68,17.0,R3Z9,212.44945196564643,0.0,0.0,66.37040830300336,40.65779565063073,0.0,0.0,0.0,0.0,0.0,0.0,0.0,0.0,0.0,0.0,0.0,34.60363443132331,0.0,0.0
68,17.0,R3Z10,143.22773690819534,0.0,0.0,71.6339601550059,14.314212342590347,0.0,0.0,0.0,13.737833857788655,0.0,0.0,45.0,94.70731740885824,0.0,0.0,0.0,34.99326688683367,0.0,0.0
68,17.0,R4Z1,174.9592228010715,0.0,135.0,0.0,107.12961120145724,65.33654339601145,64.31958047175209,0.0,13.737833857788655,0.0,0.0,0.0,201.76053864559168,0.0,0.0,0.0,0.0,0.0,0.0
68,17.0,R4Z2,130.08432397664345,0.0,135.0,0.0,0.0,76.38152271497582,69.16065598849437,0.0,13.737833857788655,0.0,0.0,0.0,197.36792712982916,0.0,0.0,0.0,0.0,0.0,0.0
68,17.0,R4Z3,139.09827242867757,0.0,0.0,37.60869529988881,134.81342564889832,0.0,0.0,0.0,13.737833857788655,0.0,0.0,0.0,100.88026932279584,0.0,0.0,0.0,0.0,0.0,0.0
69,17.25,R1Z1,91.15493796947969,0.0,135.0,35.5300458432981,96.33106662343971,7.105427357601002e-15,0.0,0.0,60.96110965063542,0.0,0.0,0.0,72.36499274249392,0.0,0.0,0.0,0.0,0.0,0.0
69,17.25,R1Z2,174.50972870467422,0.0,135.0,15.890085892477174,45.10707198656365,-1.7763568394002505e-15,0.0,0.0,0.0,0.0,0.0,0.0,60.51713444585445,0.0,0.0,0.0,0.0,0.0,0.0
69,17.25,R1Z3,202.76344427546795,0.0,0.0,44.711944808646614,43.923200118728154,7.105427357601002e-15,0.0,0.0,0.0,0.0,0.0,0.0,0.0,0.0,0.0,0.0,16.5129917653985,0.0,0.0
69,17.25,R1Z4,180.0849505513254,0.0,0.0,54.50954784921517,104.88054638341369,-7.105427357601002e-15,0.0,0.0,0.0,0.0,0.0,75.57380210429798,83.65690066324184,0.0,0.0,0.0,29.332124596248246,0.0,0.0
69,17.25,R1Z5,297.086247573927,0.0,0.0,48.263584275362504,60.27693077497595,0.0,0.0,0.0,60.96110965063542,0.0,0.0,0.0,141.61848780663416,0.0,0.0,0.0,24.19461149583036,0.0,0.0
69,17.25,R1Z6,230.8425606694342,0.0,0.0,53.4758945077466,130.92013888062652,0.0,0.0,0.0,30.48055482531771,0.0,0.0,0.0,125.80655293572727,0.0,0.0,0.0,18.79974626125971,0.0,0.0
69,17.25,R1Z7,156.10322199405834,0.0,0.0,32.655587430875215,41.41584339727149,0.0,0.0,0.0,0.0,0.0,0.0,0.0,97.20582351456086,0.0,0.0,0.0,12.7129977918408,0.0,0.0
69,17.25,R2Z1,138.97026552365793,0.0,135.0,0.0,0.0,75.26302096496457,115.60831464420686,0.0,60.96110965063542,0.0,0.0,0.0,0.0,80.0,80.0,480.8451492159865,0.0,0.0,0.0
69,17.25,R2Z2,212.0493250094335,0.0,135.0,0.0,0.0,25.69743676419524,52.36764924416364,0.0,30.48055482531771,0.0,0.0,0.0,100.18598175178758,0.0,0.0,0.0,0.0,0.0,0.0
69,17.25,R2Z3,104.21383531865794,0.0,0.0,83.06774008099275,117.45963798394614,-1.4210854715202004e-14,0.0,0.0,60.96110965063542,0.0,0.0,0.0,96.97041249023032,0.0,0.0,0.0,0.0,0.0,0.0
69,17.25,R2Z4,135.39894616202068,0.0,0.0,19.271704241530827,86.75532769259767,0.0,0.0,0.0,30.48055482531771,0.0,0.0,0.0,92.9709001665912,0.0,0.0,0.0,0.0,0.0,0.0
69,17.25,R2Z5,210.3567816707902,0.0,0.0,91.781651166264,143.47110565670656,0.18002871281279909,0.0,0.0,0.0,0.0,0.0,0.0,94.38202474798504,0.0,0.0,0.0,0.0,0.0,0.0
69,17.25,R3Z1,169.55536011234716,0.0,135.0,0.0,12.146490516460403,74.67287791202942,17.69042705789394,0.0,30.48055482531771,0.0,0.0,0.0,0.0,0.0,0.0,0.0,0.0,0.0,0.0
69,17.25,R3Z2,147.96403800300587,0.0,0.0,7.002928352370446,80.0,64.89362165397114,0.0,0.0,60.96110965063542,0.0,0.0,0.0,86.18005909806355,0.0,0.0,0.0,0.0,0.0,0.0
69,17.25,R3Z3,152.02966262743124,0.0,0.0,14.84541182693144,76.22314114986438,44.591066294065314,0.0,0.0,60.96110965063542,0.0,0.0,0.0,0.0,0.0,0.0,0.0,0.0,0.0,0.0
69,17.25,R3Z4,114.47854240831799,0.0,0.0,23.297557368849283,37.64940626329363,-3.552713678800501e-15,0.0,0.0,30.48055482531771,0.0,21.186861782443653,0.0,106.61061056047829,0.0,0.0,0.0,0.0,0.0,0.0
69,17.25,R3Z5,110.8325394555543,0.0,0.0,48.600209583422796,103.79447687178553,1.4210854715202004e-14,0.0,0.0,0.0,0.0,0.0,0.0,0.0,0.0,0.0,0.0,0.0,0.0,0.0
69,17.25,R3Z6,168.86858702771158,0.0,0.0,65.90989321803643,105.63443254332215,6.206754529079021,0.0,0.0,0.0,0.0,0.0,0.0,0.0,0.0,0.0,0.0,0.0,0.0,0.0
69,17.25,R3Z7,149.4795923900084,0.0,0.0,73.47033686607502,60.27183529360484,0.0,0.0,0.0,0.0,0.0,31.361411063310502,0.0,102.17436435456231,0.0,0.0,0.0,0.0,0.0,0.0
69,17.25,R3Z8,227.28505819127554,0.0,0.0,33.900782000426034,112.1135007067582,0.0,0.0,0.0,60.96110965063542,0.0,0.0,0.0,94.576596346089,0.0,0.0,0.0,0.0,0.0,0.0
69,17.25,R3Z9,198.61670422332642,0.0,0.0,56.73232204884348,61.95179469143934,0.0,0.0,0.0,0.0,0.0,0.0,0.0,0.0,0.0,0.0,0.0,0.0,0.0,0.0
69,17.25,R3Z10,134.63396046486747,0.0,0.0,80.75778037462214,28.68302957897091,0.0,0.0,0.0,30.48055482531771,0.0,41.225587850426976,0.0,104.56410780940185,0.0,0.0,0.0,0.0,0.0,0.0
69,17.25,R4Z1,203.83034238198212,0.0,135.0,0.0,0.0,50.01382486284591,138.64445048886316,0.0,30.48055482531771,0.0,0.0,0.0,201.48205591840403,0.0,0.0,0.0,0.0,0.0,0.0
69,17.25,R4Z2,179.08730873677086,0.0,135.0,79.18030643020877,45.36699666214976,0.0,0.0,0.0,30.48055482531771,0.0,0.0,0.0,197.09550736442083,0.0,0.0,0.0,0.0,0.0,0.0
69,17.25,R4Z3,154.59938656091092,0.0,0.0,28.504420758139503,151.15330469813787,3.552713678800501e-15,0.0,0.0,30.48055482531771,0.0,0.0,0.0,100.74102795920201,0.0,0.0,0.0,0.0,0.0,0.0
70,17.5,R1Z1,93.45198456042165,0.0,135.0,40.997562303259116,222.45192729825717,-1.4210854715202004e-14,0.0,0.0,25.51194860202571,0.0,0.0,0.0,72.26510997717655,0.0,0.0,0.0,0.0,0.0,0.0
70,17.5,R1Z2,148.6837385313265,0.0,135.0,15.528865903913243,160.0,-1.7763568394002505e-15,0.0,0.0,0.0,0.0,0.0,0.0,60.433604848068896,0.0,0.0,0.0,0.0,0.0,0.0
70,17.5,R1Z3,217.9641553766665,0.0,0.0,38.229644548781195,41.70790970817306,-7.105427357601002e-15,0.0,0.0,0.0,0.0,0.0,0.0,0.0,0.0,0.0,0.0,17.750932944289108,0.0,0.0
70,17.5,R1Z4,206.8361447226231,0.0,0.0,66.28594154809181,70.82681008397867,0.0,0.0,0.0,0.0,0.0,0.0,36.500955091172,74.12483882431707,0.0,0.0,0.0,33.68934244331814,0.0,0.0
70,17.5,R1Z5,242.4438838483073,0.0,0.0,38.9208002198204,55.944020850815555,0.0,0.0,0.0,25.51194860202571,0.0,0.0,90.0,118.20462742616304,0.0,0.0,0.0,19.74455440853203,0.0,0.0
70,17.5,R1Z6,208.85175651422333,0.0,0.0,44.60329637026231,164.93366092059847,-7.105427357601002e-15,0.0,0.0,12.755974301012856,0.0,0.0,0.0,125.63290673020657,0.0,0.0,0.0,17.008822018346645,0.0,0.0
70,17.5,R1Z7,160.14086372006167,0.0,0.0,34.75189302068242,30.74920687869195,7.105427357601002e-15,0.0,0.0,0.0,0.0,0.0,0.0,97.07165385476229,0.0,0.0,0.0,13.041822076767337,0.0,0.0
70,17.5,R2Z1,102.760050970214,0.0,135.0,76.087221940291,127.858391815205,0.0,0.0,0.0,25.51194860202571,0.0,0.0,0.0,0.0,80.0,80.0,477.8950857762646,0.0,0.0,0.0
70,17.5,R2Z2,204.18008153773312,0.0,135.0,24.95947626317944,61.8581144672857,3.552713678800501e-15,0.0,0.0,12.755974301012856,0.0,0.0,0.0,100.04769868805519,0.0,0.0,0.0,0.0,0.0,0.0
70,17.5,R2Z3,78.95910180517002,0.0,0.0,0.0,0.0,72.16709528786714,127.96575853822867,0.0,25.51194860202571,0.0,0.0,0.0,96.83656775969942,0.0,0.0,0.0,0.0,0.0,0.0
70,17.5,R2Z4,137.5128836537073,0.0,0.0,19.21801274893913,121.53223249716,-7.105427357601002e-15,0.0,0.0,12.755974301012856,0.0,0.0,0.0,92.84257581733398,0.0,0.0,0.0,0.0,0.0,0.0
70,17.5,R2Z5,235.3879249013866,0.0,0.0,66.87650971467431,198.7233618368576,2.842170943040401e-14,0.0,0.0,0.0,0.0,0.0,0.0,94.25175267483459,0.0,0.0,0.0,0.0,0.0,0.0
70,17.5,R3Z1,179.89965888836977,0.0,135.0,0.0,50.25982457622001,63.30683298447151,26.13227371347736,0.0,12.755974301012856,0.0,0.0,0.0,0.0,0.0,0.0,0.0,0.0,0.0,0.0
70,17.5,R3Z2,150.0179554940651,0.0,0.0,65.89437304055286,36.418179499188476,0.0,0.0,0.0,25.51194860202571,0.0,0.0,0.0,86.06110789953915,0.0,0.0,0.0,0.0,0.0,0.0
70,17.5,R3Z3,102.41312675380378,0.0,0.0,0.0,0.0,65.07946601286396,240.0,0.0,25.51194860202571,0.0,0.0,0.0,0.0,0.0,0.0,0.0,0.0,0.0,0.0
70,17.5,R3Z4,94.51902029751407,0.0,0.0,49.28530733141061,65.03351126281022,0.0,0.0,0.0,12.755974301012856,0.0,0.6073961454855975,0.0,106.61061056047829,0.0,0.0,0.0,0.0,0.0,0.0
70,17.5,R3Z5,112.242355025841,0.0,0.0,10.266299057776592,142.98548414142945,36.384625973795515,0.0,0.0,0.0,0.0,0.0,0.0,0.0,0.0,0.0,0.0,0.0,0.0,0.0
70,17.5,R3Z6,144.6762344479916,0.0,0.0,63.78682385133382,107.02623847513476,-7.105427357601002e-15,0.0,0.0,0.0,0.0,0.0,0.0,0.0,0.0,0.0,0.0,0.0,0.0,0.0
70,17.5,R3Z7,142.7915485547578,0.0,0.0,59.605421080874386,52.20728401289875,7.105427357601002e-15,0.0,0.0,0.0,0.0,0.0,0.0,102.03333679870262,0.0,0.0,0.0,11.628899251927416,0.0,0.0
70,17.5,R3Z8,269.4243730374914,0.0,0.0,20.24643082900438,71.8661593888966,3.552713678800501e-15,0.0,0.0,25.51194860202571,0.0,0.0,8.54460056587331,92.24170166423345,0.0,0.0,0.0,21.94183704692586,0.0,0.0
70,17.5,R3Z9,215.09852434913157,0.0,0.0,40.89959085870474,68.77690758351044,7.105427357601002e-15,0.0,0.0,0.0,0.0,0.0,0.0,0.0,0.0,0.0,0.0,35.03511369141128,0.0,0.0
70,17.5,R3Z10,149.5682900537915,0.0,0.0,68.85335121107653,59.18756451609834,0.0,0.0,0.0,12.755974301012856,0.0,0.0,0.0,104.41978177764072,0.0,0.0,0.0,36.542384908409446,0.0,0.0
70,17.5,R4Z1,207.962848136963,0.0,135.0,0.0,0.0,50.83468889510443,163.13454656881652,0.0,12.755974301012856,0.0,0.0,0.0,201.20395757078762,0.0,0.0,0.0,0.0,0.0,0.0
70,17.5,R4Z2,187.04821026384838,0.0,135.0,64.67506665697034,64.94724464712239,0.0,0.0,0.0,12.755974301012856,0.0,0.0,0.0,196.82346361009832,0.0,0.0,0.0,0.0,0.0,0.0
70,17.5,R4Z3,117.03710517624161,0.0,0.0,27.68859061596558,73.40675720737482,7.105427357601002e-15,0.0,0.0,12.755974301012856,0.0,0.0,0.0,100.60197878539381,0.0,0.0,0.0,0.0,0.0,0.0
71,17.75,R1Z1,91.98500135429016,0.0,135.0,40.35800113597148,128.08231204727815,7.105427357601002e-15,0.0,0.0,25.87577111294614,0.0,0.0,0.0,72.1653650764043,0.0,0.0,0.0,0.0,0.0,0.0
71,17.75,R1Z2,138.7027158437523,0.0,135.0,18.52246216433298,131.91801649868896,1.0658141036401503e-14,0.0,0.0,0.0,0.0,0.0,0.0,60.350190543146596,0.0,0.0,0.0,0.0,0.0,0.0
71,17.75,R1Z3,212.60219961181627,0.0,0.0,36.16452209839839,57.07502132178627,0.0,0.0,0.0,0.0,0.0,0.0,0.0,0.0,0.0,0.0,0.0,17.314256936403225,0.0,0.0
71,17.75,R1Z4,176.14782162475052,0.0,0.0,46.858132951009196,93.66283177931422,-7.105427357601002e-15,0.0,0.0,0.0,0.0,0.0,90.0,50.80413747069339,0.0,0.0,0.0,28.690847488570814,0.0,0.0
71,17.75,R1Z5,303.30742902250006,0.0,0.0,31.539715170474636,42.26272072536355,7.105427357601002e-15,0.0,0.0,25.87577111294614,0.0,0.0,10.27721474364479,115.39013637868818,0.0,0.0,0.0,24.701262575853303,0.0,0.0
71,17.75,R1Z6,200.5884878699964,0.0,0.0,49.054599131378986,55.541560708446376,-7.105427357601002e-15,0.0,0.0,12.93788555647307,0.0,0.0,90.0,102.24111066540256,0.0,0.0,0.0,16.335863992973906,0.0,0.0
71,17.75,R1Z7,167.82458211640943,0.0,0.0,29.21154166061541,44.75550718167733,7.105427357601002e-15,0.0,0.0,0.0,0.0,0.0,0.0,96.9376693844612,0.0,0.0,0.0,13.667581710412911,61.2644152532079,0.0
71,17.75,R2Z1,151.21688964973853,0.0,135.0,68.77774163359271,204.16007093497376,1.4210854715202004e-14,0.0,0.0,25.87577111294614,0.0,0.0,0.0,0.0,80.0,80.0,474.9460197352254,0.0,0.0,0.0
71,17.75,R2Z2,253.12169477382122,0.0,135.0,17.660996986114327,66.6800920546456,-3.552713678800501e-15,0.0,0.0,12.93788555647307,0.0,0.0,0.0,99.90960649140202,0.0,0.0,0.0,0.0,0.0,0.0
71,17.75,R2Z3,87.66686534740415,0.0,0.0,75.06877288972908,127.09765535186523,1.4210854715202004e-14,0.0,0.0,25.87577111294614,0.0,0.0,0.0,96.70290777017796,0.0,0.0,0.0,0.0,0.0,0.0
71,17.75,R2Z4,116.17071346103234,0.0,0.0,0.0,0.0,19.90593105312657,104.77170215324973,0.0,12.93788555647307,0.0,0.0,0.0,92.71442858950488,0.0,0.0,0.0,0.0,0.0,0.0
71,17.75,R2Z5,224.3981878964616,0.0,0.0,0.0,162.206493546141,76.26205930932657,8.672485535388972,0.0,0.0,0.0,0.0,0.0,94.12166041148468,0.0,0.0,0.0,0.0,0.0,0.0
71,17.75,R3Z1,215.56192056341146,0.0,135.0,49.4199899418585,65.94681412726874,0.0,0.0,0.0,12.93788555647307,0.0,0.0,0.0,0.0,0.0,0.0,0.0,0.0,0.0,0.0
71,17.75,R3Z2,126.6014466468197,0.0,0.0,40.81906637924017,38.83166394927399,7.902137546264889,0.0,0.0,25.87577111294614,0.0,0.0,0.0,85.94232088502412,0.0,0.0,0.0,0.0,0.0,0.0
71,17.75,R3Z3,129.20604342597758,0.0,0.0,61.63844238896986,62.766775129421,-7.105427357601002e-15,0.0,0.0,25.87577111294614,0.0,0.0,0.0,0.0,0.0,0.0,0.0,0.0,0.0,0.0
71,17.75,R3Z4,86.98660710466346,0.0,0.0,0.0,74.656117693676,32.87150197472603,63.170500858236394,0.0,12.93788555647307,0.0,0.6073961454855975,0.0,106.61061056047829,0.0,0.0,0.0,0.0,0.0,0.0
71,17.75,R3Z5,116.91742115147956,0.0,0.0,0.0,94.33933647782762,35.37071184467449,3.4453130971168804,0.0,0.0,0.0,0.0,0.0,0.0,0.0,0.0,0.0,0.0,0.0,0.0
71,17.75,R3Z6,161.11629718626276,0.0,0.0,49.902635249697965,133.79174661021673,7.105427357601002e-15,0.0,0.0,0.0,0.0,0.0,0.0,0.0,0.0,0.0,0.0,0.0,0.0,0.0
71,17.75,R3Z7,164.25310779785514,0.0,0.0,65.79455059203352,49.98327240335664,0.0,0.0,0.0,0.0,0.0,0.0,0.0,101.89250389804472,0.0,0.0,0.0,0.0,0.0,0.0
71,17.75,R3Z8,250.89009339508505,0.0,0.0,18.213144853147412,161.00885882810906,7.105427357601002e-15,0.0,0.0,25.87577111294614,0.0,0.0,0.0,92.1143838011254,0.0,0.0,0.0,0.0,0.0,0.0
71,17.75,R3Z9,194.44422682729873,0.0,0.0,52.08761870631004,43.50057206108845,7.105427357601002e-15,0.0,0.0,0.0,0.0,0.0,0.0,0.0,0.0,0.0,0.0,8.415696647950583,0.0,0.0
71,17.75,R3Z10,124.95027726546923,0.0,0.0,63.71378329655916,49.72728308121182,0.0,0.0,0.0,12.93788555647307,0.0,0.0,0.0,104.2756549538476,0.0,0.0,0.0,0.0,0.0,0.0
71,17.75,R4Z1,226.42303056972207,0.0,135.0,52.13665439149892,184.01971886387085,7.105427357601002e-15,0.0,0.0,12.93788555647307,0.0,0.0,0.0,200.92624307219737,0.0,0.0,0.0,0.0,0.0,0.0
71,17.75,R4Z2,137.6593308825784,0.0,135.0,0.0,0.0,48.01130758717851,68.5557761078615,0.0,12.93788555647307,0.0,0.0,0.0,196.5517953478672,0.0,0.0,0.0,0.0,0.0,0.0
71,17.75,R4Z3,135.43254047837965,0.0,0.0,0.0,0.0,33.27849153708922,126.90897715911886,0.0,12.93788555647307,0.0,0.0,0.0,100.46312153609868,0.0,0.0,0.0,0.0,0.0,0.0
72,18.0,R1Z1,120.82964965558472,0.0,135.0,25.04640256212204,112.67317235461371,1.0658141036401503e-14,0.0,0.0,56.55727682830036,0.0,0.0,0.0,72.06575784988776,0.0,0.0,0.0,0.0,0.0,0.0
72,18.0,R1Z2,164.03448716848138,0.0,135.0,17.197818677910846,83.56348155950663,0.0,0.0,0.0,0.0,0.0,0.0,0.0,60.26689137195301,0.0,0.0,0.0,0.0,0.0,0.0
72,18.0,R1Z3,173.21930876089937,0.0,0.0,31.870746247996927,51.52907341391418,0.0,0.0,0.0,0.0,0.0,0.0,0.0,0.0,0.0,0.0,0.0,14.106926568532467,0.0,0.0
72,18.0,R1Z4,164.18460495428764,0.0,0.0,59.44795976932663,115.61781963306827,7.105427357601002e-15,0.0,0.0,0.0,0.0,14.725803782645812,0.0,54.30155923026724,0.0,0.0,0.0,26.742286207488526,0.0,0.0
72,18.0,R1Z5,268.76740550756955,0.0,0.0,37.05266185828245,45.266702058066926,-7.105427357601002e-15,0.0,0.0,56.55727682830036,0.0,0.0,0.0,115.23086757377217,0.0,0.0,0.0,21.88833381585529,0.0,0.0
72,18.0,R1Z6,191.4476090575405,0.0,0.0,44.9964615363358,158.57482160018316,-7.105427357601002e-15,0.0,0.0,28.27863841415018,0.0,0.0,0.0,102.09999098203964,0.0,0.0,0.0,15.591433668770476,0.0,0.0
72,18.0,R1Z7,174.1296802867289,0.0,0.0,28.351422359404097,53.14151328134889,7.105427357601002e-15,0.0,0.0,0.0,0.0,0.0,0.0,96.8038698480473,0.0,0.0,0.0,14.181066942124923,0.0,0.0
72,18.0,R2Z1,111.95340681422526,0.0,135.0,0.0,97.23186499388271,64.58950370500663,126.0500790398836,0.0,56.55727682830036,0.0,0.0,0.0,0.0,80.0,80.0,471.9979507556544,0.0,0.0,0.0
72,18.0,R2Z2,220.08167523954512,0.0,135.0,0.0,0.0,15.96961565551538,73.18271303389378,0.0,28.27863841415018,0.0,0.0,0.0,99.77170489838117,0.0,0.0,0.0,0.0,0.0,0.0
72,18.0,R2Z3,92.89516354237085,0.0,0.0,70.18216334957415,113.85169775445209,-1.4210854715202004e-14,0.0,0.0,56.55727682830036,0.0,0.0,0.0,96.56943226667468,0.0,0.0,0.0,0.0,0.0,0.0
72,18.0,R2Z4,116.50700058384861,0.0,0.0,0.0,0.0,19.717944350541078,104.84067741435071,0.0,28.27863841415018,0.0,0.0,0.0,92.58645823862965,0.0,0.0,0.0,0.0,0.0,0.0
72,18.0,R2Z5,204.44389462059974,0.0,0.0,77.464725004092,153.32533537172324,1.4210854715202004e-14,0.0,0.0,0.0,0.0,0.0,0.0,93.99174770975036,0.0,0.0,0.0,0.0,0.0,0.0
72,18.0,R3Z1,185.84584642566364,0.0,135.0,0.0,0.0,68.5469843763825,132.52691872202132,0.0,28.27863841415018,0.0,0.0,0.0,0.0,0.0,0.0,0.0,0.0,0.0,0.0
72,18.0,R3Z2,90.63861898182417,0.0,0.0,0.0,34.081342153523806,68.28523616794143,19.292718391389656,0.0,56.55727682830036,0.0,0.0,0.0,85.82369782790124,0.0,0.0,0.0,0.0,0.0,0.0
72,18.0,R3Z3,173.53418003832243,0.0,0.0,39.199004454676256,77.77789875534582,27.953306311346907,0.0,0.0,56.55727682830036,0.0,0.0,0.0,0.0,0.0,0.0,0.0,0.0,0.0,0.0
72,18.0,R3Z4,110.65693320435332,0.0,0.0,0.0,32.66604111136219,37.989545810528774,31.915454723523325,0.0,28.27863841415018,0.0,0.6073961454855975,0.0,106.61061056047829,0.0,0.0,0.0,0.0,0.0,0.0
72,18.0,R3Z5,129.63599521764317,0.0,0.0,39.33836128318478,140.61728375878494,-7.105427357601002e-15,0.0,0.0,0.0,0.0,0.0,0.0,0.0,0.0,0.0,0.0,0.0,0.0,0.0
72,18.0,R3Z6,129.15436168622256,0.0,0.0,52.318354694353744,71.24028525109851,7.105427357601002e-15,0.0,0.0,0.0,0.0,0.0,0.0,0.0,0.0,0.0,0.0,0.0,0.0,0.0
72,18.0,R3Z7,109.16503194780101,0.0,0.0,60.357092239049024,62.421194332459905,0.0,0.0,0.0,0.0,0.0,8.017532882937616,0.0,103.694231903133,0.0,0.0,0.0,0.0,0.0,0.0
72,18.0,R3Z8,271.9027848099147,0.0,0.0,17.295010438048166,136.64154532428876,1.4210854715202004e-14,0.0,0.0,56.55727682830036,0.0,0.0,0.0,91.98724167022928,0.0,0.0,0.0,8.007343531937408,0.0,0.0
72,18.0,R3Z9,216.45949887989323,0.0,0.0,53.498974164714205,0.0,0.0,0.0,0.0,0.0,0.0,0.0,0.0,0.0,0.0,0.0,0.0,0.0,0.0,0.0
72,18.0,R3Z10,125.82307286045227,0.0,0.0,66.40126918160463,64.22603052069421,-1.4210854715202004e-14,0.0,0.0,28.27863841415018,0.0,0.0,0.0,104.131727063063,0.0,0.0,0.0,0.0,0.0,0.0
72,18.0,R4Z1,194.9357883601847,0.0,135.0,0.0,0.0,42.8818482340284,186.2573808621514,0.0,28.27863841415018,0.0,0.0,0.0,200.6489118928204,0.0,0.0,0.0,0.0,0.0,0.0
72,18.0,R4Z2,165.91022891900576,0.0,135.0,49.233052670369915,80.0,7.105427357601002e-15,0.0,0.0,28.27863841415018,0.0,0.0,0.0,196.28050205944942,0.0,0.0,0.0,0.0,0.0,0.0
72,18.0,R4Z3,154.2223521882474,0.0,0.0,17.62281607183519,160.0,13.157749748479745,0.0,0.0,28.27863841415018,0.0,0.0,0.0,100.3244559464102,0.0,0.0,0.0,0.0,0.0,0.0
73,18.25,R1Z1,125.97555000614008,0.0,135.0,19.787445640873358,132.9665549822679,-1.0658141036401503e-14,0.0,0.0,45.80317753069142,0.0,0.0,0.0,71.96628810760018,0.0,0.0,0.0,0.0,0.0,0.0
73,18.25,R1Z2,141.44172007409273,0.0,135.0,12.507628353374116,83.32440893247659,3.552713678800501e-15,0.0,0.0,0.0,0.0,0.0,0.0,60.18370717557323,0.0,0.0,0.0,0.0,0.0,0.0
73,18.25,R1Z3,186.95055521031782,0.0,0.0,29.514109280765503,22.895486152671864,0.0,0.0,0.0,0.0,0.0,0.0,0.0,0.0,0.0,0.0,0.0,15.225195003743389,0.0,0.0
73,18.25,R1Z4,150.54731816399345,0.0,0.0,43.20562421993591,4.156932513837184,0.0,0.0,0.0,0.0,0.0,0.0,0.0,54.226608764698,0.0,0.0,0.0,24.521053427830605,0.0,0.0
73,18.25,R1Z5,278.1643253237907,0.0,0.0,33.23087940601637,45.305951546002106,7.105427357601002e-15,0.0,0.0,45.80317753069142,0.0,0.0,0.0,115.07181860179003,0.0,0.0,0.0,22.65361603967942,241.29653617727394,0.0
73,18.25,R1Z6,223.59143749328774,0.0,0.0,50.68930936945304,167.74123088141863,-1.4210854715202004e-14,0.0,0.0,22.90158876534571,0.0,0.0,0.0,101.95906608103877,0.0,0.0,0.0,18.209217047646014,0.0,0.0
73,18.25,R1Z7,175.95668029843105,0.0,0.0,23.200387794512167,7.0508959322878155,0.0,0.0,0.0,0.0,0.0,0.0,0.0,96.67025499026306,0.0,0.0,0.0,14.329857254187456,0.0,0.0
73,18.25,R2Z1,117.7528510852523,0.0,135.0,0.0,0.0,54.09315702650599,214.1208331720807,0.0,45.80317753069142,0.0,0.0,0.0,0.0,80.0,80.0,469.05087850045123,0.0,0.0,0.0
73,18.25,R2Z2,229.28534578111172,0.0,135.0,13.275495402386085,76.7140097517709,-3.552713678800501e-15,0.0,0.0,22.90158876534571,0.0,0.0,0.0,99.6339936459094,0.0,0.0,0.0,0.0,0.0,0.0
73,18.25,R2Z3,91.77050147180861,0.0,0.0,69.4732501258222,91.6381740919999,0.0,0.0,0.0,45.80317753069142,0.0,0.0,0.0,96.43614099455021,0.0,0.0,0.0,0.0,0.0,0.0
73,18.25,R2Z4,119.10802623245553,0.0,0.0,15.332091633708387,136.18680781406866,-1.2434497875801753e-14,0.0,0.0,22.90158876534571,0.0,0.0,0.0,92.45866452057147,0.0,0.0,0.0,0.0,0.0,0.0
73,18.25,R2Z5,213.0179172231572,0.0,0.0,0.0,29.73864907663497,55.112012932522006,154.11561954075287,0.0,0.0,0.0,0.0,0.0,93.86201432178927,0.0,0.0,0.0,0.0,0.0,0.0
73,18.25,R3Z1,186.25375443692175,0.0,135.0,43.980731500051334,59.66617330799856,-7.105427357601002e-15,0.0,0.0,22.90158876534571,0.0,0.0,0.0,0.0,0.0,0.0,0.0,0.0,0.0,0.0
73,18.25,R3Z2,154.6802252282287,0.0,0.0,0.0,0.0,48.701574621217155,44.621665625088696,0.0,45.80317753069142,0.0,0.0,0.0,85.7052385018661,0.0,0.0,0.0,0.0,0.0,0.0
73,18.25,R3Z3,144.5388317952427,0.0,0.0,40.543760282887945,100.67530314677296,37.9187569196272,0.0,0.0,45.80317753069142,0.0,0.0,0.0,0.0,0.0,0.0,0.0,0.0,0.0,0.0
73,18.25,R3Z4,74.52212712832808,0.0,0.0,16.947452922738194,95.15406890865897,0.0,0.0,0.0,22.90158876534571,0.0,0.6073961454855975,0.0,106.61061056047829,0.0,0.0,0.0,0.0,0.0,0.0
73,18.25,R3Z5,122.22935001258173,0.0,0.0,39.11688274024465,108.26017606542135,-7.105427357601002e-15,0.0,0.0,0.0,0.0,0.0,0.0,0.0,0.0,0.0,0.0,0.0,0.0,0.0
73,18.25,R3Z6,148.25839126624223,0.0,0.0,60.557055506885376,108.22483849113951,-7.105427357601002e-15,0.0,0.0,0.0,0.0,0.0,0.0,0.0,0.0,0.0,0.0,0.0,0.0,0.0
73,18.25,R3Z7,141.19206783294376,0.0,0.0,65.23630126106679,45.79703891604602,0.0,0.0,0.0,0.0,0.0,0.0,0.0,103.55110652942086,0.0,0.0,0.0,0.0,0.0,0.0
73,18.25,R3Z8,271.73891697969196,0.0,0.0,19.018154165744505,230.44631005104304,0.0,0.0,0.0,45.80317753069142,0.0,24.44852543727103,0.0,97.78329373649018,0.0,0.0,0.0,0.0,0.0,0.0
73,18.25,R3Z9,195.41025451064795,0.0,0.0,37.86590769697621,42.54685456002407,7.105427357601002e-15,0.0,0.0,0.0,0.0,0.0,0.0,0.0,0.0,0.0,0.0,0.0,0.0,0.0
73,18.25,R3Z10,148.74898794890095,0.0,0.0,40.772702514088934,47.87144910190669,0.0,0.0,0.0,22.90158876534571,0.0,0.0,0.0,103.9879978307069,0.0,0.0,0.0,0.0,0.0,0.0
73,18.25,R4Z1,218.09811139146973,0.0,135.0,35.501868063027956,205.65472903716474,-7.105427357601002e-15,0.0,0.0,22.90158876534571,0.0,0.0,0.0,200.37196350357516,0.0,0.0,0.0,0.0,0.0,0.0
73,18.25,R4Z2,173.18748541212793,0.0,135.0,0.0,0.0,36.48593575802098,24.146949412722762,0.0,22.90158876534571,0.0,0.0,0.0,196.00958322728226,0.0,0.0,0.0,0.0,0.0,0.0
73,18.25,R4Z3,176.30033665124947,0.0,0.0,0.0,134.3479845758351,26.613993109135095,0.2165584622524932,0.0,22.90158876534571,0.0,0.0,0.0,100.18598175178758,0.0,0.0,0.0,0.0,0.0,0.0
74,18.5,R1Z1,119.0927553277602,0.0,135.0,39.563860507476804,108.11799985011085,-1.4210854715202004e-14,0.0,0.0,54.55588330928763,0.0,0.0,0.0,71.86695565977706,0.0,0.0,0.0,0.0,0.0,0.0
74,18.5,R1Z2,139.0830223053603,0.0,135.0,16.004911718434315,99.86918369383277,0.0,0.0,0.0,0.0,0.0,0.0,0.0,60.10063779531173,0.0,0.0,0.0,0.0,0.0,0.0
74,18.5,R1Z3,187.26660068444673,0.0,0.0,26.95057899577872,50.651246806014676,-3.552713678800501e-15,0.0,0.0,0.0,0.0,0.0,0.0,0.0,0.0,0.0,0.0,15.25093364874634,0.0,0.0
74,18.5,R1Z4,187.07760515446034,0.0,0.0,50.23211262569322,98.14170736125246,7.105427357601002e-15,0.0,0.0,0.0,0.0,0.0,0.0,54.15176175052811,0.0,0.0,0.0,30.471083823267197,0.0,0.0
74,18.5,R1Z5,259.82391869245146,0.0,0.0,40.178000748150666,21.558945179070218,7.105427357601002e-15,0.0,0.0,54.55588330928763,0.0,0.0,0.0,114.91298915931436,0.0,0.0,0.0,21.15997903445122,0.0,0.0
74,18.5,R1Z6,215.80855781696147,0.0,0.0,46.38186114849378,161.48104214822138,-1.4210854715202004e-14,0.0,0.0,27.277941654643815,0.0,0.0,0.0,101.81833569354892,0.0,0.0,0.0,17.57538175023579,0.0,0.0
74,18.5,R1Z7,179.07612946003718,0.0,0.0,26.543249669117948,49.66761493337969,0.0,0.0,0.0,0.0,0.0,0.0,0.0,96.53682455620329,0.0,0.0,0.0,14.583904222575896,93.11207660345426,0.0
74,18.5,R2Z1,127.73254414699602,0.0,135.0,0.0,0.0,52.88407230700501,234.43852759061767,0.0,54.55588330928763,0.0,0.0,0.0,0.0,80.0,80.0,466.1048026326293,0.0,0.0,0.0
74,18.5,R2Z2,228.89298056986567,0.0,135.0,0.0,0.0,15.573940048998601,47.533262888432155,0.0,27.277941654643815,0.0,0.0,0.0,99.49647247126657,0.0,0.0,0.0,0.0,0.0,0.0
74,18.5,R2Z3,109.13822196370796,0.0,0.0,55.279926697800406,124.97271301615059,7.105427357601002e-15,0.0,0.0,54.55588330928763,0.0,0.0,0.0,96.30303369951673,0.0,0.0,0.0,0.0,0.0,0.0
74,18.5,R2Z4,106.01271136240233,0.0,0.0,3.8979934754808028,129.39268381614403,12.02457262783232,0.0,0.0,27.277941654643815,0.0,0.0,0.0,92.3310471915305,0.0,0.0,0.0,0.0,0.0,0.0
74,18.5,R2Z5,225.75479101709632,0.0,0.0,54.21695452175882,174.59089599846277,-7.105427357601002e-15,0.0,0.0,0.0,0.0,0.0,0.0,93.73246000010116,0.0,0.0,0.0,0.0,0.0,0.0
74,18.5,R3Z1,197.17016604697835,0.0,135.0,0.0,0.0,34.915850158708444,122.45508044828084,0.0,27.277941654643815,0.0,0.0,0.0,0.0,0.0,0.0,0.0,0.0,0.0,0.0
74,18.5,R3Z2,119.96608112053632,0.0,0.0,49.06556228546523,41.25376881762251,7.105427357601002e-15,0.0,0.0,54.55588330928763,0.0,0.0,0.0,85.58694268092664,0.0,0.0,0.0,0.0,0.0,0.0
74,18.5,R3Z3,134.73036582547246,0.0,0.0,56.95442580099072,155.98397467672282,0.0,0.0,0.0,54.55588330928763,0.0,0.0,0.0,0.0,0.0,0.0,0.0,0.0,0.0,0.0
74,18.5,R3Z4,93.18401024418871,0.0,0.0,0.0,66.5134647350305,17.967323525702188,61.21474102620445,0.0,27.277941654643815,0.0,0.6073961454855975,0.0,106.61061056047829,0.0,0.0,0.0,0.0,0.0,0.0
74,18.5,R3Z5,122.50658646250999,0.0,0.0,30.031644534631056,77.2000023214895,-3.552713678800501e-15,0.0,0.0,0.0,0.0,0.0,0.0,0.0,0.0,0.0,0.0,0.0,0.0,0.0
74,18.5,R3Z6,128.4232989066909,0.0,0.0,32.55596151024608,78.76182302784179,7.105427357601002e-15,0.0,0.0,0.0,0.0,0.0,0.0,0.0,0.0,0.0,0.0,0.0,0.0,0.0
74,18.5,R3Z7,175.57449384432445,0.0,0.0,48.71036192394667,52.5983818990614,0.0,0.0,0.0,0.0,0.0,0.0,0.0,103.40817870645215,0.0,0.0,0.0,0.0,0.0,0.0
74,18.5,R3Z8,232.91125073696435,0.0,0.0,18.98745036863454,194.92184406469283,0.0,0.0,0.0,54.55588330928763,0.0,0.0,0.0,97.64832701556482,0.0,0.0,0.0,0.0,0.0,0.0
74,18.5,R3Z9,216.65658629827547,0.0,0.0,46.82366947993343,65.21196658236273,7.105427357601002e-15,0.0,0.0,0.0,0.0,0.0,0.0,0.0,0.0,0.0,0.0,0.0,0.0,0.0
74,18.5,R3Z10,147.86230938646676,0.0,0.0,68.90693386554676,43.967518197942525,0.0,0.0,0.0,27.277941654643815,0.0,0.0,0.0,103.84446698257833,0.0,0.0,0.0,0.14387474844886583,0.0,0.0
74,18.5,R4Z1,221.4681086055711,0.0,135.0,0.0,188.3389230284649,42.61993358433114,37.27036725969316,0.0,27.277941654643815,0.0,0.0,0.0,200.09539737611038,0.0,0.0,0.0,0.0,0.0,0.0
74,18.5,R4Z2,143.1969047536302,0.0,135.0,0.0,0.0,51.74482286296444,77.33599288802861,0.0,27.277941654643815,0.0,0.0,0.0,195.7390383345174,0.0,0.0,0.0,0.0,0.0,0.0
74,18.5,R4Z3,146.8734472240802,0.0,0.0,0.0,0.0,20.071208722734486,57.3494106038693,0.0,27.277941654643815,0.0,0.0,0.0,100.04769868805519,0.0,0.0,0.0,0.0,0.0,0.0
75,18.75,R1Z1,111.22939928550252,0.0,135.0,29.327384524911764,160.12742158360035,7.105427357601002e-15,0.0,0.0,27.94434644602382,0.0,0.0,0.0,71.76776031691587,0.0,0.0,0.0,0.0,0.0,0.0
75,18.75,R1Z2,142.92462312828357,0.0,135.0,14.678756789826807,127.53076694349816,-5.329070518200751e-15,0.0,0.0,0.0,0.0,0.0,0.0,60.01768307269198,0.0,0.0,0.0,0.0,0.0,0.0
75,18.75,R1Z3,206.13661658624548,0.0,0.0,23.601502751411573,51.01507977621287,-3.552713678800501e-15,0.0,0.0,0.0,0.0,0.0,0.0,0.0,0.0,0.0,0.0,16.78770186805125,0.0,0.0
75,18.75,R1Z4,182.6078482665562,0.0,0.0,54.15070965575191,101.9838080841964,1.4210854715202004e-14,0.0,0.0,0.0,0.0,0.0,0.0,54.07701804496737,0.0,0.0,0.0,29.74305260494739,0.0,0.0
75,18.75,R1Z5,281.4763677634981,0.0,0.0,25.56567188882994,40.57433351384282,-7.105427357601002e-15,0.0,0.0,27.94434644602382,0.0,0.0,0.0,114.75437894333658,0.0,0.0,0.0,22.923347744666817,0.0,0.0
75,18.75,R1Z6,196.16580036366986,0.0,0.0,29.00669774173076,161.04932820223334,-1.0658141036401503e-14,0.0,0.0,13.97217322301191,0.0,0.0,0.0,101.67779955109019,0.0,0.0,0.0,15.975681699593236,181.18901098203767,0.0
75,18.75,R1Z7,184.9881514877486,0.0,0.0,25.477488714236763,32.07020396878775,0.0,0.0,0.0,0.0,0.0,0.0,0.0,96.40357829131464,0.0,0.0,0.0,15.065377455629795,0.0,0.0
75,18.75,R2Z1,107.15902346890095,0.0,135.0,0.0,24.870411017502406,55.22492968696176,143.23558397349916,0.0,27.94434644602382,0.0,0.0,0.0,0.0,80.0,80.0,463.15972281531606,0.0,0.0,0.0
75,18.75,R2Z2,248.4791446062336,0.0,135.0,20.380608864837598,80.0,7.105427357601002e-15,0.0,0.0,13.97217322301191,0.0,0.0,0.0,99.35914111209519,0.0,0.0,0.0,0.0,0.0,0.0
75,18.75,R2Z3,119.94785789694247,0.0,0.0,55.832482610911114,137.9209255102886,0.0,0.0,0.0,27.94434644602382,0.0,0.0,0.0,96.17011012763733,0.0,0.0,0.0,0.0,0.0,0.0
75,18.75,R2Z4,102.40783020187813,0.0,0.0,0.0,88.43565697886622,17.704615841459,37.64609843316168,0.0,13.97217322301191,0.0,0.0,0.0,92.2036060080434,0.0,0.0,0.0,0.0,0.0,0.0
75,18.75,R2Z5,243.42043888940415,0.0,0.0,0.0,60.14117074288191,58.87465930489185,65.84114757049375,0.0,0.0,0.0,0.0,0.0,93.60308449752735,0.0,0.0,0.0,0.0,0.0,0.0
75,18.75,R3Z1,165.05612292202318,0.0,135.0,30.994802348100478,117.24889163233539,3.552713678800501e-15,0.0,0.0,13.97217322301191,0.0,0.0,0.0,0.0,0.0,0.0,0.0,0.0,0.0,0.0
75,18.75,R3Z2,135.5719489844416,0.0,0.0,0.0,0.0,36.603958785813795,52.16685870542105,0.0,27.94434644602382,0.0,0.0,0.0,85.46881013940272,0.0,0.0,0.0,0.0,0.0,0.0
75,18.75,R3Z3,142.71237421375275,0.0,0.0,30.21377810682,143.36417150824542,0.0,0.0,0.0,27.94434644602382,0.0,0.0,0.0,0.0,0.0,0.0,0.0,0.0,0.0,0.0
75,18.75,R3Z4,98.17534841569928,0.0,0.0,22.15673514484368,115.53414951553853,9.482171445980555,0.0,0.0,13.97217322301191,0.0,0.6073961454855975,0.0,106.61061056047829,0.0,0.0,0.0,0.0,0.0,0.0
75,18.75,R3Z5,119.70944345830708,0.0,0.0,29.491752055627344,83.56170147278749,0.0,0.0,0.0,0.0,0.0,0.0,0.0,0.0,0.0,0.0,0.0,0.0,0.0,0.0
75,18.75,R3Z6,133.6021847832189,0.0,0.0,49.23704949789976,138.07801644918106,-7.105427357601002e-15,0.0,0.0,0.0,0.0,0.0,0.0,0.0,0.0,0.0,0.0,0.0,0.0,0.0
75,18.75,R3Z7,174.0397568375123,0.0,0.0,43.31592595948729,47.904383239202076,0.0,0.0,0.0,0.0,0.0,0.0,27.751344502314794,96.10609786349663,0.0,0.0,0.0,14.17374360442105,0.0,0.0
75,18.75,R3Z8,240.85660106112368,0.0,0.0,11.53840600900591,116.27728000629526,3.552713678800501e-15,0.0,0.0,27.94434644602382,0.0,0.0,0.0,97.51354658429142,0.0,0.0,0.0,19.615286592591236,0.0,0.0
75,18.75,R3Z9,236.0167116372631,0.0,0.0,18.77140873589846,63.068702553052205,-3.552713678800501e-15,0.0,0.0,0.0,0.0,0.0,0.0,0.0,0.0,0.0,0.0,38.44225500990951,0.0,0.0
75,18.75,R3Z10,165.24916049314194,0.0,0.0,42.19706393641209,62.537121538850116,0.0,0.0,0.0,13.97217322301191,0.0,0.0,45.0,92.0919394764448,0.0,0.0,0.0,40.37352052604311,0.0,0.0
75,18.75,R4Z1,236.18234606990484,0.0,135.0,31.623965427657282,121.58988518549117,-3.552713678800501e-15,0.0,0.0,13.97217322301191,0.0,0.0,0.0,199.81921298280403,0.0,0.0,0.0,0.0,0.0,0.0
75,18.75,R4Z2,129.07976209107645,0.0,135.0,36.31741283702907,57.156411477862164,7.105427357601002e-15,0.0,0.0,13.97217322301191,0.0,0.0,0.0,195.46886686501992,0.0,0.0,0.0,0.0,0.0,0.0
75,18.75,R4Z3,127.79329949492376,0.0,0.0,0.0,81.07462757604745,19.44821122138859,45.57396209273455,0.0,13.97217322301191,0.0,0.0,0.0,99.90960649140202,0.0,0.0,0.0,0.0,0.0,0.0
76,19.0,R1Z1,73.79830810747734,0.0,135.0,26.815424665845555,118.27394414569254,3.552713678800501e-15,0.0,0.0,62.20518638363294,0.0,0.0,0.0,71.6687018897756,0.0,0.0,0.0,0.0,0.0,0.0
76,19.0,R1Z2,181.98556823366073,0.0,135.0,11.78033798745755,26.90697429028451,0.0,0.0,0.0,0.0,0.0,0.0,8.298255955918677,57.79404130211449,0.0,0.0,0.0,0.0,0.0,0.0
76,19.0,R1Z3,201.5588689848609,0.0,0.0,23.424212580482504,46.065835947464095,-3.552713678800501e-15,0.0,0.0,0.0,0.0,0.0,0.0,0.0,0.0,0.0,0.0,16.414891528811605,115.65392892810272,0.0
76,19.0,R1Z4,177.69178906434632,0.0,0.0,36.867136461815406,87.03834165326705,0.0,0.0,0.0,0.0,0.0,0.0,0.0,54.00237750542266,0.0,0.0,0.0,28.942327943612323,0.0,0.0
76,19.0,R1Z5,260.5109649138378,0.0,0.0,27.037803808239005,38.8927320250891,0.0,0.0,0.0,62.20518638363294,0.0,0.0,0.0,114.59598765126631,0.0,0.0,0.0,21.215931864788764,0.0,0.0
76,19.0,R1Z6,186.67138558188094,0.0,0.0,34.69334500810365,122.57342815743465,0.0,0.0,0.0,31.10259319181647,0.0,0.0,0.0,101.53745738555322,0.0,0.0,0.0,15.20245951613121,0.0,0.0
76,19.0,R1Z7,194.51289316998952,0.0,0.0,18.94305266130295,58.74148556144117,7.105427357601002e-15,0.0,0.0,0.0,0.0,0.0,0.0,96.2705159413951,0.0,0.0,0.0,15.841069452421454,36.810870894436235,0.0
76,19.0,R2Z1,107.54527517943741,0.0,135.0,47.21492795514436,172.16497398852496,7.105427357601002e-15,0.0,0.0,62.20518638363294,0.0,0.0,0.0,0.0,80.0,80.0,460.21563871175283,0.0,0.0,0.0
76,19.0,R2Z2,208.89533843257001,0.0,135.0,0.0,0.0,12.438149351387285,62.49897771635399,0.0,31.10259319181647,0.0,0.0,0.0,99.22199930639985,0.0,0.0,0.0,0.0,0.0,0.0
76,19.0,R2Z3,112.9644914140143,0.0,0.0,48.96180598566352,118.5181459435995,-7.105427357601002e-15,0.0,0.0,62.20518638363294,0.0,0.0,0.0,96.03737002532563,0.0,0.0,0.0,0.0,0.0,0.0
76,19.0,R2Z4,120.34580837444314,0.0,0.0,14.012691736726396,89.62756867546699,-1.7763568394002505e-15,0.0,0.0,31.10259319181647,0.0,0.0,0.0,92.07634072698286,0.0,0.0,0.0,0.0,0.0,0.0
76,19.0,R2Z5,193.7592234422641,0.0,0.0,0.0,22.341583780442875,47.02125860870719,94.18884762193458,0.0,0.0,0.0,0.0,0.0,93.47388756725034,0.0,0.0,0.0,0.0,0.0,0.0
76,19.0,R3Z1,189.5873886197314,0.0,135.0,43.08548271358157,99.7012417501291,7.105427357601002e-15,0.0,0.0,31.10259319181647,0.0,0.0,0.0,0.0,0.0,0.0,0.0,0.0,0.0,0.0
76,19.0,R3Z2,115.98366276251795,0.0,0.0,0.0,0.0,42.22999168918664,23.476308035354833,0.0,62.20518638363294,0.0,0.0,0.0,85.35084065192571,0.0,0.0,0.0,0.0,0.0,0.0
76,19.0,R3Z3,128.7539920469329,0.0,0.0,43.69810890871915,138.48457050564528,1.4210854715202004e-14,0.0,0.0,62.20518638363294,0.0,0.0,0.0,0.0,0.0,0.0,0.0,0.0,0.0,0.0
76,19.0,R3Z4,135.63969240059012,0.0,0.0,13.765394435320204,114.04678887083597,1.7763568394002505e-15,0.0,0.0,31.10259319181647,0.0,0.6073961454855975,0.0,106.61061056047829,0.0,0.0,0.0,0.0,0.0,0.0
76,19.0,R3Z5,125.08980783458198,0.0,0.0,32.49071472363582,139.35305555829336,0.0,0.0,0.0,0.0,0.0,0.0,0.0,0.0,0.0,0.0,0.0,0.0,0.0,0.0
76,19.0,R3Z6,150.23395005723887,0.0,0.0,56.002329460139975,91.23352913263287,-1.4210854715202004e-14,0.0,0.0,0.0,0.0,0.0,0.0,0.0,0.0,0.0,0.0,0.0,0.0,0.0
76,19.0,R3Z7,178.45764385515375,0.0,0.0,24.271129082215566,61.51944102681425,0.0,0.0,0.0,0.0,0.0,0.0,0.0,95.97344611498299,0.0,0.0,0.0,0.0,0.0,0.0
76,19.0,R3Z8,197.58158274559503,0.0,0.0,11.062186589560724,216.94923708264236,-1.2434497875801753e-14,0.0,0.0,62.20518638363294,0.0,15.740178294786062,0.0,101.19224435069182,0.0,0.0,0.0,0.0,0.0,0.0
76,19.0,R3Z9,218.4864925978503,0.0,0.0,44.38770711274087,65.10249500466993,0.0,0.0,0.0,0.0,0.0,0.0,0.0,0.0,0.0,0.0,0.0,0.0,0.0,0.0
76,19.0,R3Z10,140.59774362749712,0.0,0.0,48.40354957429639,47.09089359687468,0.0,0.0,0.0,31.10259319181647,0.0,41.51195420643811,0.0,102.0217162944434,0.0,0.0,0.0,0.0,0.0,0.0
76,19.0,R4Z1,238.02450108066424,0.0,135.0,0.0,0.0,29.084857944063383,209.31052771563694,0.0,31.10259319181647,0.0,0.0,0.0,199.54340979676235,0.0,0.0,0.0,0.0,0.0,0.0
76,19.0,R4Z2,143.45004731472625,0.0,135.0,0.0,38.07657376162389,30.91734827189102,40.0398621419036,0.0,31.10259319181647,0.0,0.0,0.0,195.19906830336723,0.0,0.0,0.0,0.0,0.0,0.0
76,19.0,R4Z3,166.53321945890067,0.0,0.0,0.0,0.0,14.824357721394579,140.96584555811836,0.0,31.10259319181647,0.0,0.0,0.0,99.77170489838117,0.0,0.0,0.0,0.0,0.0,0.0
77,19.25,R1Z1,99.73124955024484,0.0,135.0,29.65882888144398,132.40370539930765,7.105427357601002e-15,0.0,0.0,41.583243759601395,0.0,0.0,0.0,71.56978018937649,0.0,0.0,0.0,0.0,0.0,0.0
77,19.25,R1Z2,163.20823299242042,0.0,135.0,10.363218979188204,81.65443222129618,3.552713678800501e-15,0.0,0.0,0.0,0.0,0.0,0.0,57.714270290671664,0.0,0.0,0.0,0.0,0.0,0.0
77,19.25,R1Z3,188.20123242292445,0.0,0.0,27.255359958199165,78.78632457142552,0.0,0.0,0.0,0.0,0.0,0.0,0.0,0.0,0.0,0.0,0.0,15.32704976650273,0.0,0.0
77,19.25,R1Z4,183.78829935070962,0.0,0.0,40.066343384907384,143.993201489624,0.0,0.0,0.0,0.0,0.0,0.0,0.0,53.927839989497684,0.0,0.0,0.0,29.935323742397582,0.0,0.0
77,19.25,R1Z5,265.21760445769957,0.0,0.0,28.290803033477943,49.953940362402136,3.552713678800501e-15,0.0,0.0,41.583243759601395,0.0,11.157467432951925,0.0,117.14087731911881,0.0,0.0,0.0,21.599239123689433,0.0,0.0
77,19.25,R1Z6,199.27571610502443,0.0,0.0,48.85292095800625,188.89393744487626,7.105427357601002e-15,0.0,0.0,20.791621879800697,0.0,48.47215988652761,0.0,113.1404101864732,0.0,0.0,0.0,16.228952269204903,0.0,0.0
77,19.25,R1Z7,147.37790990473053,0.0,0.0,22.282474438682314,74.36797413907824,-7.105427357601002e-15,0.0,0.0,0.0,0.0,0.0,0.0,96.13763725259356,0.0,0.0,0.0,12.002411092169936,0.0,0.0
77,19.25,R2Z1,117.27488340653979,0.0,135.0,0.0,0.0,52.971702522019655,210.63988887590224,0.0,41.583243759601395,0.0,0.0,0.0,0.0,80.0,80.0,457.27254998529475,0.0,0.0,0.0
77,19.25,R2Z2,231.97008029003524,0.0,135.0,0.0,16.659752741755256,15.298514389169128,36.58865951380483,0.0,20.791621879800697,0.0,0.0,0.0,99.0850467925468,0.0,0.0,0.0,0.0,0.0,0.0
77,19.25,R2Z3,95.35339939595195,0.0,0.0,44.87543150542109,77.16727004624707,7.105427357601002e-15,0.0,0.0,41.583243759601395,0.0,0.0,0.0,95.90481313934526,0.0,0.0,0.0,0.0,0.0,0.0
77,19.25,R2Z4,123.15422205756666,0.0,0.0,0.0,0.0,15.61424492116091,154.91952747133888,0.0,20.791621879800697,0.0,0.0,0.0,91.94925110555718,0.0,0.0,0.0,0.0,0.0,0.0
77,19.25,R2Z5,212.5410692652243,0.0,0.0,43.67690384911816,223.719324905498,2.1316282072803006e-14,0.0,0.0,0.0,0.0,0.0,0.0,93.34486896279327,0.0,0.0,0.0,0.0,0.0,0.0
77,19.25,R3Z1,162.05871773190174,0.0,135.0,42.015198649807346,98.23064385097298,0.0,0.0,0.0,20.791621879800697,0.0,0.0,0.0,0.0,0.0,0.0,0.0,0.0,0.0,0.0
77,19.25,R3Z2,113.7296932479954,0.0,0.0,61.87347252550172,39.01873854920944,0.0,0.0,0.0,41.583243759601395,0.0,0.0,0.0,85.23303399343804,0.0,0.0,0.0,0.0,0.0,0.0
77,19.25,R3Z3,138.88545976600105,0.0,0.0,0.0,97.30221600639965,40.79480340646433,11.494831449929634,0.0,41.583243759601395,0.0,0.0,0.0,0.0,0.0,0.0,0.0,0.0,0.0,0.0
77,19.25,R3Z4,107.46889831319366,0.0,0.0,0.0,87.28467257887856,27.00724088710232,44.87028249772912,0.0,20.791621879800697,0.0,0.6073961454855975,0.0,106.61061056047829,0.0,0.0,0.0,0.0,0.0,0.0
77,19.25,R3Z5,130.32695450185994,0.0,0.0,17.981060286418327,106.32571194216828,3.552713678800501e-15,0.0,0.0,0.0,0.0,0.0,0.0,0.0,0.0,0.0,0.0,0.0,0.0,0.0
77,19.25,R3Z6,127.05327786910063,0.0,0.0,45.59341948249009,78.09292855510093,-7.105427357601002e-15,0.0,0.0,0.0,0.0,0.0,0.0,0.0,0.0,0.0,0.0,9.387112104782972,0.0,0.0
77,19.25,R3Z7,135.22672967741306,0.0,0.0,36.83621159337807,52.465378582962984,7.105427357601002e-15,0.0,0.0,0.0,0.0,0.0,0.0,95.84097746084916,0.0,0.0,0.0,11.012822758086566,0.0,0.0
77,19.25,R3Z8,241.1515749755514,0.0,0.0,15.178140532865584,121.81051508433335,-7.105427357601002e-15,0.0,0.0,41.583243759601395,0.0,13.056003245407032,0.0,104.21558323926908,0.0,0.0,0.0,19.639309176333377,0.0,0.0
77,19.25,R3Z9,208.87247048837133,0.0,0.0,8.706415527220429,55.096387520318935,0.0,0.0,0.0,0.0,0.0,0.0,0.0,0.0,0.0,0.0,0.0,34.021017915902696,0.0,0.0
77,19.25,R3Z10,135.43189097273893,0.0,0.0,56.270275291608314,53.82433427710349,-7.105427357601002e-15,0.0,0.0,20.791621879800697,0.0,0.0,0.0,101.88089943314452,0.0,0.0,0.0,23.223727313443618,0.0,0.0
77,19.25,R4Z1,204.9889812627944,0.0,135.0,0.0,217.27731758219295,20.373606373111066,12.531848727672497,0.0,20.791621879800697,0.0,0.0,0.0,199.2679872918188,0.0,0.0,0.0,0.0,0.0,0.0
77,19.25,R4Z2,162.21546771256575,0.0,135.0,26.507478768551636,66.78594358289703,0.0,0.0,0.0,20.791621879800697,0.0,0.0,0.0,194.92964213484822,0.0,0.0,0.0,0.0,0.0,0.0
77,19.25,R4Z3,129.11774208046572,0.0,0.0,0.0,0.0,17.05466582188925,151.34551268539758,0.0,20.791621879800697,0.0,0.0,0.0,99.6339936459094,0.0,0.0,0.0,0.0,0.0,0.0
78,19.5,R1Z1,86.65101061169541,0.0,135.0,19.523998448103015,143.887540253509,1.0658141036401503e-14,0.0,0.0,45.749110497906074,0.0,0.0,0.0,71.47099502699957,0.0,0.0,0.0,0.0,0.0,0.0
78,19.5,R1Z2,172.63539281778864,0.0,135.0,6.635833950954606,108.86851890737958,8.881784197001252e-16,0.0,0.0,0.0,0.0,0.0,0.0,57.63460938425218,0.0,0.0,0.0,0.0,0.0,0.0
78,19.5,R1Z3,182.25011877853242,0.0,0.0,17.93278514601515,51.005282933763695,7.105427357601002e-15,0.0,0.0,0.0,0.0,0.0,0.0,0.0,0.0,0.0,0.0,14.842392924358697,98.46965777439488,0.0
78,19.5,R1Z4,177.77440326865124,0.0,0.0,29.362353082792353,94.92700400573467,7.105427357601002e-15,0.0,0.0,0.0,0.0,0.0,0.0,53.853405354992695,0.0,0.0,0.0,28.955784093760755,24.529262086363417,0.0
78,19.5,R1Z5,256.1035510537883,0.0,0.0,19.14672281362172,76.0259448383521,-7.105427357601002e-15,0.0,0.0,45.749110497906074,0.0,0.0,0.0,116.97919203021162,0.0,0.0,0.0,20.856993452404996,0.0,0.0
78,19.5,R1Z6,219.7782837301709,0.0,0.0,18.574649434353432,137.4027814407452,-7.105427357601002e-15,0.0,0.0,22.874555248953037,0.0,0.0,0.0,112.98424659672781,0.0,0.0,0.0,17.898674992515986,0.0,0.0
78,19.5,R1Z7,186.2655666841816,0.0,0.0,20.306226556396417,49.15882535471105,0.0,0.0,0.0,0.0,0.0,0.0,0.0,96.00494197140922,0.0,0.0,0.0,15.169409751466294,35.7042389401922,0.0
78,19.5,R2Z1,132.27938202635767,0.0,135.0,0.0,0.0,36.03599918158487,154.59154553363425,0.0,45.749110497906074,0.0,0.0,0.0,0.0,80.0,80.0,454.33045629941086,0.0,0.0,0.0
78,19.5,R2Z2,213.40277415156905,0.0,135.0,18.551111856259382,71.72605533074916,-3.552713678800501e-15,0.0,0.0,22.874555248953037,0.0,0.0,0.0,98.94828330926342,0.0,0.0,0.0,0.0,0.0,0.0
78,19.5,R2Z3,120.73413339495842,0.0,0.0,0.0,0.0,48.1149507580446,150.52089742024978,0.0,45.749110497906074,0.0,0.0,0.0,95.77243921680939,0.0,0.0,0.0,0.0,0.0,0.0
78,19.5,R2Z4,117.69621076591952,0.0,0.0,0.0,0.0,16.605287867163554,148.37576045988672,0.0,22.874555248953037,0.0,0.0,0.0,91.82233690130975,0.0,0.0,0.0,0.0,0.0,0.0
78,19.5,R2Z5,194.12802826554227,0.0,0.0,43.00361055567052,237.9478520936507,-2.1316282072803006e-14,0.0,0.0,0.0,0.0,0.0,0.0,93.21602843801952,0.0,0.0,0.0,0.0,0.0,0.0
78,19.5,R3Z1,162.07626932415928,0.0,135.0,43.84177616131254,139.555427521674,0.0,0.0,0.0,22.874555248953037,0.0,0.0,0.0,0.0,0.0,0.0,0.0,0.0,0.0,0.0
78,19.5,R3Z2,106.5341555856663,0.0,0.0,42.651058008772104,57.74528269877042,0.0,0.0,0.0,45.749110497906074,0.0,0.0,0.0,85.1153899391928,0.0,0.0,0.0,0.0,0.0,0.0
78,19.5,R3Z3,117.24345988349745,0.0,0.0,0.0,0.0,45.399710444360785,97.25917047572833,0.0,45.749110497906074,0.0,0.0,0.0,0.0,0.0,0.0,0.0,0.0,0.0,0.0
78,19.5,R3Z4,96.85767240701523,0.0,0.0,28.474400838975072,126.8966416469595,-1.0658141036401503e-14,0.0,0.0,22.874555248953037,0.0,0.6073961454855975,0.0,106.61061056047829,0.0,0.0,0.0,0.0,0.0,0.0
78,19.5,R3Z5,119.01666211338765,0.0,0.0,0.0,96.5354454398135,27.7735795109,4.190904593492931,0.0,0.0,0.0,0.0,0.0,0.0,0.0,0.0,0.0,0.0,0.0,0.0
78,19.5,R3Z6,141.2069171358173,0.0,0.0,59.13253916318831,104.55559464620313,-1.4210854715202004e-14,0.0,0.0,0.0,0.0,0.0,0.0,0.0,0.0,0.0,0.0,0.0,0.0,0.0
78,19.5,R3Z7,144.30903771818782,0.0,0.0,22.348126164637122,44.18808325185766,-3.552713678800501e-15,0.0,0.0,0.0,0.0,45.0,0.0,106.61061056047829,0.0,0.0,0.0,11.752483096882022,0.0,0.0
78,19.5,R3Z8,165.43052144891774,0.0,0.0,11.971754737941694,150.73783663048462,0.0,0.0,0.0,45.749110497906074,0.0,0.0,0.0,104.07173826328543,0.0,0.0,0.0,13.472610155113987,0.0,0.0
78,19.5,R3Z9,206.0381506142094,0.0,0.0,26.70897565266219,42.6355957688335,7.105427357601002e-15,0.0,0.0,0.0,0.0,0.0,0.0,0.0,0.0,0.0,0.0,33.55936565989785,0.0,0.0
78,19.5,R3Z10,145.6382272748308,0.0,0.0,40.47755378697623,41.18176541813136,0.0,0.0,0.0,22.874555248953037,0.0,20.103342802131436,0.0,106.61061056047829,0.0,0.0,0.0,35.58219564147763,0.0,0.0
78,19.5,R4Z1,213.8295481028865,0.0,135.0,0.0,175.64473365978142,16.134230802985776,20.51604307667037,0.0,22.874555248953037,0.0,0.0,0.0,198.99294494253314,0.0,0.0,0.0,0.0,0.0,0.0
78,19.5,R4Z2,144.11793735697643,0.0,135.0,16.541544166834107,55.14071518684052,3.552713678800501e-15,0.0,0.0,22.874555248953037,0.0,0.0,0.0,194.66058784546223,0.0,0.0,0.0,0.0,0.0,0.0
78,19.5,R4Z3,126.42888838677125,0.0,0.0,0.0,0.0,20.75065810548344,160.0,0.0,22.874555248953037,0.0,0.0,0.0,99.49647247126657,0.0,0.0,0.0,0.0,0.0,0.0
79,19.75,R1Z1,107.65133190731143,0.0,135.0,14.936874078955867,112.62574062248954,5.329070518200751e-15,0.0,0.0,46.665132124655536,0.0,0.0,0.0,71.3723462141864,0.0,0.0,0.0,0.0,0.0,0.0
79,19.75,R1Z2,150.65258878690557,0.0,135.0,12.20946976061613,90.2009916615166,3.552713678800501e-15,0.0,0.0,0.0,0.0,0.0,0.0,57.55505843088208,0.0,0.0,0.0,0.0,0.0,0.0
79,19.75,R1Z3,211.44313999420177,0.0,0.0,18.53628262756795,62.20554933361239,7.105427357601002e-15,0.0,0.0,0.0,0.0,0.0,0.0,0.0,0.0,0.0,0.0,17.219863482052197,0.0,0.0
79,19.75,R1Z4,177.41736998996058,0.0,0.0,28.63545594058894,138.72529667705714,-1.4210854715202004e-14,0.0,0.0,0.0,0.0,0.0,0.0,53.77907345990422,0.0,0.0,0.0,28.897630735673363,0.0,0.0
79,19.75,R1Z5,243.41309806875037,0.0,0.0,21.565746257908103,49.0539288085819,-7.105427357601002e-15,0.0,0.0,46.665132124655536,0.0,0.0,0.0,116.81772990962318,0.0,0.0,0.0,19.823486912851397,27.820250925235996,0.0
79,19.75,R1Z6,173.56905656310374,0.0,0.0,34.172955399912695,178.8311201377007,7.105427357601002e-15,0.0,0.0,23.332566062327768,0.0,0.0,0.0,112.82829855390082,0.0,0.0,0.0,14.135409920639669,0.0,0.0
79,19.75,R1Z7,181.47251034006683,0.0,0.0,19.847825072648007,59.78834165528586,0.0,0.0,0.0,0.0,0.0,0.0,0.0,95.87242984469127,0.0,0.0,0.0,14.779064735261446,0.0,0.0
79,19.75,R2Z1,144.2108448373133,0.0,135.0,40.49287475804604,166.46664281838753,-7.105427357601002e-15,0.0,0.0,46.665132124655536,0.0,0.0,0.0,0.0,80.0,80.0,451.3893573176839,0.0,0.0,0.0
79,19.75,R2Z2,179.93998683922243,0.0,135.0,0.0,0.0,15.55811209151238,46.94829671320385,0.0,23.332566062327768,0.0,0.0,0.0,98.81170859563765,0.0,0.0,0.0,0.0,0.0,0.0
79,19.75,R2Z3,92.55090482730566,0.0,0.0,40.96966926082277,159.5916800278904,7.105427357601002e-15,0.0,0.0,46.665132124655536,0.0,0.0,0.0,95.64024800518024,0.0,0.0,0.0,0.0,0.0,0.0
79,19.75,R2Z4,102.726699024921,0.0,0.0,12.048593742186895,96.83012590887594,-1.7763568394002505e-15,0.0,0.0,23.332566062327768,0.0,0.0,0.0,91.69559787211863,0.0,0.0,0.0,0.0,0.0,0.0
79,19.75,R2Z5,203.30965462860524,0.0,0.0,0.0,20.030386482083003,50.61260828097243,84.39545926474577,0.0,0.0,0.0,0.0,0.0,93.08736574713218,0.0,0.0,0.0,0.0,0.0,0.0
79,19.75,R3Z1,140.46618643579612,0.0,135.0,0.0,0.0,28.85041427761987,81.69955374826044,0.0,23.332566062327768,0.0,0.0,0.0,0.0,0.0,0.0,0.0,0.0,0.0,0.0
79,19.75,R3Z2,109.22244600352073,0.0,0.0,0.0,0.0,29.996703134847913,31.232978625121433,0.0,46.665132124655536,0.0,0.0,0.0,84.99790826475326,0.0,0.0,0.0,0.0,0.0,0.0
79,19.75,R3Z3,107.9693408284869,0.0,0.0,0.0,86.36626828162713,27.93917955052481,86.70796803807679,0.0,46.665132124655536,0.0,0.0,0.0,0.0,0.0,0.0,0.0,0.0,0.0,0.0
79,19.75,R3Z4,108.85881424035581,0.0,0.0,10.89420915881584,124.77367130585105,1.0658141036401503e-14,0.0,0.0,23.332566062327768,0.0,0.6073961454855975,0.0,106.61061056047829,0.0,0.0,0.0,0.0,0.0,0.0
79,19.75,R3Z5,109.5989275262021,0.0,0.0,0.0,109.5989275262021,15.536464890957511,24.39652985422974,0.0,0.0,0.0,0.0,0.0,0.0,0.0,0.0,0.0,0.0,0.0,0.0
79,19.75,R3Z6,150.96516869288615,0.0,0.0,21.30675671127524,95.96894026027407,-3.552713678800501e-15,0.0,0.0,0.0,0.0,0.0,0.0,0.0,0.0,0.0,0.0,12.294556330878203,0.0,0.0
79,19.75,R3Z7,160.05503210623417,0.0,0.0,32.12123961343967,22.613935770399337,0.0,0.0,0.0,0.0,0.0,0.0,0.0,106.4634598154648,0.0,0.0,0.0,13.034831976863437,0.0,0.0
79,19.75,R3Z8,201.29408851946553,0.0,0.0,11.217040077482437,135.51617328448847,-1.4210854715202004e-14,0.0,0.0,46.665132124655536,0.0,1.0846345516279712,0.0,104.19086067419961,0.0,0.0,0.0,16.393327890157035,0.0,0.0
79,19.75,R3Z9,212.8081061327684,0.0,0.0,29.28149795450399,68.42721084473352,-3.552713678800501e-15,0.0,0.0,0.0,0.0,0.0,0.0,0.0,0.0,0.0,0.0,34.662051798708966,0.0,0.0
79,19.75,R3Z10,138.12554402872132,0.0,0.0,32.65196567102181,51.81937562529522,0.0,0.0,0.0,23.332566062327768,0.0,0.0,0.0,106.4634598154648,0.0,0.0,0.0,33.74670388867657,0.0,0.0
79,19.75,R4Z1,213.6538017107016,0.0,135.0,24.056076317784886,104.2713916927411,-1.4210854715202004e-14,0.0,0.0,23.332566062327768,0.0,0.0,0.0,198.71828222419038,0.0,0.0,0.0,0.0,0.0,0.0
79,19.75,R4Z2,147.9838036555079,0.0,135.0,0.0,0.0,17.26505449656942,47.92108719314395,0.0,23.332566062327768,0.0,0.0,0.0,194.391904921918,0.0,0.0,0.0,0.0,0.0,0.0
79,19.75,R4Z3,137.32681244849033,0.0,0.0,7.7457651382406,99.20352846118298,5.329070518200751e-15,0.0,0.0,23.332566062327768,0.0,0.0,0.0,99.35914111209519,0.0,0.0,0.0,0.0,0.0,0.0
80,20.0,R1Z1,111.82462106171621,0.0,135.0,10.910166337102567,201.09576170835626,7.105427357601002e-15,0.0,0.0,11.37081697279682,0.0,0.0,0.0,71.27383356273862,0.0,0.0,0.0,0.0,0.0,0.0
80,20.0,R1Z2,122.01044153675265,0.0,135.0,5.787959445882137,135.26924518176068,-7.105427357601002e-15,0.0,0.0,0.0,0.0,0.0,0.0,57.47561727879717,0.0,0.0,0.0,0.0,0.0,0.0
80,20.0,R1Z3,199.1386885808137,0.0,0.0,5.617035722275315,21.20497070707821,-8.881784197001252e-16,0.0,0.0,0.0,0.0,0.0,0.0,0.0,0.0,0.0,0.0,16.217792790300752,0.0,0.0
80,20.0,R1Z4,203.4332827440821,0.0,0.0,36.072863851826,49.437589029988445,7.105427357601002e-15,0.0,0.0,0.0,0.0,0.0,0.0,53.704844162424756,0.0,0.0,0.0,33.135086403416835,0.0,0.0
80,20.0,R1Z5,221.8893141514958,0.0,0.0,17.00376942219674,55.76677120323545,-3.552713678800501e-15,0.0,0.0,11.37081697279682,0.0,0.0,0.0,116.6564906493224,0.0,0.0,0.0,18.070596652696924,0.0,0.0
80,20.0,R1Z6,189.78771019439694,0.0,0.0,13.86699232028485,202.46326388387754,8.881784197001252e-15,0.0,0.0,5.68540848639841,0.0,0.0,0.0,112.67256576048067,0.0,0.0,0.0,15.456252022214672,254.49682626244098,0.0
80,20.0,R1Z7,204.58597139865074,0.0,0.0,11.567259820740539,51.46098556433577,1.7763568394002505e-15,0.0,0.0,0.0,0.0,0.0,0.0,95.74010061963821,0.0,0.0,0.0,16.66141780681278,0.0,0.0
80,20.0,R2Z1,117.62906479166841,0.0,135.0,47.578705301793235,155.17178042128018,7.105427357601002e-15,0.0,0.0,11.37081697279682,0.0,0.0,0.0,0.0,80.0,80.0,448.44925270381043,0.0,0.0,0.0
80,20.0,R2Z2,230.76842063520508,0.0,135.0,0.0,0.0,13.229940010150436,41.902375446820734,0.0,5.68540848639841,0.0,0.0,0.0,98.67532239111765,0.0,0.0,0.0,0.0,0.0,0.0
80,20.0,R2Z3,117.52800296051865,0.0,0.0,41.83911385838498,97.5510782830738,7.105427357601002e-15,0.0,0.0,11.37081697279682,0.0,0.0,0.0,95.50823925226861,0.0,0.0,0.0,0.0,0.0,0.0
80,20.0,R2Z4,104.11347656389677,0.0,0.0,13.015008894256994,131.2794693876217,-5.329070518200751e-15,0.0,0.0,5.68540848639841,0.0,0.0,0.0,91.56903377619605,0.0,0.0,0.0,0.0,0.0,0.0
80,20.0,R2Z5,157.8658622594074,0.0,0.0,14.01870435479782,216.58534482553273,31.15151124165107,0.0,0.0,0.0,0.0,0.0,0.0,92.95888064467363,0.0,0.0,0.0,0.0,0.0,0.0
80,20.0,R3Z1,169.13466559289904,0.0,135.0,0.0,0.0,33.83302736153945,122.56888499189857,0.0,5.68540848639841,0.0,0.0,0.0,0.0,0.0,0.0,0.0,0.0,0.0,0.0
80,20.0,R3Z2,112.87900622488239,0.0,0.0,29.094039454960992,61.43556772535322,-3.552713678800501e-15,0.0,0.0,11.37081697279682,0.0,0.0,0.0,84.8805887459925,0.0,0.0,0.0,0.0,0.0,0.0
80,20.0,R3Z3,99.46601185764399,0.0,0.0,48.437833962679406,160.95306791358118,-7.105427357601002e-15,0.0,0.0,11.37081697279682,0.0,0.0,0.0,0.0,0.0,0.0,0.0,0.0,0.0,0.0
80,20.0,R3Z4,120.43129095443518,0.0,0.0,10.615597927150603,83.0632055299723,3.552713678800501e-15,0.0,0.0,5.68540848639841,0.0,0.0,21.067079010913886,101.02853040570524,0.0,0.0,0.0,0.0,0.0,0.0
80,20.0,R3Z5,139.6879724821285,0.0,0.0,9.666884279164492,114.72105028644509,-1.7763568394002505e-15,0.0,0.0,0.0,0.0,0.0,0.0,0.0,0.0,0.0,0.0,0.0,0.0,0.0
80,20.0,R3Z6,140.00991099655445,0.0,0.0,20.856854862050994,123.25196080491813,-7.105427357601002e-15,0.0,0.0,0.0,0.0,0.0,0.0,0.0,0.0,0.0,0.0,11.201133246104234,0.0,0.0
80,20.0,R3Z7,133.02260885205047,0.0,0.0,25.54968149251323,46.03910334379417,-3.552713678800501e-15,0.0,0.0,0.0,0.0,1.2139539241815098,0.0,106.61061056047829,0.0,0.0,0.0,10.833319844387248,0.0,0.0
80,20.0,R3Z8,181.48710224056722,0.0,0.0,10.101295358862984,144.75620533806023,-3.552713678800501e-15,0.0,0.0,11.37081697279682,0.0,10.58164476982131,0.0,106.61061056047829,0.0,0.0,0.0,14.780253095094578,0.0,0.0
80,20.0,R3Z9,198.2043175639225,0.0,0.0,24.67255093550135,48.99314801743364,3.552713678800501e-15,0.0,0.0,0.0,0.0,0.0,0.0,0.0,0.0,0.0,0.0,32.28339581125837,0.0,0.0
80,20.0,R3Z10,136.75416222278184,0.0,0.0,25.021394404212522,45.70025308376025,3.552713678800501e-15,0.0,0.0,5.68540848639841,0.0,1.2139539241815098,0.0,106.61061056047829,0.0,0.0,0.0,33.411649166910294,0.0,0.0
80,20.0,R4Z1,213.67378351861007,0.0,135.0,0.0,0.0,13.619196310011409,240.0,0.0,5.68540848639841,0.0,0.0,0.0,198.4439986127997,0.0,0.0,0.0,0.0,0.0,0.0
80,20.0,R4Z2,128.62631889172755,0.0,135.0,19.700717702093392,58.889200467457094,7.105427357601002e-15,0.0,0.0,5.68540848639841,0.0,0.0,0.0,194.1235928516328,0.0,0.0,0.0,0.0,0.0,0.0
80,20.0,R4Z3,132.42186024966045,0.0,0.0,0.0,63.86380484741531,10.515219655664783,68.17688569637406,0.0,5.68540848639841,0.0,0.0,0.0,99.22199930639985,0.0,0.0,0.0,0.0,0.0,0.0
81,20.25,R1Z1,98.82682207939699,0.0,135.0,17.16466180995633,145.86129795610262,7.105427357601002e-15,0.0,0.0,31.220528960792645,0.0,0.0,0.0,71.17545688471766,0.0,0.0,0.0,0.0,0.0,0.0
81,20.25,R1Z2,141.47225598253766,0.0,135.0,3.187269154526689,71.06783860582132,-6.661338147750939e-15,0.0,0.0,0.0,0.0,0.0,0.0,57.396285776442745,0.0,0.0,0.0,0.0,0.0,0.0
81,20.25,R1Z3,178.48952357481468,0.0,0.0,17.271962833420446,46.93326743254083,-3.552713678800501e-15,0.0,0.0,0.0,0.0,0.0,0.0,0.0,0.0,0.0,0.0,14.536131221940469,99.74816208691294,0.0
81,20.25,R1Z4,154.78376135347497,0.0,0.0,17.76453846237429,104.42075412080932,0.0,0.0,0.0,0.0,0.0,0.0,0.0,53.63071732094258,0.0,0.0,0.0,25.211082656249577,7.387386114041789,0.0
81,20.25,R1Z5,230.6360414688329,0.0,0.0,12.903286662417731,31.840797755400455,3.552713678800501e-15,0.0,0.0,31.220528960792645,0.0,0.0,0.0,116.49547394170331,0.0,0.0,0.0,18.7829274018686,0.0,0.0
81,20.25,R1Z6,174.9185662367146,0.0,0.0,29.639948293217856,136.86101590635303,3.552713678800501e-15,0.0,0.0,15.610264480396323,0.0,0.0,0.0,112.51704791936642,0.0,0.0,0.0,14.245313568248786,29.98171320367075,0.0
81,20.25,R1Z7,186.19470375730256,0.0,0.0,15.235471155115789,56.98513723207931,0.0,0.0,0.0,0.0,0.0,0.0,0.0,95.60795404379759,0.0,0.0,0.0,15.163638696766533,0.0,0.0
81,20.25,R2Z1,123.14786313555332,0.0,135.0,29.979707175990853,205.9914983074818,3.552713678800501e-15,0.0,0.0,31.220528960792645,0.0,0.0,0.0,0.0,80.0,80.0,445.5101421216006,0.0,0.0,0.0
81,20.25,R2Z2,230.99441414544305,0.0,135.0,0.0,0.0,8.68149693809671,56.066923470857816,0.0,15.610264480396323,0.0,0.0,0.0,98.53912443551113,0.0,0.0,0.0,0.0,0.0,0.0
81,20.25,R2Z3,124.42937889012047,0.0,0.0,0.0,0.0,38.86082135645304,82.6333554744424,0.0,31.220528960792645,0.0,0.0,0.0,95.37641270623334,0.0,0.0,0.0,0.0,0.0,0.0
81,20.25,R2Z4,87.92450618464294,0.0,0.0,10.359677149223359,160.0,-1.2434497875801753e-14,0.0,0.0,15.610264480396323,0.0,0.0,0.0,91.44264437208801,0.0,0.0,0.0,0.0,0.0,0.0
81,20.25,R2Z5,152.88784142029755,0.0,0.0,0.0,207.57694675672292,36.688364685764334,7.2355743485774155,0.0,0.0,0.0,0.0,0.0,92.83057288552497,0.0,0.0,0.0,0.0,0.0,0.0
81,20.25,R3Z1,155.33292819486144,0.0,135.0,37.96141975273132,116.22863462151373,-1.4210854715202004e-14,0.0,0.0,15.610264480396323,0.0,0.0,0.0,0.0,0.0,0.0,0.0,0.0,0.0,0.0
81,20.25,R3Z2,127.55427000419324,0.0,0.0,0.0,0.0,5.832459000797456,75.86238323166901,0.0,31.220528960792645,0.0,0.0,0.0,84.76343115909292,0.0,0.0,0.0,0.0,0.0,0.0
81,20.25,R3Z3,124.81670346066544,0.0,0.0,47.78404469014424,211.0191648785675,-2.842170943040401e-14,0.0,0.0,31.220528960792645,0.0,0.0,0.0,0.0,0.0,0.0,0.0,0.0,0.0,0.0
81,20.25,R3Z4,123.74063290150471,0.0,0.0,23.47321460405073,57.27627040433902,3.552713678800501e-15,0.0,0.0,15.610264480396323,0.0,0.0,27.380883412718617,93.82530643674941,0.0,0.0,0.0,0.0,0.0,0.0
81,20.25,R3Z5,135.37998494771108,0.0,0.0,9.339741192880524,75.28808065460777,3.552713678800501e-15,0.0,0.0,0.0,0.0,0.0,0.0,0.0,0.0,0.0,0.0,29.986757123409745,0.0,0.0
81,20.25,R3Z6,121.93450876102033,0.0,0.0,29.7694734527213,103.00013285953035,-1.4210854715202004e-14,0.0,0.0,0.0,0.0,0.0,0.0,0.0,0.0,0.0,0.0,9.930308425581675,0.0,0.0
81,20.25,R3Z7,152.84198941753112,0.0,0.0,10.83869011801518,54.85951768027063,5.329070518200751e-15,0.0,0.0,0.0,0.0,0.0,0.0,106.4634598154648,0.0,0.0,0.0,12.447404026289647,0.0,0.0
81,20.25,R3Z8,256.4937870528057,0.0,0.0,7.039875338389436,142.76540095285034,-1.2434497875801753e-14,0.0,0.0,31.220528960792645,0.0,0.0,0.0,106.4634598154648,0.0,0.0,0.0,20.888774150653454,0.0,0.0
81,20.25,R3Z9,192.86943067271648,0.0,0.0,13.951093995952348,69.33876082594094,-5.329070518200751e-15,0.0,0.0,0.0,0.0,0.0,0.0,0.0,0.0,0.0,0.0,31.414452756768387,0.0,0.0
81,20.25,R3Z10,124.23107180760702,0.0,0.0,24.602417458035198,62.66049878130253,0.0,0.0,0.0,15.610264480396323,0.0,0.0,15.16731186350242,102.5505647590956,0.0,0.0,0.0,30.352019414978592,0.0,0.0
81,20.25,R4Z1,221.24441473058351,0.0,135.0,0.0,0.0,8.113251229243279,200.45112644685275,0.0,15.610264480396323,0.0,0.0,0.0,198.1700935850936,0.0,0.0,0.0,0.0,0.0,0.0
81,20.25,R4Z2,119.90168986231234,0.0,135.0,0.0,14.140625207127016,22.167180422005895,45.51607653079123,0.0,15.610264480396323,0.0,0.0,0.0,193.85565112273133,0.0,0.0,0.0,0.0,0.0,0.0
81,20.25,R4Z3,136.44872857263798,0.0,0.0,0.0,0.0,10.95055146852662,107.92444870501743,0.0,15.610264480396323,0.0,0.0,0.0,99.0850467925468,0.0,0.0,0.0,0.0,0.0,0.0
82,20.5,R1Z1,93.5459005055559,0.0,135.0,14.267446588674062,121.29289492945782,5.329070518200751e-15,0.0,0.0,46.22152310067,0.0,0.0,0.0,71.07721599244437,0.0,0.0,0.0,0.0,0.0,0.0
82,20.5,R1Z2,145.4580836765567,0.0,135.0,8.493436626866284,109.55770407131325,5.329070518200751e-15,0.0,0.0,0.0,0.0,0.0,0.0,57.31706377247326,0.0,0.0,0.0,0.0,0.0,0.0
82,20.5,R1Z3,194.12642946700902,0.0,0.0,7.168406427210272,69.76503752463839,4.440892098500626e-15,0.0,0.0,0.0,0.0,0.0,0.0,0.0,0.0,0.0,0.0,15.809595968787626,0.0,0.0
82,20.5,R1Z4,157.93636976297324,0.0,0.0,27.944539683310467,155.7864002937802,-7.105427357601002e-15,0.0,0.0,0.0,0.0,0.0,0.0,53.55669279404141,0.0,0.0,0.0,25.724577550672905,0.0,0.0
82,20.5,R1Z5,246.35216460099082,0.0,0.0,12.602909512696478,58.41176028840642,3.552713678800501e-15,0.0,0.0,46.22152310067,0.0,0.0,0.0,116.33467947958458,0.0,0.0,0.0,20.062843576071764,0.0,0.0
82,20.5,R1Z6,182.1568939907035,0.0,0.0,23.280562169781746,202.29300897897045,-3.552713678800501e-15,0.0,0.0,23.110761550335,0.0,0.0,0.0,112.36174473386724,0.0,0.0,0.0,14.834800726666204,1.761319070447584,0.0
82,20.5,R1Z7,195.72785757367305,0.0,0.0,7.580808724188657,64.72157632705094,5.329070518200751e-15,0.0,0.0,0.0,0.0,0.0,0.0,95.4759898650653,0.0,0.0,0.0,15.940015775142337,0.0,0.0
82,20.5,R2Z1,107.68430785489423,0.0,135.0,0.0,0.0,40.11381430572633,240.0,0.0,46.22152310067,0.0,0.0,0.0,0.0,80.0,80.0,442.57202523497836,0.0,0.0,0.0
82,20.5,R2Z2,205.51491418686496,0.0,135.0,0.0,20.471792246070237,8.49899188119162,59.52820775392976,0.0,23.110761550335,0.0,0.0,0.0,98.40311446898498,0.0,0.0,0.0,0.0,0.0,0.0
82,20.5,R2Z3,171.3623960467422,0.0,0.0,29.67975088763083,133.2060664796896,3.552713678800501e-15,0.0,0.0,46.22152310067,0.0,0.0,0.0,95.24476811558094,0.0,0.0,0.0,0.0,0.0,0.0
82,20.5,R2Z4,91.69330163021607,0.0,0.0,14.944651528526649,84.82410847957777,5.329070518200751e-15,0.0,0.0,23.110761550335,0.0,0.0,0.0,91.31642941867375,0.0,0.0,0.0,0.0,0.0,0.0
82,20.5,R2Z5,174.01491419201503,0.0,0.0,36.00176737772796,75.2448450455761,0.0,0.0,0.0,0.0,0.0,0.0,0.0,92.70244222490575,0.0,0.0,0.0,0.0,0.0,0.0
82,20.5,R3Z1,157.39194534923237,0.0,135.0,16.415514271855727,112.07640390050238,-1.4210854715202004e-14,0.0,0.0,23.110761550335,0.0,0.0,0.0,0.0,0.0,0.0,0.0,0.0,0.0,0.0
82,20.5,R3Z2,101.09819968337585,0.0,0.0,24.603692173020193,36.952088948743224,3.552713678800501e-15,0.0,0.0,46.22152310067,0.0,0.0,0.0,84.64643528054586,0.0,0.0,0.0,0.0,0.0,0.0
82,20.5,R3Z3,126.39780434895694,0.0,0.0,30.80069048532826,151.4714653428289,-3.552713678800501e-15,0.0,0.0,46.22152310067,0.0,0.0,0.0,0.0,0.0,0.0,0.0,0.0,0.0,0.0
82,20.5,R3Z4,161.87631666818928,0.0,0.0,24.601764103866543,114.51541436124998,1.0658141036401503e-14,0.0,0.0,23.110761550335,0.0,0.35162334726229005,0.0,93.78098876427337,0.0,0.0,0.0,0.0,0.0,0.0
82,20.5,R3Z5,131.81805814168357,0.0,0.0,22.941690152341337,107.08357877322733,0.0,0.0,0.0,0.0,0.0,0.0,0.0,0.0,0.0,0.0,0.0,1.7927892161148975,0.0,0.0
82,20.5,R3Z6,116.3217421458778,0.0,0.0,14.651734109539134,72.35459968378413,-5.329070518200751e-15,0.0,0.0,0.0,0.0,0.0,0.0,0.0,0.0,0.0,0.0,9.473206460145365,0.0,0.0
82,20.5,R3Z7,165.74011076042862,0.0,0.0,12.076886534853848,31.444933701740815,-3.552713678800501e-15,0.0,0.0,0.0,0.0,0.0,0.0,106.3165121772682,0.0,0.0,0.0,13.497823012243643,0.0,0.0
82,20.5,R3Z8,214.8045673332842,0.0,0.0,8.231584630836096,195.40158549640734,-1.7763568394002505e-15,0.0,0.0,46.22152310067,0.0,0.0,0.0,106.3165121772682,0.0,0.0,0.0,17.493617077867246,0.0,0.0
82,20.5,R3Z9,193.69120728297634,0.0,0.0,14.454878900473986,56.90584659250362,1.7763568394002505e-15,0.0,0.0,0.0,0.0,0.0,0.0,0.0,0.0,0.0,0.0,31.54830321927861,0.0,0.0
82,20.5,R3Z10,123.02443793583073,0.0,0.0,26.967961277797055,31.868730248383148,0.0,0.0,0.0,23.110761550335,0.0,5.458394039573207,0.0,103.73139504106109,0.0,0.0,0.0,30.057215754589645,0.0,0.0
82,20.5,R4Z1,176.57708436085784,0.0,135.0,0.0,0.0,13.787858626611623,206.91868851598392,0.0,23.110761550335,0.0,0.0,0.0,197.89656661852683,0.0,0.0,0.0,0.0,0.0,0.0
82,20.5,R4Z2,96.63465559808436,0.0,135.0,0.0,0.0,14.594990407597908,37.019791099193064,0.0,23.110761550335,0.0,0.0,0.0,193.5880792240449,0.0,0.0,0.0,0.0,0.0,0.0
82,20.5,R4Z3,172.39538419728228,0.0,0.0,6.365350633418188,139.05874060707615,-3.552713678800501e-15,0.0,0.0,23.110761550335,0.0,0.0,0.0,98.94828330926342,0.0,0.0,0.0,0.0,0.0,0.0
83,20.75,R1Z1,97.09845766948054,0.0,135.0,12.42846874763596,98.87777081327411,3.552713678800501e-15,0.0,0.0,24.11216640218758,0.0,0.0,0.0,70.9791106984986,0.0,0.0,0.0,0.0,0.0,0.0
83,20.75,R1Z2,174.87272479991015,0.0,135.0,4.928095917961457,98.36062150828985,2.6645352591003757e-15,0.0,0.0,0.0,0.0,0.0,0.0,57.23795111575209,0.0,0.0,0.0,0.0,0.0,0.0
83,20.75,R1Z3,168.57589642510655,0.0,0.0,11.334562487070073,43.59211729294099,0.0,0.0,0.0,0.0,0.0,0.0,0.0,0.0,0.0,0.0,0.0,13.728768513769271,0.0,0.0
83,20.75,R1Z4,175.22242472088988,0.0,0.0,23.71585664705266,87.70489759191062,3.552713678800501e-15,0.0,0.0,0.0,0.0,0.0,0.0,53.48277044050014,0.0,0.0,0.0,28.540119417169386,0.0,0.0
83,20.75,R1Z5,231.7038274396236,0.0,0.0,13.556806987305194,73.5940591071437,-7.105427357601002e-15,0.0,0.0,24.11216640218758,0.0,0.0,0.0,116.17410695620882,0.0,0.0,0.0,18.869887558843054,0.0,0.0
83,20.75,R1Z6,192.3143714884604,0.0,0.0,20.356196787525818,204.43146368553974,-7.105427357601002e-15,0.0,0.0,12.05608320109379,0.0,0.0,0.0,112.2066559077018,0.0,0.0,0.0,15.662022531252475,0.0,0.0
83,20.75,R1Z7,166.42138441608734,0.0,0.0,16.13024981661735,41.77990299872222,3.552713678800501e-15,0.0,0.0,0.0,0.0,0.0,0.0,95.34420783168528,0.0,0.0,0.0,13.553305726625787,88.24016959087581,0.0
83,20.75,R2Z1,123.37907907572438,0.0,135.0,0.0,0.0,34.03674726953758,147.41644404414757,0.0,24.11216640218758,0.0,0.0,0.0,0.0,80.0,80.0,439.6349017079812,0.0,0.0,0.0
83,20.75,R2Z2,184.5008245163423,0.0,135.0,0.0,0.0,9.16460036604986,80.0,0.0,12.05608320109379,0.0,0.0,0.0,98.26729223206472,0.0,0.0,0.0,0.0,0.0,0.0
83,20.75,R2Z3,133.05359211793652,0.0,0.0,36.20819187516831,72.41383767815327,0.0,0.0,0.0,24.11216640218758,0.0,0.0,0.0,95.11330522916501,0.0,0.0,0.0,0.0,0.0,0.0
83,20.75,R2Z4,98.88707050566175,0.0,0.0,0.0,35.530324501244905,8.359174443234789,81.15731264473246,0.0,12.05608320109379,0.0,0.0,0.0,91.19038867516532,0.0,0.0,0.0,0.0,0.0,0.0
83,20.75,R2Z5,170.40916274588304,0.0,0.0,36.22102935826496,226.05631894750718,7.105427357601002e-15,0.0,0.0,0.0,0.0,0.0,0.0,92.57448841837326,0.0,0.0,0.0,0.0,0.0,0.0
83,20.75,R3Z1,194.2476709283317,0.0,135.0,0.0,0.0,0.5622948924535421,100.20943039494172,0.0,12.05608320109379,0.0,0.0,0.0,0.0,0.0,0.0,0.0,0.0,0.0,0.0
83,20.75,R3Z2,122.88914917386847,0.0,0.0,36.329702891925024,57.07550290486171,0.0,0.0,0.0,24.11216640218758,0.0,0.0,0.0,84.52960088715119,0.0,0.0,0.0,0.0,0.0,0.0
83,20.75,R3Z3,123.01435853600732,0.0,0.0,32.9065545283745,240.0,0.0,0.0,0.0,24.11216640218758,0.0,0.0,0.0,0.0,0.0,0.0,0.0,0.0,0.0,0.0
83,20.75,R3Z4,88.1856573578366,0.0,0.0,9.568674540661647,107.59052953227518,0.0,0.0,0.0,12.05608320109379,0.0,45.0,0.0,104.55346519131453,0.0,0.0,0.0,0.0,0.0,0.0
83,20.75,R3Z5,133.5655432899357,0.0,0.0,22.430445577904635,138.4072656445832,-7.105427357601002e-15,0.0,0.0,0.0,0.0,0.0,0.0,0.0,0.0,0.0,0.0,0.0,0.0,0.0
83,20.75,R3Z6,137.0375632393248,0.0,0.0,19.38211921979861,79.53105972640039,0.0,0.0,0.0,0.0,0.0,0.0,0.0,0.0,0.0,0.0,0.0,11.16029647951207,0.0,0.0
83,20.75,R3Z7,171.0106156071131,0.0,0.0,9.047966132451386,50.96767432007229,-1.7763568394002505e-15,0.0,0.0,0.0,0.0,0.0,45.0,94.5605725971376,0.0,0.0,0.0,13.927051285830055,0.0,0.0
83,20.75,R3Z8,239.23979069620862,0.0,0.0,1.3557022192658508,91.50850230543416,1.3322676295501878e-15,0.0,0.0,24.11216640218758,0.0,0.0,45.0,94.5605725971376,0.0,0.0,0.0,19.48361405991428,15.882261659483675,0.0
83,20.75,R3Z9,197.81345064769266,0.0,0.0,38.102366876130276,48.23040336110057,-7.105427357601002e-15,0.0,0.0,0.0,0.0,0.0,0.0,0.0,0.0,0.0,0.0,32.219731651358806,0.0,0.0
83,20.75,R3Z10,139.06104014436175,0.0,0.0,17.311361322677953,47.629568539700315,-3.552713678800501e-15,0.0,0.0,12.05608320109379,0.0,0.0,45.0,91.9790236040125,0.0,0.0,0.0,33.975263425766684,0.0,0.0
83,20.75,R4Z1,183.52609735836634,0.0,135.0,22.63335552549222,230.38794997557844,0.0,0.0,0.0,12.05608320109379,0.0,0.0,0.0,197.6234171912753,0.0,0.0,0.0,0.0,0.0,0.0
83,20.75,R4Z2,185.76431111394817,0.0,135.0,0.0,0.0,14.731558853769409,43.558177530115785,0.0,12.05608320109379,0.0,0.0,0.0,193.3208766451103,0.0,0.0,0.0,0.0,0.0,0.0
83,20.75,R4Z3,155.11683313507663,0.0,0.0,5.2460312661082185,106.59506975414871,5.603364836343909,0.0,0.0,12.05608320109379,0.0,0.0,0.0,98.81170859563765,0.0,0.0,0.0,0.0,0.0,0.0
84,21.0,R1Z1,125.59959539883411,0.0,135.0,10.310251170708,172.1161775047419,1.2434497875801753e-14,0.0,0.0,52.98715396465972,0.0,0.0,0.0,70.88114081571892,0.0,0.0,0.0,0.0,0.0,0.0
84,21.0,R1Z2,166.2369291197201,0.0,135.0,1.0402844829151547,104.26017757313406,5.10702591327572e-15,0.0,0.0,0.0,0.0,0.0,0.0,57.158947655351206,0.0,0.0,0.0,0.0,0.0,0.0
84,21.0,R1Z3,169.86712437518733,0.0,0.0,7.745726962391643,76.77123392271342,0.0,0.0,0.0,0.0,0.0,0.0,0.0,0.0,0.0,0.0,0.0,13.833925715961838,0.0,0.0
84,21.0,R1Z4,133.11511010239477,0.0,0.0,0.6638624838807914,144.2210584621431,-4.773959005888173e-15,0.0,0.0,0.0,0.0,90.0,0.0,75.21278794349593,0.0,0.0,0.0,21.681706234824574,0.0,0.0
84,21.0,R1Z5,219.87413985100113,0.0,0.0,8.932061628086643,41.02399644580065,-1.7763568394002505e-15,0.0,0.0,52.98715396465972,0.0,0.0,0.0,116.01375606524205,0.0,0.0,0.0,17.906481485148763,0.0,0.0
84,21.0,R1Z6,176.42087472686345,0.0,0.0,20.37876960992503,233.15330218393615,-1.0658141036401503e-14,0.0,0.0,26.49357698232986,0.0,14.422664985808225,0.0,115.54588612659082,0.0,0.0,0.0,14.367661103898325,0.0,0.0
84,21.0,R1Z7,165.02283113136275,0.0,0.0,11.843551857796157,80.0,5.329070518200751e-15,0.0,0.0,0.0,0.0,0.0,0.0,95.21260769224894,0.0,0.0,0.0,13.439407982598746,0.0,0.0
84,21.0,R2Z1,137.9636051434782,0.0,135.0,0.0,66.3916176787791,34.189124934648156,131.06712830944406,0.0,52.98715396465972,0.0,0.0,0.0,0.0,80.0,80.0,436.6987712047602,0.0,0.0,0.0
84,21.0,R2Z2,198.45685765493525,0.0,135.0,7.982189614869178,48.38949511316059,1.7763568394002505e-15,0.0,0.0,26.49357698232986,0.0,0.0,0.0,98.13165746563399,0.0,0.0,0.0,0.0,0.0,0.0
84,21.0,R2Z3,122.87108544973532,0.0,0.0,40.66688991484844,127.67942582829912,0.0,0.0,0.0,52.98715396465972,0.0,0.0,0.0,94.9820237961858,0.0,0.0,0.0,0.0,0.0,0.0
84,21.0,R2Z4,92.8847815422503,0.0,0.0,0.0,0.0,3.544868986905513,74.4083158971172,0.0,26.49357698232986,0.0,0.0,0.0,91.06452190110714,0.0,0.0,0.0,0.0,0.0,0.0
84,21.0,R2Z5,155.43650216721397,0.0,0.0,27.07177480570718,113.89802879504629,-3.552713678800501e-15,0.0,0.0,0.0,0.0,0.0,0.0,92.44671122182228,0.0,0.0,0.0,0.0,0.0,0.0
84,21.0,R3Z1,139.02055704351187,0.0,135.0,0.0,0.0,20.298709210111802,65.57693891020631,0.0,26.49357698232986,0.0,0.0,0.0,0.0,0.0,0.0,0.0,0.0,0.0,0.0
84,21.0,R3Z2,99.00515007379772,0.0,0.0,17.89125266241298,67.4301008136456,-3.552713678800501e-15,0.0,0.0,52.98715396465972,0.0,0.0,0.0,84.41292775601683,0.0,0.0,0.0,0.0,0.0,0.0
84,21.0,R3Z3,101.10576706867425,0.0,0.0,14.768284123662568,198.80202805648307,3.552713678800501e-15,0.0,0.0,52.98715396465972,0.0,0.0,0.0,0.0,0.0,0.0,0.0,0.0,0.0,0.0
84,21.0,R3Z4,143.77648104238287,0.0,0.0,9.462687553541265,15.72232356186321,0.0,0.0,0.0,26.49357698232986,0.0,0.0,45.0,92.7999590807618,0.0,0.0,0.0,23.418223694063478,0.0,0.0
84,21.0,R3Z5,141.07036004253186,0.0,0.0,6.396735368638645,129.7865951128083,1.0658141036401503e-14,0.0,0.0,0.0,0.0,0.0,0.0,0.0,0.0,0.0,0.0,12.114107639052662,0.0,0.0
84,21.0,R3Z6,134.91878822588114,0.0,0.0,20.366586198805905,120.01704909753208,-3.552713678800501e-15,0.0,0.0,0.0,0.0,0.0,0.0,0.0,0.0,0.0,0.0,10.987744102160486,0.0,0.0
84,21.0,R3Z7,154.94713687389282,0.0,0.0,0.0,47.373448213989356,0.0,0.0,0.0,0.0,0.0,33.60470074399451,0.0,102.57129236036742,0.0,0.0,0.0,12.618846579635816,0.0,0.0
84,21.0,R3Z8,241.63298958235006,0.0,0.0,5.115544957231265,176.9556364210652,-7.105427357601002e-15,0.0,0.0,52.98715396465972,0.0,5.823887758665126,0.0,95.84097746084916,0.0,0.0,0.0,19.678515432008382,0.0,0.0
84,21.0,R3Z9,195.43139338910245,0.0,0.0,32.15600377418778,50.00214185798174,0.0,0.0,0.0,0.0,0.0,0.0,0.0,0.0,0.0,0.0,0.0,31.8317436485276,0.0,0.0
84,21.0,R3Z10,123.57716080189118,0.0,0.0,22.798207631706944,80.0,0.0,0.0,0.0,26.49357698232986,0.0,16.465074948855445,0.0,95.84097746084916,0.0,0.0,0.0,30.192256488905695,0.0,0.0
84,21.0,R4Z1,196.75225803979308,0.0,135.0,0.0,0.0,11.186674445756195,144.42859025248927,0.0,26.49357698232986,0.0,0.0,0.0,197.3506447822353,0.0,0.0,0.0,0.0,0.0,0.0
84,21.0,R4Z2,109.59766873657247,0.0,135.0,0.0,0.0,19.664844530565897,58.374942360875366,0.0,26.49357698232986,0.0,0.0,0.0,193.05404287616895,0.0,0.0,0.0,0.0,0.0,0.0
84,21.0,R4Z3,166.69417486661956,0.0,0.0,10.503660968272143,62.30626432251775,7.105427357601002e-15,0.0,0.0,26.49357698232986,0.0,0.0,0.0,98.67532239111765,0.0,0.0,0.0,0.0,0.0,0.0
85,21.25,R1Z1,101.93447188951646,0.0,135.0,7.504934285899822,240.0,-1.3322676295501878e-14,0.0,0.0,41.42713262547495,0.0,0.0,0.0,70.78330615720223,0.0,0.0,0.0,0.0,0.0,0.0
85,21.25,R1Z2,141.17595895921897,0.0,135.0,2.194863783188822,137.41029575854532,-5.773159728050814e-15,0.0,0.0,0.0,0.0,0.0,0.0,57.080053240550896,0.0,0.0,0.0,0.0,0.0,0.0
85,21.25,R1Z3,168.42451265429762,0.0,0.0,11.078604524985913,59.278085209146376,0.0,0.0,0.0,0.0,0.0,0.0,0.0,0.0,0.0,0.0,0.0,13.716439866612408,0.0,0.0
85,21.25,R1Z4,186.6767515365067,0.0,0.0,8.809673406464995,80.1411727990965,-1.7763568394002505e-15,0.0,0.0,0.0,0.0,0.0,0.0,75.10897447012547,0.0,0.0,0.0,30.40579303561017,0.0,0.0
85,21.25,R1Z5,211.51956324831556,0.0,0.0,20.24554935480829,68.93741905598644,3.552713678800501e-15,0.0,0.0,41.42713262547495,0.0,0.0,0.0,115.85362650077313,0.0,0.0,0.0,17.226087368070583,0.0,0.0
85,21.25,R1Z6,210.2946233236442,0.0,0.0,15.76817774535914,133.9413926777873,5.329070518200751e-15,0.0,0.0,20.713566312737473,0.0,0.0,0.0,115.38640234596724,0.0,0.0,0.0,17.126328642026625,0.0,0.0
85,21.25,R1Z7,171.9406130441408,0.0,0.0,14.35489829457395,60.042213795350214,5.329070518200751e-15,0.0,0.0,0.0,0.0,0.0,0.0,95.08118919569465,0.0,0.0,0.0,14.002789987519382,138.36147095877197,0.0
85,21.25,R2Z1,110.93158102168861,0.0,135.0,0.0,4.93867076052743,35.12561164249321,227.0346671224255,0.0,41.42713262547495,0.0,0.0,0.0,0.0,80.0,80.0,433.76363338958,0.0,0.0,0.0
85,21.25,R2Z2,235.95435436601144,0.0,135.0,13.022242445683759,62.54057510492747,-3.552713678800501e-15,0.0,0.0,20.713566312737473,0.0,0.0,0.0,97.99620991093411,0.0,0.0,0.0,0.0,0.0,0.0
85,21.25,R2Z3,137.84794447223703,0.0,0.0,36.53544932366734,53.91740042536534,7.105427357601002e-15,0.0,0.0,41.42713262547495,0.0,0.0,0.0,94.85092356618975,0.0,0.0,0.0,0.0,0.0,0.0
85,21.25,R2Z4,98.84936256639816,0.0,0.0,5.806285520454324,71.45719487382134,-2.6645352591003757e-15,0.0,0.0,20.713566312737473,0.0,0.0,0.0,90.9388288563755,0.0,0.0,0.0,0.0,0.0,0.0
85,21.25,R2Z5,213.2879166151217,0.0,0.0,37.45455675726289,116.91738595332224,-7.105427357601002e-15,0.0,0.0,0.0,0.0,0.0,0.0,92.31911039148447,0.0,0.0,0.0,0.0,0.0,0.0
85,21.25,R3Z1,146.05387577065403,0.0,135.0,19.44001901812925,131.53139723599128,1.4210854715202004e-14,0.0,0.0,20.713566312737473,0.0,0.0,0.0,0.0,0.0,0.0,0.0,0.0,0.0,0.0
85,21.25,R3Z2,78.3424101968524,0.0,0.0,0.0,12.595094978087474,14.46423754960044,20.71058467524208,0.0,41.42713262547495,0.0,0.0,0.0,84.29641566455834,0.0,0.0,0.0,0.0,0.0,0.0
85,21.25,R3Z3,141.30602832552384,0.0,0.0,10.269486849555875,203.02028030904958,-7.105427357601002e-15,0.0,0.0,41.42713262547495,0.0,0.0,0.0,0.0,0.0,0.0,0.0,0.0,0.0,0.0
85,21.25,R3Z4,152.05379088702225,0.0,0.0,12.247971784380951,160.0,3.552713678800501e-15,0.0,0.0,20.713566312737473,0.0,40.907747210096176,0.0,102.5823805188456,0.0,0.0,0.0,0.0,0.0,0.0
85,21.25,R3Z5,125.48568671923613,0.0,0.0,18.25302749033432,95.10995656067129,-7.105427357601002e-15,0.0,0.0,0.0,0.0,0.0,0.0,0.0,0.0,0.0,0.0,10.34368134213338,0.0,0.0
85,21.25,R3Z6,134.50777822373627,0.0,0.0,16.212905706033354,109.11962226823412,-3.552713678800501e-15,0.0,0.0,0.0,0.0,0.0,0.0,0.0,0.0,0.0,0.0,10.954271575565928,0.0,0.0
85,21.25,R3Z7,200.32814588425228,0.0,0.0,12.695468165209952,58.01110005532312,5.329070518200751e-15,0.0,0.0,0.0,0.0,2.7702342777259474,0.0,103.10084737174755,0.0,0.0,0.0,16.31466182272008,0.0,0.0
85,21.25,R3Z8,189.03673420073895,0.0,0.0,3.930072999933799,226.3056887145508,-1.1102230246251565e-14,0.0,0.0,41.42713262547495,0.0,45.0,0.0,106.61061056047829,0.0,0.0,0.0,15.395092771129752,0.0,0.0
85,21.25,R3Z9,195.52561113749252,0.0,0.0,29.563800658960496,45.66247657904953,0.0,0.0,0.0,0.0,0.0,0.0,0.0,0.0,0.0,0.0,0.0,31.84708977671041,0.0,0.0
85,21.25,R3Z10,139.08661326747045,0.0,0.0,22.817800042006922,74.80260867003487,3.552713678800501e-15,0.0,0.0,20.713566312737473,0.0,45.0,0.0,106.61061056047829,0.0,0.0,0.0,33.98151142731576,0.0,0.0
85,21.25,R4Z1,194.26879478409145,0.0,135.0,13.243769336706862,132.07224397600402,-3.552713678800501e-15,0.0,0.0,20.713566312737473,0.0,0.0,0.0,197.07824887102225,0.0,0.0,0.0,0.0,0.0,0.0
85,21.25,R4Z2,148.32575406785148,0.0,135.0,20.26139731381548,69.72908869577373,7.105427357601002e-15,0.0,0.0,20.713566312737473,0.0,0.0,0.0,192.78757740816584,0.0,0.0,0.0,0.0,0.0,0.0
85,21.25,R4Z3,144.67176240630005,0.0,0.0,0.0,0.0,3.305830281873575,105.91710220094001,0.0,20.713566312737473,0.0,0.0,0.0,98.53912443551113,0.0,0.0,0.0,0.0,0.0,0.0
86,21.5,R1Z1,115.23732490833831,0.0,135.0,12.54777170137892,118.78371023853647,-1.2434497875801753e-14,0.0,0.0,73.39214532398934,0.0,0.0,0.0,70.68560653630341,0.0,0.0,0.0,0.0,0.0,0.0
86,21.5,R1Z2,152.74252625668194,0.0,135.0,3.744440339641656,67.74246106865584,-5.329070518200751e-15,0.0,0.0,0.0,0.0,0.0,0.0,57.00126772083949,0.0,0.0,0.0,0.0,0.0,0.0
86,21.5,R1Z3,214.70293338273416,0.0,0.0,0.0,61.306120336201474,0.0,0.0,0.0,0.0,0.0,0.0,0.0,0.0,0.0,0.0,0.0,17.485340040581185,0.0,0.0
86,21.5,R1Z4,156.4131282510119,0.0,0.0,16.229033576931585,141.30423262564,7.105427357601002e-15,0.0,0.0,0.0,0.0,0.0,0.0,75.0053042867134,0.0,0.0,0.0,25.476472921817237,0.0,0.0
86,21.5,R1Z5,199.6987007693208,0.0,0.0,9.085260385667361,43.18640106013376,0.0,0.0,0.0,73.39214532398934,0.0,0.0,0.0,115.69371795731317,0.0,0.0,0.0,16.263400008556413,0.0,0.0
86,21.5,R1Z6,184.79475784788883,0.0,0.0,6.6209498100404005,181.10040218016871,-8.881784197001252e-15,0.0,0.0,36.69607266199467,0.0,0.0,0.0,115.22713869500068,0.0,0.0,0.0,15.049627537818443,0.0,0.0
86,21.5,R1Z7,179.69679758366863,0.0,0.0,6.435781185813056,80.0,-4.440892098500626e-15,0.0,0.0,0.0,0.0,0.0,0.0,94.9499520913074,0.0,0.0,0.0,14.634451241301063,7.7613587914473925,0.0
86,21.5,R2Z1,100.38763020752016,0.0,135.0,0.0,65.99825838744971,30.83991203150404,31.274599783746908,0.0,73.39214532398934,0.0,0.0,0.0,0.0,80.0,80.0,430.82948792681873,0.0,0.0,0.0
86,21.5,R2Z2,220.23182305414483,0.0,135.0,7.94710553997642,80.0,5.329070518200751e-15,0.0,0.0,36.69607266199467,0.0,0.0,0.0,97.86094930956355,0.0,0.0,0.0,0.0,0.0,0.0
86,21.5,R2Z3,181.90270390275776,0.0,0.0,24.338263288817224,57.406693706236915,-3.552713678800501e-15,0.0,0.0,73.39214532398934,0.0,0.0,0.0,94.72000428906897,0.0,0.0,0.0,0.0,0.0,0.0
86,21.5,R2Z4,88.6892790266604,0.0,0.0,0.0,35.91750457723825,8.651391428926502,7.517750049741402,0.0,36.69607266199467,0.0,0.0,0.0,90.81330930117814,0.0,0.0,0.0,0.0,0.0,0.0
86,21.5,R2Z5,140.43796477538046,0.0,0.0,0.0,0.0,35.767225180600825,86.28471974494559,0.0,0.0,0.0,0.0,0.0,92.19168568392796,0.0,0.0,0.0,0.0,0.0,0.0
86,21.5,R3Z1,127.15567944731089,0.0,135.0,9.920740408294932,160.0,7.105427357601002e-15,0.0,0.0,36.69607266199467,0.0,0.0,0.0,0.0,0.0,0.0,0.0,0.0,0.0,0.0
86,21.5,R3Z2,107.1259974315179,0.0,0.0,15.7898176904041,49.26779944397456,-7.105427357601002e-15,0.0,0.0,73.39214532398934,0.0,0.0,0.0,84.18006439049852,0.0,0.0,0.0,0.0,0.0,0.0
86,21.5,R3Z3,95.75927299199007,0.0,0.0,0.0,22.367127668000734,19.255432123703777,77.43070282777228,0.0,73.39214532398934,0.0,0.0,0.0,0.0,0.0,0.0,0.0,0.0,0.0,0.0
86,21.5,R3Z4,90.37072747221872,0.0,0.0,0.0,70.88648109912957,12.395678668496009,9.848382447154847,0.0,36.69607266199467,0.0,17.211826288905517,0.0,106.61061056047829,0.0,0.0,0.0,0.0,0.0,0.0
86,21.5,R3Z5,132.90765159956118,0.0,0.0,10.247062006297014,73.97711263105121,-5.329070518200751e-15,0.0,0.0,0.0,0.0,0.0,0.0,0.0,0.0,0.0,0.0,32.47187328461958,0.0,0.0
86,21.5,R3Z6,141.0335196642454,0.0,0.0,15.63533293831967,36.21772299157529,0.0,0.0,0.0,0.0,0.0,0.0,0.0,0.0,0.0,0.0,0.0,11.485725926498379,0.0,0.0
86,21.5,R3Z7,180.1075315081682,0.0,0.0,0.797818861097781,35.42313710796136,-1.6653345369377348e-15,0.0,0.0,0.0,0.0,0.0,4.192496309977599,101.87695199780711,0.0,0.0,0.0,14.667901284218152,0.0,0.0
86,21.5,R3Z8,176.15515956027485,0.0,0.0,5.450816068335342,219.8865864726994,-9.769962616701378e-15,0.0,0.0,73.39214532398934,0.0,0.0,19.06620013724536,101.54472135131445,0.0,0.0,0.0,14.346021343469626,0.0,0.0
86,21.5,R3Z9,181.8644975627451,0.0,0.0,13.74521472765144,27.165992813763328,3.552713678800501e-15,0.0,0.0,0.0,0.0,0.0,0.0,0.0,0.0,0.0,0.0,29.621976105239096,0.0,0.0
86,21.5,R3Z10,130.08019502212727,0.0,0.0,8.540300919592832,5.40767150506543,0.0,0.0,0.0,36.69607266199467,0.0,0.0,38.65303361508016,96.49166880152342,0.0,0.0,0.0,31.781071734857633,0.0,0.0
86,21.5,R4Z1,200.48743608480348,0.0,135.0,10.9456505356697,182.7343628559665,-7.105427357601002e-15,0.0,0.0,36.69607266199467,0.0,0.0,0.0,196.80622893796996,0.0,0.0,0.0,0.0,0.0,0.0
86,21.5,R4Z2,165.78126538286918,0.0,135.0,0.0,0.0,7.047469482293199,45.21010803562273,0.0,36.69607266199467,0.0,0.0,0.0,192.5214797327486,0.0,0.0,0.0,0.0,0.0,0.0
86,21.5,R4Z3,153.51660640125917,0.0,0.0,0.0,0.0,0.9251924291194829,124.07941791162366,0.0,36.69607266199467,0.0,0.0,0.0,98.40311446898498,0.0,0.0,0.0,0.0,0.0,0.0
87,21.75,R1Z1,109.75811181299493,0.0,135.0,4.149007025224137,240.0,0.0,0.0,0.0,60.23367076889454,0.0,0.0,0.0,70.58804176663494,0.0,0.0,0.0,0.0,0.0,0.0
87,21.75,R1Z2,162.25796335901543,0.0,135.0,2.43192178903152,160.0,1.1102230246251565e-14,0.0,0.0,0.0,0.0,0.0,0.0,56.92259094591307,0.0,0.0,0.0,0.0,0.0,0.0
87,21.75,R1Z3,192.4583346813512,0.0,0.0,7.913306728996261,57.12095792364207,-1.7763568394002505e-15,0.0,0.0,0.0,0.0,0.0,0.0,0.0,0.0,0.0,0.0,15.673746848854304,0.0,0.0
87,21.75,R1Z4,189.58412067511367,0.0,0.0,15.381491810601034,94.717207181359,1.7763568394002505e-15,0.0,0.0,0.0,0.0,0.0,0.0,74.90177719548177,0.0,0.0,0.0,30.87934351031572,0.0,0.0
87,21.75,R1Z5,225.98695474065926,0.0,0.0,14.563333573726425,71.91975900555246,5.329070518200751e-15,0.0,0.0,60.23367076889454,0.0,0.0,0.0,115.53403012979489,0.0,0.0,0.0,18.404307226356803,90.02370655508231,0.0
87,21.75,R1Z6,174.7244503256642,0.0,0.0,2.1922160274609723,172.46491864140629,-2.220446049250313e-15,0.0,0.0,30.11683538444727,0.0,0.0,0.0,115.06809486985416,0.0,0.0,0.0,14.229504828896571,0.0,0.0
87,21.75,R1Z7,163.7188379367054,0.0,0.0,9.213035257851402,44.81287775666536,0.0,0.0,0.0,0.0,0.0,0.0,0.0,94.81889612871814,0.0,0.0,0.0,13.333211182862703,0.0,0.0
87,21.75,R2Z1,130.96011838177728,0.0,135.0,0.0,96.37086445967591,12.321224667639267,114.4496932566019,0.0,60.23367076889454,0.0,0.0,0.0,0.0,80.0,80.0,427.89633448096805,0.0,0.0,0.0
87,21.75,R2Z2,220.53892353461748,0.0,135.0,3.9026047644233515,39.84521452722931,4.440892098500626e-16,0.0,0.0,30.11683538444727,0.0,0.0,0.0,97.72587540347743,0.0,0.0,0.0,0.0,0.0,0.0
87,21.75,R2Z3,135.22577830832532,0.0,0.0,0.0,0.0,18.960423374035326,24.779950026974703,0.0,60.23367076889454,0.0,0.0,0.0,94.58926571506079,0.0,0.0,0.0,0.0,0.0,0.0
87,21.75,R2Z4,102.62423233254202,0.0,0.0,0.0,0.0,8.94160920061355,88.88036120858091,0.0,30.11683538444727,0.0,0.0,0.0,90.68796299605377,0.0,0.0,0.0,0.0,0.0,0.0
87,21.75,R2Z5,122.68739403115059,0.0,0.0,16.91404805603551,104.30270247436499,0.0,0.0,0.0,0.0,0.0,0.0,0.0,92.0644368560569,0.0,0.0,0.0,0.0,0.0,0.0
87,21.75,R3Z1,158.040282826698,0.0,135.0,25.204013447018525,120.95563411869364,-1.0658141036401503e-14,0.0,0.0,30.11683538444727,0.0,0.0,0.0,0.0,0.0,0.0,0.0,0.0,0.0,0.0
87,21.75,R3Z2,72.96475738443073,0.0,0.0,18.279765216336372,80.0,3.552713678800501e-15,0.0,0.0,60.23367076889454,0.0,0.0,0.0,84.06387371186696,0.0,0.0,0.0,0.0,0.0,0.0
87,21.75,R3Z3,121.50305819829808,0.0,0.0,0.0,61.26938742940354,5.902319295110236,49.27755572032332,0.0,60.23367076889454,0.0,0.0,0.0,0.0,0.0,0.0,0.0,0.0,0.0,0.0
87,21.75,R3Z4,124.99877647431556,0.0,0.0,0.0,60.36987121734924,0.0,0.0,0.0,30.11683538444727,0.0,0.0,34.51206987251905,97.55996334855266,0.0,0.0,0.0,0.0,0.0,0.0
87,21.75,R3Z5,163.24998822747315,0.0,0.0,8.279007845108978,72.62767245000094,1.7763568394002505e-15,0.0,0.0,0.0,0.0,0.0,0.0,0.0,0.0,0.0,0.0,39.885084625599156,0.0,0.0
87,21.75,R3Z6,154.2179367198164,0.0,0.0,3.5440765897813264,95.76066083090767,-5.329070518200751e-15,0.0,0.0,0.0,0.0,0.0,0.0,0.0,0.0,0.0,0.0,12.55946074614587,0.0,0.0
87,21.75,R3Z7,191.76889111898845,0.0,0.0,12.630960496796998,16.614181225899184,0.0,0.0,0.0,0.0,0.0,0.0,45.0,90.12714018098735,0.0,0.0,0.0,15.617598779814125,119.02824910080399,0.0
87,21.75,R3Z8,246.18361048605325,0.0,0.0,4.671938038440047,58.43408937435969,3.552713678800501e-15,0.0,0.0,60.23367076889454,0.0,0.0,45.0,89.79536810036251,0.0,0.0,0.0,20.049116581435555,0.0,0.0
87,21.75,R3Z9,182.75044053047415,0.0,0.0,15.10208666623015,55.14465556569007,1.7763568394002505e-15,0.0,0.0,0.0,0.0,0.0,0.0,0.0,0.0,0.0,0.0,29.76627794409371,0.0,0.0
87,21.75,R3Z10,135.98868104471586,0.0,0.0,7.102502014907117,45.48752743109183,-1.7763568394002505e-15,0.0,0.0,30.11683538444727,0.0,0.0,45.0,84.74929009506928,0.0,0.0,0.0,33.22462752055083,0.0,0.0
87,21.75,R4Z1,203.31118095609858,0.0,135.0,0.0,155.89771408039127,6.870992086181351,20.511966143510705,0.0,30.11683538444727,0.0,0.0,0.0,196.53458446412944,0.0,0.0,0.0,0.0,0.0,0.0
87,21.75,R4Z2,179.173146717687,0.0,135.0,1.404902369841281,49.642310187133276,3.1086244689504383e-15,0.0,0.0,30.11683538444727,0.0,0.0,0.0,192.25574934226645,0.0,0.0,0.0,0.0,0.0,0.0
87,21.75,R4Z3,172.4805615999301,0.0,0.0,5.05834796675137,73.72891245573508,6.217248937900877e-15,0.0,0.0,30.11683538444727,0.0,0.0,0.0,98.26729223206472,0.0,0.0,0.0,0.0,0.0,0.0
88,22.0,R1Z1,105.65791117073746,0.0,135.0,8.523340220626523,174.19738228082272,8.881784197001252e-15,0.0,0.0,50.6156522928421,0.0,0.0,0.0,70.49061166206658,0.0,0.0,0.0,0.0,0.0,0.0
88,22.0,R1Z2,153.3258276855751,0.0,135.0,0.0,106.11586697421649,0.0,0.0,0.0,0.0,0.0,0.0,0.0,56.844022765675156,0.0,0.0,0.0,0.0,0.0,0.0
88,22.0,R1Z3,179.40057267271888,0.0,0.0,9.825122340098424,59.73682323735144,1.7763568394002505e-15,0.0,0.0,0.0,0.0,0.0,0.0,0.0,0.0,0.0,0.0,14.610326776791704,95.2283003184773,0.0
88,22.0,R1Z4,213.25080927243334,0.0,0.0,2.3419864222927345,129.22365076909352,-1.3322676295501878e-14,0.0,0.0,0.0,0.0,0.0,0.0,74.79839299892568,0.0,0.0,0.0,34.734159010400155,0.0,0.0
88,22.0,R1Z5,230.09164512661135,0.0,0.0,4.141279358470726,43.37199610667834,-1.7763568394002505e-15,0.0,0.0,50.6156522928421,0.0,0.0,0.0,115.37456271357212,0.0,0.0,0.0,18.738591933271984,0.0,0.0
88,22.0,R1Z6,178.1542627748055,0.0,0.0,2.4826288132179712,99.73018392655001,-2.220446049250313e-15,0.0,0.0,25.30782614642105,0.0,0.0,0.0,114.90927056711014,0.0,0.0,0.0,14.508827686781087,115.8625602499867,0.0
88,22.0,R1Z7,172.78221818245038,0.0,0.0,6.2760753608103315,49.59291908503697,-2.6645352591003757e-15,0.0,0.0,0.0,0.0,0.0,0.0,94.68802105790348,0.0,0.0,0.0,14.071330047924661,0.0,0.0
88,22.0,R2Z1,129.08144919059666,0.0,135.0,20.16116372771765,91.47405857099137,3.552713678800501e-15,0.0,0.0,50.6156522928421,0.0,0.0,0.0,0.0,80.0,80.0,424.96417271663296,0.0,0.0,0.0
88,22.0,R2Z2,198.73811739614015,0.0,135.0,0.0,0.0,7.297359129792202,74.24709217176522,0.0,25.30782614642105,0.0,0.0,0.0,97.59098793498704,0.0,0.0,0.0,0.0,0.0,0.0
88,22.0,R2Z3,128.18760393525693,0.0,0.0,0.0,0.0,13.21159388414267,60.88138554671913,0.0,50.6156522928421,0.0,0.0,0.0,94.4587075947473,0.0,0.0,0.0,0.0,0.0,0.0
88,22.0,R2Z4,99.96560655048636,0.0,0.0,6.994176437667861,75.22360338918803,3.552713678800501e-15,0.0,0.0,25.30782614642105,0.0,0.0,0.0,90.56278970187162,0.0,0.0,0.0,0.0,0.0,0.0
88,22.0,R2Z5,131.69356298309137,0.0,0.0,8.413419170776123,90.9348987551424,5.329070518200751e-15,0.0,0.0,0.0,0.0,0.0,0.0,91.93736366511095,0.0,0.0,0.0,0.0,0.0,0.0
88,22.0,R3Z1,143.85732774290557,0.0,135.0,10.880567318365792,60.957338105041615,1.7763568394002505e-15,0.0,0.0,25.30782614642105,0.0,0.0,0.0,0.0,0.0,0.0,0.0,0.0,0.0,0.0
88,22.0,R3Z2,116.50457808507407,0.0,0.0,0.0,0.0,12.680088640524593,43.55902935916048,0.0,50.6156522928421,0.0,0.0,0.0,83.94784340699965,0.0,0.0,0.0,0.0,0.0,0.0
88,22.0,R3Z3,126.76520981879783,0.0,0.0,0.0,240.0,0.0,0.0,0.0,50.6156522928421,0.0,0.0,0.0,0.0,0.0,0.0,0.0,0.0,0.0,0.0
88,22.0,R3Z4,123.64743538531759,0.0,0.0,1.7211064344350717,82.51809355831026,-5.773159728050814e-15,0.0,0.0,25.30782614642105,0.0,0.0,14.10040924615123,93.78765161014657,0.0,0.0,0.0,0.0,0.0,0.0
88,22.0,R3Z5,139.0606943083328,0.0,0.0,0.0,35.92227431860162,0.0,0.0,0.0,0.0,0.0,0.0,0.0,0.0,0.0,0.0,0.0,33.97517893143115,0.0,0.0
88,22.0,R3Z6,166.04764317658726,0.0,0.0,3.930460547294601,84.09876208692597,0.0,0.0,0.0,0.0,0.0,0.0,0.0,0.0,0.0,0.0,0.0,13.52286835645629,0.0,0.0
88,22.0,R3Z7,208.72283017510105,0.0,0.0,14.295314440890728,48.15839715554358,0.0,0.0,0.0,0.0,0.0,0.0,45.0,78.39354620171233,0.0,0.0,0.0,16.998322297433557,0.0,0.0
88,22.0,R3Z8,228.8097514769732,0.0,0.0,6.209607219898402,141.51030603288714,1.2434497875801753e-14,0.0,0.0,50.6156522928421,0.0,0.0,45.0,78.06223205401349,0.0,0.0,0.0,18.634194913600954,0.0,0.0
88,22.0,R3Z9,185.9969397468947,0.0,0.0,0.0,80.0,0.0,0.0,0.0,0.0,0.0,0.0,0.0,0.0,0.0,0.0,0.0,30.29506571467718,0.0,0.0
88,22.0,R3Z10,109.19790739646386,0.0,0.0,2.695580984363872,33.36145321831708,-4.440892098500626e-16,0.0,0.0,25.30782614642105,0.0,0.0,45.0,73.0231189665082,0.0,0.0,0.0,26.679130729109243,53.34610274713609,0.0
88,22.0,R4Z1,177.67543691327174,0.0,135.0,0.0,155.2856036228411,0.0,0.0,0.0,25.30782614642105,0.0,0.0,0.0,196.26331493126798,0.0,0.0,0.0,0.0,0.0,0.0
88,22.0,R4Z2,191.06402259307782,0.0,135.0,2.288616260211356,55.071034715641794,8.881784197001252e-16,0.0,0.0,25.30782614642105,0.0,0.0,0.0,191.99038572976943,0.0,0.0,0.0,0.0,0.0,0.0
88,22.0,R4Z3,149.93489568294413,0.0,0.0,0.0,76.37644743190287,0.0,36.35756123216399,0.0,25.30782614642105,0.0,0.0,0.0,98.13165746563399,0.0,0.0,0.0,0.0,0.0,0.0
89,22.25,R1Z1,127.62393625466537,0.0,135.0,0.0,207.24889860332527,0.0,0.0,0.0,89.20997475158961,0.0,0.0,0.0,70.393316036725,0.0,0.0,0.0,0.0,0.0,0.0
89,22.25,R1Z2,145.17698111509236,0.0,135.0,3.9965816925625575,143.99540332772548,-5.773159728050814e-15,0.0,0.0,0.0,0.0,0.0,0.0,56.765563030236464,0.0,0.0,0.0,0.0,0.0,0.0
89,22.25,R1Z3,192.07575340439936,0.0,0.0,2.5459144109373995,58.99649518036387,2.6645352591003757e-15,0.0,0.0,0.0,0.0,0.0,0.0,0.0,0.0,0.0,0.0,15.642589548787342,0.0,0.0
89,22.25,R1Z4,175.88796292832956,0.0,0.0,4.688185920618878,108.09846787288592,-4.440892098500626e-15,0.0,0.0,0.0,0.0,0.0,0.0,74.6951514998128,0.0,0.0,0.0,28.64852186592715,0.0,0.0
89,22.25,R1Z5,216.833734496769,0.0,0.0,1.8516530950391399,51.416792331722725,-2.220446049250313e-16,0.0,0.0,89.20997475158961,0.0,0.0,0.0,115.21531540441917,0.0,0.0,0.0,17.658871819820234,0.0,0.0
89,22.25,R1Z6,179.55046902108893,0.0,0.0,16.190366095144782,156.10914321212792,3.552713678800501e-15,0.0,0.0,44.604987375794806,0.0,0.0,0.0,114.75066548376982,0.0,0.0,0.0,14.622534288728298,0.0,0.0
89,22.25,R1Z7,178.42789105072688,0.0,0.0,0.0,70.69087108727642,0.0,0.0,0.0,0.0,0.0,0.0,0.0,94.55732662918506,0.0,0.0,0.0,14.531111888369868,63.99006200965718,0.0
89,22.25,R2Z1,97.15521713111771,0.0,135.0,0.0,0.0,13.034155660274962,118.7347350152443,0.0,89.20997475158961,0.0,0.0,0.0,0.0,80.0,80.0,422.03300229853204,0.0,0.0,0.0
89,22.25,R2Z2,203.84544201799412,0.0,135.0,0.0,0.0,5.7573031403250425,40.03790319095649,0.0,44.604987375794806,0.0,0.0,0.0,97.45628664675935,0.0,0.0,0.0,0.0,0.0,0.0
89,22.25,R2Z3,142.2678235812702,0.0,0.0,0.0,0.0,27.521792342812283,104.40433476304352,0.0,89.20997475158961,0.0,0.0,0.0,94.32832967905482,0.0,0.0,0.0,0.0,0.0,0.0
89,22.25,R2Z4,103.56637159480371,0.0,0.0,0.0,115.83776169672574,6.282975056582534,23.2103209383816,0.0,44.604987375794806,0.0,0.0,0.0,90.43778917983099,0.0,0.0,0.0,0.0,0.0,0.0
89,22.25,R2Z5,146.50384750813828,0.0,0.0,13.96408074803756,191.6858768080178,7.105427357601002e-15,0.0,0.0,0.0,0.0,0.0,0.0,91.81046586866486,0.0,0.0,0.0,0.0,0.0,0.0
89,22.25,R3Z1,162.10466090349848,0.0,135.0,0.0,0.0,11.68635993010324,85.33439039935672,0.0,44.604987375794806,0.0,0.0,0.0,0.0,0.0,0.0,0.0,0.0,0.0,0.0
89,22.25,R3Z2,115.41125010973364,0.0,0.0,0.0,18.811554740453865,0.0,0.0,0.0,89.20997475158961,0.0,0.0,0.0,83.83197325453852,0.0,0.0,0.0,0.0,0.0,0.0
89,22.25,R3Z3,123.26157798855394,0.0,0.0,0.0,40.44332003345488,20.877683164892794,112.02126824395435,0.0,89.20997475158961,0.0,0.0,0.0,0.0,0.0,0.0,0.0,0.0,0.0,0.0
89,22.25,R3Z4,113.00663161292812,0.0,0.0,0.0,112.03386620180626,0.0,0.0,0.0,44.604987375794806,0.0,42.6342181434733,0.0,103.98697301929131,0.0,0.0,0.0,0.0,0.0,0.0
89,22.25,R3Z5,129.71901177515505,0.0,0.0,1.359060794486922,69.79713745943022,-6.8833827526759706e-15,0.0,0.0,0.0,0.0,0.0,0.0,0.0,0.0,0.0,0.0,31.69282778135264,26.869985739885237,0.0
89,22.25,R3Z6,130.61194656280972,0.0,0.0,10.0644651805084,23.246741583567037,-1.7763568394002505e-15,0.0,0.0,0.0,0.0,0.0,0.0,0.0,0.0,0.0,0.0,10.636996258182487,86.66374354055179,0.0
89,22.25,R3Z7,240.79391307412743,0.0,0.0,2.7793228955686367,15.857560774493301,8.881784197001252e-16,0.0,0.0,0.0,0.0,0.0,45.0,66.6761476750912,0.0,0.0,0.0,19.61018130245002,0.0,0.0
89,22.25,R3Z8,200.02960724393975,0.0,0.0,0.0,103.77507965646771,0.0,0.0,0.0,89.20997475158961,0.0,0.0,45.0,66.34529082825026,0.0,0.0,0.0,16.290348928811863,0.0,0.0
89,22.25,R3Z9,195.15710570920595,0.0,0.0,14.63705476310723,56.05528216246901,5.329070518200751e-15,0.0,0.0,0.0,0.0,0.0,0.0,0.0,0.0,0.0,0.0,31.78706784204122,0.0,0.0
89,22.25,R3Z10,127.03268440203533,0.0,0.0,0.0,11.89530542592427,0.0,0.0,0.0,44.604987375794806,0.0,0.0,45.0,61.3131330451104,0.0,0.0,0.0,31.03650678695448,7.195369617114025,0.0
89,22.25,R4Z1,164.940350345627,0.0,135.0,0.0,34.02278674301728,0.0,92.53836214239526,0.0,44.604987375794806,0.0,0.0,0.0,195.99241982186822,0.0,0.0,0.0,0.0,0.0,0.0
89,22.25,R4Z2,168.99657409541547,0.0,135.0,10.675045059130426,70.74627934782204,-7.105427357601002e-15,0.0,0.0,44.604987375794806,0.0,0.0,0.0,191.7253883890072,0.0,0.0,0.0,0.0,0.0,0.0
89,22.25,R4Z3,191.70414835080072,0.0,0.0,0.5619686608974632,152.44344537080937,1.5543122344752192e-15,0.0,0.0,44.604987375794806,0.0,0.0,0.0,97.99620991093411,0.0,0.0,0.0,0.0,0.0,0.0
90,22.5,R1Z1,131.46014737442778,0.0,135.0,0.7151758415850509,145.09367845444953,-8.992806499463768e-15,0.0,0.0,81.49190908550004,0.0,0.0,0.0,70.2961547049934,0.0,0.0,0.0,0.0,0.0,0.0
90,22.5,R1Z2,145.417072610092,0.0,135.0,3.5859425994001413,73.91210772411758,-6.661338147750939e-15,0.0,0.0,0.0,0.0,0.0,0.0,56.68721158991456,0.0,0.0,0.0,0.0,0.0,0.0
90,22.5,R1Z3,176.87695646054104,0.0,0.0,0.0,45.94550760217095,0.0,0.0,0.0,0.0,0.0,0.0,0.0,0.0,0.0,0.0,0.0,14.40480425827449,0.0,0.0
90,22.5,R1Z4,212.23652331071122,0.0,0.0,1.7496559693733786,65.5646763528239,6.8833827526759706e-15,0.0,0.0,0.0,0.0,0.0,0.0,74.59205250118303,0.0,0.0,0.0,34.568952744610726,0.0,0.0
90,22.5,R1Z5,205.2092359386437,0.0,0.0,0.0,80.0,0.0,0.0,0.0,81.49190908550004,0.0,0.0,0.0,115.05628789853029,0.0,0.0,0.0,16.71217627687796,0.0,0.0
90,22.5,R1Z6,194.6253772742924,0.0,0.0,10.488745827880848,106.28992359252364,-5.329070518200751e-15,0.0,0.0,40.74595454275002,0.0,0.0,0.0,114.59227931725263,0.0,0.0,0.0,15.850230122850625,0.0,0.0
90,22.5,R1Z7,166.79991179211984,0.0,0.0,2.7192724705719016,34.994439264516444,-4.440892098500626e-16,0.0,0.0,0.0,0.0,0.0,0.0,94.42681259322917,0.0,0.0,0.0,13.58413287826418,207.3583556407969,0.0
90,22.5,R2Z1,110.44262867562455,0.0,135.0,22.01843424227934,70.84848590089902,-3.552713678800501e-15,0.0,0.0,81.49190908550004,0.0,0.0,0.0,0.0,80.0,80.0,419.102822891497,0.0,0.0,0.0
90,22.5,R2Z2,184.17256142205736,0.0,135.0,0.0,0.0,3.8198107733099653,46.18583368125208,0.0,40.74595454275002,0.0,0.0,0.0,97.32177128181654,0.0,0.0,0.0,0.0,0.0,0.0
90,22.5,R2Z3,139.72035901951705,0.0,0.0,0.0,0.0,16.24920046745066,109.06397573419655,0.0,81.49190908550004,0.0,0.0,0.0,94.19813171925345,0.0,0.0,0.0,0.0,0.0,0.0
90,22.5,R2Z4,104.98377541880994,0.0,0.0,3.598620430177462,77.72326902336245,6.217248937900877e-15,0.0,0.0,40.74595454275002,0.0,0.0,0.0,90.31296119146076,0.0,0.0,0.0,0.0,0.0,0.0
90,22.5,R2Z5,117.09534824847731,0.0,0.0,14.7725420225308,80.61357250017005,3.552713678800501e-15,0.0,0.0,0.0,0.0,0.0,0.0,91.68374322462797,0.0,0.0,0.0,0.0,0.0,0.0
90,22.5,R3Z1,144.25653561588283,0.0,135.0,9.155051675258846,89.22977567382141,3.552713678800501e-15,0.0,0.0,40.74595454275002,0.0,0.0,0.0,0.0,0.0,0.0,0.0,0.0,0.0,0.0
90,22.5,R3Z2,115.63912091116066,0.0,0.0,0.0,69.9351463816183,0.0,0.0,0.0,81.49190908550004,0.0,0.0,0.0,83.71626303343103,0.0,0.0,0.0,0.0,0.0,0.0
90,22.5,R3Z3,157.6773746406405,0.0,0.0,4.301554116727502,98.93807415345202,0.0,0.0,0.0,81.49190908550004,0.0,0.0,0.0,0.0,0.0,0.0,0.0,0.0,0.0,0.0
90,22.5,R3Z4,128.70741165364484,0.0,0.0,9.233776065113226,62.07370564378248,0.0,0.0,0.0,40.74595454275002,0.0,0.0,16.653975401999105,99.54701593878116,0.0,0.0,0.0,0.0,0.0,0.0
90,22.5,R3Z5,133.96164496091765,0.0,0.0,12.017133692755209,94.406191339717,7.105427357601002e-15,0.0,0.0,0.0,0.0,0.0,0.0,0.0,0.0,0.0,0.0,27.538319928445446,0.0,0.0
90,22.5,R3Z6,146.03391937754225,0.0,0.0,19.117562750731793,107.76048354398807,-7.105427357601002e-15,0.0,0.0,0.0,0.0,0.0,0.0,0.0,0.0,0.0,0.0,11.892956922126924,0.0,0.0
90,22.5,R3Z7,226.10969319329715,0.0,0.0,0.0,37.75594614139636,0.0,0.0,0.0,0.0,0.0,0.0,45.0,54.974922247130216,0.0,0.0,0.0,18.414303007721387,86.77140787543794,0.0
90,22.5,R3Z8,211.40564693928323,0.0,0.0,1.3843089762269685,41.37068055132665,-1.9984014443252818e-15,0.0,0.0,81.49190908550004,0.0,0.0,45.0,54.644522069951414,0.0,0.0,0.0,17.2168100593342,0.0,0.0
90,22.5,R3Z9,199.83266824709597,0.0,0.0,12.932274478751289,24.11512720768816,1.7763568394002505e-15,0.0,0.0,0.0,0.0,0.0,0.0,0.0,0.0,0.0,0.0,32.54862055646337,0.0,0.0
90,22.5,R3Z10,144.31238914577153,0.0,0.0,0.0,40.63843494872211,0.0,0.0,0.0,40.74595454275002,0.0,0.0,45.0,49.61930999102357,0.0,0.0,0.0,35.25826810830262,0.0,0.0
90,22.5,R4Z1,198.68193560940546,0.0,135.0,0.0,6.44644996394797,6.439524709332107,146.64498216678595,0.0,40.74595454275002,0.0,0.0,0.0,195.7218986191271,0.0,0.0,0.0,0.0,0.0,0.0
90,22.5,R4Z2,187.48836499488294,0.0,135.0,0.0,0.0,0.0,21.24673902768876,0.0,40.74595454275002,0.0,0.0,0.0,191.46075681442824,0.0,0.0,0.0,0.0,0.0,0.0
90,22.5,R4Z3,157.42833843468352,0.0,0.0,6.226533980541262,148.2381519915955,-2.6645352591003757e-15,0.0,0.0,40.74595454275002,0.0,0.0,0.0,97.86094930956355,0.0,0.0,0.0,0.0,0.0,0.0
91,22.75,R1Z1,109.8653999568054,0.0,135.0,4.358122359851791,199.52354093984218,1.2434497875801753e-14,0.0,0.0,55.457777988922274,0.0,0.0,0.0,70.19912748151121,0.0,0.0,0.0,0.0,0.0,0.0
91,22.75,R1Z2,142.84071617802567,0.0,135.0,2.8137507010874288,109.86597826777245,-1.3322676295501878e-15,0.0,0.0,0.0,0.0,0.0,0.0,56.608968295233666,0.0,0.0,0.0,0.0,0.0,0.0
91,22.75,R1Z3,186.37763486789754,0.0,0.0,2.296562937097491,52.082479066574706,-1.7763568394002505e-15,0.0,0.0,0.0,0.0,0.0,0.0,0.0,0.0,0.0,0.0,15.178536549452375,116.82005631477298,0.0
91,22.75,R1Z4,165.37578625323155,0.0,0.0,0.0,94.40612901208112,0.0,0.0,0.0,0.0,0.0,0.0,0.0,74.48909580634816,0.0,0.0,0.0,26.93630507564145,0.0,0.0
91,22.75,R1Z5,182.24330551749097,0.0,0.0,0.0,47.54085466084735,0.0,0.0,0.0,55.457777988922274,0.0,0.0,0.0,114.89747989251897,0.0,0.0,0.0,14.84183805450099,36.71133339350973,0.0
91,22.75,R1Z6,179.53504753785285,0.0,0.0,0.0,152.88495857492757,0.0,0.0,0.0,27.728888994461137,0.0,0.0,0.0,114.43411176539566,0.0,0.0,0.0,14.621278367935487,0.0,0.0
91,22.75,R1Z7,177.74085781842322,0.0,0.0,4.602026300623621,31.409178441166453,8.881784197001252e-16,0.0,0.0,0.0,0.0,0.0,0.0,94.29647870104627,0.0,0.0,0.0,14.475160115859175,0.0,0.0
91,22.75,R2Z1,120.75044701735796,0.0,135.0,17.291050665788845,104.29845168843214,-3.552713678800501e-15,0.0,0.0,55.457777988922274,0.0,0.0,0.0,0.0,80.0,80.0,416.173634160473,0.0,0.0,0.0
91,22.75,R2Z2,228.13535100559204,0.0,135.0,2.356383792502994,4.760513189942584,-4.440892098500626e-16,0.0,0.0,27.728888994461137,0.0,0.0,0.0,97.18744158353545,0.0,0.0,0.0,0.0,0.0,0.0
91,22.75,R2Z3,155.44231705801133,0.0,0.0,17.793457225101122,61.37795855675232,3.552713678800501e-15,0.0,0.0,55.457777988922274,0.0,0.0,0.0,94.06811346695666,0.0,0.0,0.0,0.0,0.0,0.0
91,22.75,R2Z4,94.51624514747975,0.0,0.0,0.0,112.88926460554747,0.0,0.0,0.0,27.728888994461137,0.0,0.0,0.0,90.188305498619,0.0,0.0,0.0,0.0,0.0,0.0
91,22.75,R2Z5,135.29276793537036,0.0,0.0,12.747287300733035,174.31136816104106,1.0658141036401503e-14,0.0,0.0,0.0,0.0,0.0,0.0,91.55719549124382,0.0,0.0,0.0,0.0,0.0,0.0
91,22.75,R3Z1,158.65210701538425,0.0,135.0,15.187237439799297,15.471469917116657,1.7763568394002505e-15,0.0,0.0,27.728888994461137,0.0,0.0,0.0,0.0,0.0,0.0,0.0,0.0,0.0,0.0
91,22.75,R3Z2,146.30375517535427,0.0,0.0,14.45237355175567,68.44722792890467,0.0,0.0,0.0,55.457777988922274,0.0,0.0,0.0,83.60071252292977,0.0,0.0,0.0,0.0,0.0,0.0
91,22.75,R3Z3,140.03473844305046,0.0,0.0,4.35900391644671,95.53815289746774,3.552713678800501e-15,0.0,0.0,55.457777988922274,0.0,0.0,0.0,0.0,0.0,0.0,0.0,0.0,0.0,0.0
91,22.75,R3Z4,152.9032534366908,0.0,0.0,0.0,66.91252373020548,0.0,0.0,0.0,27.728888994461137,0.0,0.0,45.0,87.80042004789145,0.0,0.0,0.0,13.261840712024167,0.0,0.0
91,22.75,R3Z5,159.53228525126974,0.0,0.0,0.0,47.91814970788843,0.0,0.0,0.0,0.0,0.0,0.0,0.0,0.0,0.0,0.0,0.0,38.97677890730348,0.0,0.0
91,22.75,R3Z6,148.0603078355521,0.0,0.0,2.199810289415211,103.2553880210607,-6.217248937900877e-15,0.0,0.0,0.0,0.0,0.0,0.0,0.0,0.0,0.0,0.0,12.057985367171264,0.0,0.0
91,22.75,R3Z7,218.02715282180176,0.0,0.0,2.048013731646421,64.77378012457785,2.6645352591003757e-15,0.0,0.0,0.0,0.0,0.0,22.886680493953346,48.99468833072944,0.0,0.0,0.0,17.75606343660481,0.0,0.0
91,22.75,R3Z8,170.5858178995707,0.0,0.0,1.2866907944449508,125.84368705556547,-8.881784197001252e-16,0.0,0.0,55.457777988922274,0.0,0.0,0.0,54.56909822525878,0.0,0.0,0.0,13.892455892801134,94.78121309443502,0.0
91,22.75,R3Z9,176.9830046721659,0.0,0.0,11.235555829162529,37.73816019825238,0.0,0.0,0.0,0.0,0.0,0.0,0.0,0.0,0.0,0.0,0.0,28.826881583215943,0.0,0.0
91,22.75,R3Z10,130.37095903015307,0.0,0.0,0.0,34.76418692742414,0.0,0.0,0.0,27.728888994461137,0.0,0.0,45.0,37.941627495230314,0.0,0.0,0.0,31.852110925684578,0.0,0.0
91,22.75,R4Z1,199.59644247817616,0.0,135.0,6.528555484184039,182.5794449301644,5.0082933925741635,0.0,0.0,27.728888994461137,0.0,0.0,0.0,195.45175080695486,0.0,0.0,0.0,0.0,0.0,0.0
91,22.75,R4Z2,184.24604438214843,0.0,135.0,8.039099675092636,58.87769932599742,3.552713678800501e-15,0.0,0.0,27.728888994461137,0.0,0.0,0.0,191.19649050117877,0.0,0.0,0.0,0.0,0.0,0.0
91,22.75,R4Z3,196.37422326259176,0.0,0.0,4.144100767990857,44.59257464103926,2.6645352591003757e-15,0.0,0.0,27.728888994461137,0.0,0.0,0.0,97.72587540347743,0.0,0.0,0.0,0.0,0.0,0.0
92,23.0,R1Z1,127.24749913114087,0.0,135.0,1.643669255445161,199.06265826630818,-4.6629367034256575e-15,0.0,0.0,51.30957520764391,0.0,0.0,0.0,70.1022341811737,0.0,0.0,0.0,0.0,0.0,0.0
92,23.0,R1Z2,161.99088140804437,0.0,135.0,2.49785642869972,123.41372982718262,3.1086244689504383e-15,0.0,0.0,0.0,0.0,0.0,0.0,56.530832996924275,0.0,0.0,0.0,0.0,0.0,0.0
92,23.0,R1Z3,191.73696575483524,0.0,0.0,0.0,36.36576022195726,0.0,0.0,0.0,0.0,0.0,0.0,0.0,0.0,0.0,0.0,0.0,15.614998788098394,0.0,0.0
92,23.0,R1Z4,193.3943496632364,0.0,0.0,0.0,72.79915730333526,0.0,0.0,0.0,0.0,0.0,0.0,0.0,74.38628121889143,0.0,0.0,0.0,31.49995123504617,228.8514478696345,0.0
92,23.0,R1Z5,217.90426839093874,0.0,0.0,0.0,49.48525802284195,0.0,0.0,0.0,51.30957520764391,0.0,0.0,0.0,114.73889108341758,0.0,0.0,0.0,17.746055766819023,0.0,0.0
92,23.0,R1Z6,200.96150009414328,0.0,0.0,0.0,106.28302369785638,0.0,0.0,0.0,25.654787603821955,0.0,0.0,0.0,114.27616252645304,0.0,0.0,0.0,16.366241992360035,0.0,0.0
92,23.0,R1Z7,180.09507137275133,0.0,0.0,1.5369263281970262,16.197243714491595,1.1102230246251565e-15,0.0,0.0,0.0,0.0,0.0,0.0,94.16632470399044,0.0,0.0,0.0,14.666886534669635,116.43557284260963,0.0
92,23.0,R2Z1,124.8585618148421,0.0,135.0,0.0,33.420392165727904,5.090183326207844,97.29831768923431,0.0,51.30957520764391,0.0,0.0,0.0,0.0,80.0,80.0,413.2454357705184,0.0,0.0,0.0
92,23.0,R2Z2,194.14019301858033,0.0,135.0,3.013036749507556,44.19489395638286,-2.6645352591003757e-15,0.0,0.0,25.654787603821955,0.0,0.0,22.953299060820527,91.13175686509989,0.0,0.0,0.0,0.0,0.0,0.0
92,23.0,R2Z3,153.99265627524042,0.0,0.0,13.78477015598925,90.69284672297218,-3.552713678800501e-15,0.0,0.0,51.30957520764391,0.0,0.0,0.0,93.9382746741207,0.0,0.0,0.0,0.0,0.0,0.0
92,23.0,R2Z4,87.88036934749672,0.0,0.0,1.626880205073391,73.96255315361844,-2.4424906541753444e-15,0.0,0.0,25.654787603821955,0.0,0.0,0.0,90.06382186349248,0.0,0.0,0.0,0.0,0.0,0.0
92,23.0,R2Z5,137.59790139620952,0.0,0.0,11.033481518747408,131.06987408346623,8.881784197001252e-15,0.0,0.0,0.0,0.0,0.0,0.0,91.43082242708957,0.0,0.0,0.0,0.0,0.0,0.0
92,23.0,R3Z1,148.12040650103836,0.0,135.0,0.0,70.03214120756644,0.0,0.0,0.0,25.654787603821955,0.0,0.0,0.0,0.0,0.0,0.0,0.0,0.0,0.0,0.0
92,23.0,R3Z2,111.96675291706099,0.0,0.0,0.0,7.120666243644882,0.0,0.0,0.0,51.30957520764391,0.0,0.0,45.0,71.87612673418202,0.0,0.0,0.0,0.0,0.0,0.0
92,23.0,R3Z3,136.30303074962814,0.0,0.0,0.0,60.2274099392121,0.0,0.0,7.935186935813846,51.30957520764391,0.0,0.0,0.0,0.0,0.0,0.0,0.0,0.0,0.0,0.0
92,23.0,R3Z4,122.6556214058002,0.0,0.0,0.0,77.36820393470873,0.0,0.0,0.0,25.654787603821955,0.0,0.0,45.0,76.07003755572097,0.0,0.0,0.0,0.0,0.0,0.0
92,23.0,R3Z5,144.28295752098612,0.0,0.0,0.04507716842036302,91.41158828596424,4.447830992404533e-15,0.0,0.0,0.0,0.0,0.0,0.0,0.0,0.0,0.0,0.0,35.251077401228265,0.0,0.0
92,23.0,R3Z6,157.03571958581878,0.0,0.0,14.635294696073288,76.28233747004103,5.329070518200751e-15,0.0,0.0,0.0,0.0,0.0,0.0,0.0,0.0,0.0,0.0,12.788940105353065,70.90436197972465,0.0
92,23.0,R3Z7,212.5697327734674,0.0,0.0,0.0,0.0,0.0,0.0,0.0,0.0,0.0,0.0,0.0,48.927062745886914,0.0,0.0,0.0,17.311612847197605,0.0,0.0
92,23.0,R3Z8,179.60416901654833,0.0,0.0,1.3581433724866656,150.3871372132572,-4.218847493575595e-15,0.0,0.0,51.30957520764391,0.0,0.0,0.0,54.49377848535347,0.0,0.0,0.0,14.62690759963743,0.0,0.0
92,23.0,R3Z9,166.957022622303,0.0,0.0,0.0,10.348366166402814,0.0,0.0,0.0,0.0,0.0,0.0,0.0,0.0,0.0,0.0,0.0,27.193855870706383,0.0,0.0
92,23.0,R3Z10,115.83620409316183,0.0,0.0,0.0,27.5237445181049,0.0,0.0,0.0,25.654787603821955,0.0,0.0,0.0,37.8892580479155,0.0,0.0,0.0,28.30099317695643,137.672736782743,0.0
92,23.0,R4Z1,186.25563577934795,0.0,135.0,0.0,155.89226485871947,0.0,0.0,0.0,25.654787603821955,0.0,0.0,0.0,195.18197586997408,0.0,0.0,0.0,0.0,0.0,0.0
92,23.0,R4Z2,218.73415258363573,0.0,135.0,12.525977396386331,32.71681331960566,0.0,0.0,0.0,25.654787603821955,0.0,0.0,82.79526474889333,169.5728921812804,0.0,0.0,0.0,0.0,0.0,0.0
92,23.0,R4Z3,220.16013932365152,0.0,0.0,2.2738364958266715,88.10649686625953,3.552713678800501e-15,0.0,0.0,25.654787603821955,0.0,0.0,0.0,97.59098793498704,0.0,0.0,0.0,0.0,0.0,0.0
93,23.25,R1Z1,123.04017594381124,0.0,135.0,0.0,148.53108472829578,0.0,0.0,0.0,69.71999437693155,0.0,0.0,0.0,70.00547461913162,0.0,0.0,0.0,0.0,0.0,0.0
93,23.25,R1Z2,148.253686993433,0.0,135.0,0.0,114.18749123163501,0.0,0.0,0.0,0.0,0.0,0.0,0.0,56.452805545922935,0.0,0.0,0.0,0.0,0.0,0.0
93,23.25,R1Z3,194.69144198265957,0.0,0.0,0.0,38.19412201643911,0.0,0.0,0.0,0.0,0.0,0.0,0.0,0.0,0.0,0.0,0.0,15.855610412128849,0.0,0.0
93,23.25,R1Z4,216.0234855034451,0.0,0.0,0.0,95.14315243799196,0.0,0.0,0.0,0.0,0.0,0.0,0.0,74.2836085426672,0.0,0.0,0.0,35.18577078819785,0.0,0.0
93,23.25,R1Z5,204.063447559803,0.0,0.0,0.0,41.31540022603451,0.0,0.0,0.0,69.71999437693155,0.0,0.0,0.0,114.5805211686766,0.0,0.0,0.0,16.618863628080273,182.18331294585613,0.0
93,23.25,R1Z6,182.2093396859006,0.0,0.0,2.6650268494547333,175.73468004942637,-3.552713678800501e-15,0.0,0.0,34.859997188465776,0.0,0.0,0.0,114.1184312990954,0.0,0.0,0.0,14.839071887752537,0.0,0.0
93,23.25,R1Z7,148.27202262296774,0.0,0.0,0.0,27.59023904795937,0.0,0.0,0.0,0.0,0.0,0.0,0.0,94.036350353759,0.0,0.0,0.0,12.075227353534734,0.0,0.0
93,23.25,R2Z1,114.72547916245112,0.0,135.0,16.34707142091247,173.27885719239603,0.0,0.0,0.0,69.71999437693155,0.0,0.0,0.0,0.0,80.0,80.0,410.3182273868049,0.0,0.0,0.0
93,23.25,R2Z2,171.156329233957,0.0,135.0,0.0,0.0,3.9364604736790643,30.69921570194993,0.0,34.859997188465776,0.0,0.0,45.0,79.39677624998492,0.0,0.0,0.0,0.0,0.0,0.0
93,23.25,R2Z3,173.93193699906223,0.0,0.0,0.0,18.593191319072375,14.747385517266476,41.99678614068397,0.0,69.71999437693155,0.0,0.0,45.0,82.19942032463427,0.0,0.0,0.0,0.0,0.0,0.0
93,23.25,R2Z4,90.10828853815386,0.0,0.0,0.0,0.0,2.6932910178104144,49.61601067708499,0.0,34.859997188465776,0.0,0.0,40.03229507462663,79.6118942586451,0.0,0.0,0.0,0.0,0.0,0.0
93,23.25,R2Z5,127.4445205684025,0.0,0.0,0.0,0.0,11.492678773393129,86.35778342106596,0.0,0.0,0.0,0.0,0.0,91.30462379107566,0.0,0.0,0.0,0.0,0.0,0.0
93,23.25,R3Z1,157.7439447574789,0.0,135.0,0.0,77.09101442155591,0.0,0.0,0.0,34.859997188465776,0.0,0.0,0.0,0.0,0.0,0.0,0.0,0.0,0.0,0.0
93,23.25,R3Z2,103.94160763216325,0.0,0.0,0.0,23.483599511613306,0.0,34.35302703788483,0.0,69.71999437693155,0.0,0.0,0.0,71.77691873282066,0.0,0.0,0.0,0.0,0.0,0.0
93,23.25,R3Z3,121.6399607696286,0.0,0.0,0.0,62.65798013631544,0.0,0.0,0.0,69.71999437693155,0.0,0.0,0.0,0.0,0.0,0.0,0.0,0.0,0.0,0.0
93,23.25,R3Z4,125.66037500957977,0.0,0.0,0.0,39.06668505030189,0.0,0.0,0.0,34.859997188465776,0.0,0.0,45.0,64.35584608350564,0.0,0.0,0.0,6.733692770812127,0.0,0.0
93,23.25,R3Z5,152.4086283206087,0.0,0.0,2.8918464436918185,10.762777758628665,0.0,0.0,0.0,0.0,0.0,0.0,0.0,0.0,0.0,0.0,0.0,37.23633370048824,0.0,0.0
93,23.25,R3Z6,157.69694541299728,0.0,0.0,0.0,77.99216392917953,0.0,0.0,0.0,0.0,0.0,0.0,0.0,0.0,0.0,0.0,0.0,12.842790130826263,0.0,0.0
93,23.25,R3Z7,228.09026933954448,0.0,0.0,0.0,31.986760095825275,0.0,0.0,0.0,0.0,0.0,0.0,0.0,48.859530502177506,0.0,0.0,0.0,18.575600512360804,327.41379411832986,0.0
93,23.25,R3Z8,195.74366827972958,0.0,0.0,0.0,58.86732802102652,0.0,0.0,0.0,69.71999437693155,0.0,0.0,0.0,54.418562706543426,0.0,0.0,0.0,15.94130339412045,0.0,0.0
93,23.25,R3Z9,152.39735833244433,0.0,0.0,0.0,8.730335614805146,0.0,0.0,0.0,0.0,0.0,0.0,0.0,0.0,0.0,0.0,0.0,24.822386818338433,0.0,0.0
93,23.25,R3Z10,112.39854530192186,0.0,0.0,18.861341337505948,36.490285807868865,0.0,0.0,0.0,34.859997188465776,0.0,0.0,0.0,37.8369608842425,0.0,0.0,0.0,27.461107592330904,0.0,0.0
93,23.25,R4Z1,181.280242874691,0.0,135.0,5.9941039257483055,128.37944055950155,1.3322676295501878e-14,0.0,0.0,34.859997188465776,0.0,0.0,48.211937534374265,182.47475611576394,0.0,0.0,0.0,0.0,0.0,0.0
93,23.25,R4Z2,196.87046254715216,0.0,135.0,0.0,0.0,4.714068962945804,58.61589674959717,0.0,34.859997188465776,0.0,0.0,90.0,146.1204473540219,0.0,0.0,0.0,0.0,0.0,0.0
93,23.25,R4Z3,193.0751616345908,0.0,0.0,0.0,0.13319207886143403,5.344756938221602,65.86921615318792,0.0,34.859997188465776,0.0,0.0,24.577973567972954,91.1156092653498,0.0,0.0,0.0,0.0,0.0,0.0
94,23.5,R1Z1,130.91970577167402,0.0,135.0,1.36556644454879,135.31364223231242,4.440892098500626e-15,0.0,0.0,53.30174293786951,0.0,0.0,0.0,69.9088486107909,0.0,0.0,0.0,0.0,0.0,0.0
94,23.5,R1Z2,166.44281961366144,0.0,135.0,0.14183797392615105,50.527576412211126,1.609823385706477e-15,0.0,0.0,0.0,0.0,0.0,0.0,56.374885793371924,0.0,0.0,0.0,0.0,0.0,0.0
94,23.5,R1Z3,201.78459724145185,0.0,0.0,0.0,37.966311055179894,0.0,0.0,0.0,0.0,0.0,0.0,0.0,0.0,0.0,0.0,0.0,16.433274767741203,147.38501141853075,0.0
94,23.5,R1Z4,157.96689249557485,0.0,0.0,0.0,72.49264205734269,0.0,0.0,0.0,0.0,0.0,0.0,0.0,74.18107758180057,0.0,0.0,0.0,25.729549074350743,59.744701363881404,0.0
94,23.5,R1Z5,205.70125280170976,0.0,0.0,0.0,42.02049085015819,0.0,0.0,0.0,53.30174293786951,0.0,0.0,0.0,114.42236984616409,0.0,0.0,0.0,16.752245977002055,0.0,0.0
94,23.5,R1Z6,207.86723406223376,0.0,0.0,8.227848323444235,120.02635414459398,-1.7763568394002505e-15,0.0,0.0,26.650871468934756,0.0,0.0,0.0,113.96091778240931,0.0,0.0,0.0,16.9286428164168,53.43664548659788,0.0
94,23.5,R1Z7,161.5515784605726,0.0,0.0,0.0,41.3392449270097,0.0,0.0,0.0,0.0,0.0,0.0,0.0,93.90655540239199,0.0,0.0,0.0,13.156710245966789,0.0,0.0
94,23.5,R2Z1,149.18106827313338,0.0,135.0,9.625850747765341,53.51964560156901,-1.7763568394002505e-15,0.0,0.0,53.30174293786951,0.0,0.0,0.0,0.0,80.0,80.0,407.39200867461733,0.0,0.0,0.0
94,23.5,R2Z2,179.67849665097148,0.0,135.0,0.0,0.0,1.3026876478442821,70.73409583037704,0.0,26.650871468934756,0.0,0.0,45.0,67.67799300144685,0.0,0.0,0.0,0.0,0.0,0.0
94,23.5,R2Z3,192.4230402650794,0.0,0.0,0.0,0.0,6.776352554728765,67.18494928187481,0.0,53.30174293786951,0.0,0.0,45.0,70.47676868849929,0.0,0.0,0.0,0.0,0.0,0.0
94,23.5,R2Z4,105.95555152652203,0.0,0.0,0.0,77.91644622830418,3.5545224515069105,13.538524907775155,0.0,26.650871468934756,0.0,0.0,45.0,67.89281409055019,0.0,0.0,0.0,0.0,0.0,0.0
94,23.5,R2Z5,123.72901467554074,0.0,0.0,0.0,0.0,18.259091738662423,86.80960109914618,0.0,0.0,0.0,0.0,45.0,79.56940457403533,0.0,0.0,0.0,0.0,0.0,0.0
94,23.5,R3Z1,152.7190376533801,0.0,135.0,3.2392372738150215,61.68291897634809,-7.105427357601002e-15,0.0,0.0,26.650871468934756,0.0,0.0,0.0,0.0,0.0,0.0,0.0,0.0,0.0,0.0
94,23.5,R3Z2,136.92962770751598,0.0,0.0,18.10449715593753,61.1688805154192,3.552713678800501e-15,0.0,0.0,53.30174293786951,0.0,0.0,0.0,71.6778476646523,0.0,0.0,0.0,0.0,0.0,0.0
94,23.5,R3Z3,110.6179187227183,0.0,0.0,7.36250288390579,171.3251365948076,8.839822837836266,0.0,0.0,53.30174293786951,0.0,0.0,0.0,0.0,0.0,0.0,0.0,0.0,0.0,0.0
94,23.5,R3Z4,95.53842360702576,0.0,0.0,0.0,68.88755213809101,2.4836947287825466,37.70233252334583,0.0,26.650871468934756,0.0,0.0,0.0,64.26701805177994,0.0,0.0,0.0,0.0,0.0,0.0
94,23.5,R3Z5,150.6623755956091,0.0,0.0,1.2067641779442297,58.813468695093256,2.6645352591003757e-15,0.0,0.0,0.0,0.0,0.0,0.0,0.0,0.0,0.0,0.0,36.809690865958636,0.0,0.0
94,23.5,R3Z6,146.36550990368585,0.0,0.0,4.223133862555116,113.21526471751213,6.217248937900877e-15,0.0,0.0,0.0,0.0,0.0,0.0,0.0,0.0,0.0,0.0,11.91996155132554,66.45513056400921,0.0
94,23.5,R3Z7,210.53772200593164,0.0,0.0,0.0,43.01100950712965,0.0,0.0,0.0,0.0,0.0,0.0,0.0,48.79209147076584,0.0,0.0,0.0,17.146126523016147,0.0,0.0
94,23.5,R3Z8,181.08511567472834,0.0,0.0,1.0697965479460834,203.2903794580351,1.0880185641326534e-14,0.0,0.0,53.30174293786951,0.0,0.0,0.0,54.343450745334955,0.0,0.0,0.0,14.747515434343066,0.0,0.0
94,23.5,R3Z9,173.05776427880875,0.0,0.0,14.481390464502311,50.9770115740682,1.7763568394002505e-15,0.0,0.0,0.0,0.0,0.0,0.0,0.0,0.0,0.0,0.0,28.18754087242532,0.0,0.0
94,23.5,R3Z10,126.09493861177904,0.0,0.0,8.068786030664064,20.141175059224416,0.0,0.0,0.0,26.650871468934756,0.0,0.0,0.0,37.78473590444085,0.0,0.0,0.0,30.807397611463728,0.0,0.0
94,23.5,R4Z1,195.92281515017117,0.0,135.0,1.4875833413244095,165.17729059480885,1.2434497875801753e-14,0.0,0.0,26.650871468934756,0.0,0.0,90.0,159.0045033153587,0.0,0.0,0.0,0.0,0.0,0.0
94,23.5,R4Z2,219.25693702047118,0.0,135.0,0.0,0.0,0.0,42.20337913117611,0.0,26.650871468934756,0.0,0.0,90.0,122.7003730826638,0.0,0.0,0.0,0.0,0.0,0.0
94,23.5,R4Z3,187.40600016984774,0.0,0.0,0.0,0.0,2.1860395511539994,123.09166560520394,0.0,26.650871468934756,0.0,0.0,45.0,79.38065093817899,0.0,0.0,0.0,0.0,0.0,0.0
95,23.75,R1Z1,141.53655657011382,0.0,135.0,0.0,146.0062916551032,0.0,0.0,0.0,70.48960668441538,0.0,0.0,0.0,69.81235597181217,0.0,0.0,0.0,0.0,0.0,0.0
95,23.75,R1Z2,154.31383695543062,0.0,135.0,0.0,42.493200149878625,0.0,0.0,0.0,0.0,0.0,0.0,0.0,56.297073590619,0.0,0.0,0.0,0.0,0.0,0.0
95,23.75,R1Z3,183.6316224868711,0.0,0.0,0.28037189328578904,69.44648554180974,3.0531133177191805e-15,0.0,0.0,0.0,0.0,0.0,0.0,0.0,0.0,0.0,0.0,14.954902156193757,0.0,0.0
95,23.75,R1Z4,169.94246912746965,0.0,0.0,0.0,121.0984891747917,0.0,0.0,0.0,0.0,0.0,0.0,0.0,74.07868814068698,0.0,0.0,0.0,27.680123538253785,120.11371931000602,0.0
95,23.75,R1Z5,209.46615999472522,0.0,0.0,0.5878397697260596,52.459237820971616,-1.9984014443252818e-15,0.0,0.0,70.48960668441538,0.0,0.0,0.0,114.26443681416518,0.0,0.0,0.0,17.05885884648602,0.0,0.0
95,23.75,R1Z6,236.16726564211552,0.0,0.0,2.6118460700015618,68.51318742455913,-3.1086244689504383e-15,0.0,0.0,35.24480334220769,0.0,0.0,0.0,113.80362167589662,0.0,0.0,0.0,19.233388576230492,80.42993331503064,0.0
95,23.75,R1Z7,161.56913137140342,0.0,0.0,1.8312041403046493,62.30524312222943,5.995204332975845e-15,0.0,0.0,0.0,0.0,0.0,0.0,93.77693960227165,0.0,0.0,0.0,13.158139749559231,0.0,0.0
95,23.75,R2Z1,132.86817820010057,0.0,135.0,0.0,55.93939040376142,8.604309528926116,129.0605661278727,0.0,70.48960668441538,0.0,0.0,0.0,0.0,80.0,80.0,404.4667792993536,0.0,0.0,0.0
95,23.75,R2Z2,191.4674781553105,0.0,135.0,0.0,34.820715749831706,0.0,0.0,0.0,35.24480334220769,0.0,0.0,45.0,55.975384762850176,0.0,0.0,0.0,0.0,0.0,0.0
95,23.75,R2Z3,179.36964766518773,0.0,0.0,0.0,0.0,10.343537960678125,63.30711043678102,0.0,70.48960668441538,0.0,0.0,45.0,58.77029740170027,0.0,0.0,0.0,0.0,0.0,0.0
95,23.75,R2Z4,102.58726931018195,0.0,0.0,0.0,66.03991432840444,0.0,0.0,0.0,35.24480334220769,0.0,0.0,45.0,56.18990934222395,0.0,0.0,0.0,0.0,0.0,0.0
95,23.75,R2Z5,143.3675842273686,0.0,0.0,0.0,0.0,1.7518879747145368,111.1342751043457,0.0,0.0,0.0,0.0,45.0,67.85038305290543,0.0,0.0,0.0,0.0,0.0,0.0
95,23.75,R3Z1,133.20290368234618,0.0,135.0,0.0,77.62868550956635,0.0,0.0,0.0,35.24480334220769,0.0,0.0,0.0,0.0,0.0,0.0,0.0,0.0,0.0,0.0
95,23.75,R3Z2,147.05408626268024,0.0,0.0,0.0,33.63188772169287,7.840487395578835,3.3080574417855644,0.0,70.48960668441538,0.0,0.0,42.932591856571996,60.50307287899316,0.0,0.0,0.0,0.0,0.0,0.0
95,23.75,R3Z3,138.5556326319666,0.0,0.0,0.0,68.06602594755122,0.0,52.85575962757294,0.0,70.48960668441538,0.0,0.0,0.0,0.0,0.0,0.0,0.0,0.0,0.0,0.0
95,23.75,R3Z4,108.45209050038052,0.0,0.0,0.0,48.43422856227642,0.0,0.0,0.0,35.24480334220769,0.0,0.0,24.773058595896416,57.78730679839763,0.0,0.0,0.0,0.0,0.0,0.0
95,23.75,R3Z5,151.03087678838116,0.0,0.0,7.0126994287338675,94.31370502074385,6.217248937900877e-15,0.0,0.0,0.0,0.0,0.0,0.0,0.0,0.0,0.0,0.0,36.899722733145474,0.0,0.0
95,23.75,R3Z6,130.45875585549948,0.0,0.0,0.0,105.31749594655692,0.0,0.0,0.0,0.0,0.0,0.0,0.0,0.0,0.0,0.0,0.0,10.624520454679597,0.0,0.0
95,23.75,R3Z7,169.71835181336417,0.0,0.0,4.78258792122962,33.71174902209706,-1.7763568394002505e-15,0.0,0.0,0.0,0.0,0.0,0.0,48.724745522994375,0.0,0.0,0.0,13.821809724851697,0.0,0.0
95,23.75,R3Z8,199.9845850015996,0.0,0.0,6.1913412214708075,115.65052818075475,4.440892098500626e-15,0.0,0.0,70.48960668441538,0.0,0.0,0.0,54.26844245843237,0.0,0.0,0.0,16.28668233141469,0.0,0.0
95,23.75,R3Z9,176.7769562723797,0.0,0.0,0.0,57.593823668764834,0.0,0.0,0.0,0.0,0.0,0.0,0.0,0.0,0.0,0.0,0.0,28.79332054817729,34.485388792707866,0.0
95,23.75,R3Z10,103.87410361946726,0.0,0.0,0.0,51.96615221873296,0.0,0.0,0.0,35.24480334220769,0.0,0.0,0.0,37.73258300887777,0.0,0.0,0.0,25.378423963484746,0.0,0.0
95,23.75,R4Z1,192.47899053568423,0.0,135.0,0.0,66.03413281765629,0.4616327646156471,138.16204301275408,0.0,35.24480334220769,0.0,0.0,90.0,135.5666456505509,0.0,0.0,0.0,0.0,0.0,0.0
95,23.75,R4Z2,182.3187239287524,0.0,135.0,0.0,45.62518862254482,0.0,0.0,0.0,35.24480334220769,0.0,0.0,90.0,99.31262468730604,0.0,0.0,0.0,0.0,0.0,0.0
95,23.75,R4Z3,190.9726024851697,0.0,0.0,0.0,0.0,4.246517920904591,106.3023059015997,0.0,35.24480334220769,0.0,0.0,45.0,67.66188994682183,0.0,0.0,0.0,0.0,0.0,0.0
